# Force         
# CofR          : (6.34500000e-02 0.00000000e+00 4.00000000e-03)
#
# Time          	total_x total_y total_z	pressure_x pressure_y pressure_z	viscous_x viscous_y viscous_z
0.8752648        6.37998188e-02 3.21213947e-05 -1.17573515e-01 6.57228534e-02 2.92649992e-05 -1.16073502e-01 -1.92303460e-03 2.85639554e-06 -1.50001297e-03
0.8755215        1.65707755e-02 2.28522548e-05 -4.21801484e-02 1.84956775e-02 1.99897207e-05 -4.06704636e-02 -1.92490199e-03 2.86253406e-06 -1.50968477e-03
0.8757755        -5.65956630e-02 -9.64499637e-06 7.47993143e-02 -5.46575947e-02 -1.25137852e-05 7.62943103e-02 -1.93806835e-03 2.86878884e-06 -1.49499604e-03
0.8760354        -4.75299717e-02 3.40767473e-05 6.04850335e-02 -4.55830187e-02 3.11624228e-05 6.19724429e-02 -1.94695304e-03 2.91432449e-06 -1.48740942e-03
0.8762997        2.09695531e-02 1.84493635e-05 -5.11833725e-02 2.29181736e-02 1.55042576e-05 -4.96739362e-02 -1.94862051e-03 2.94510590e-06 -1.50943627e-03
0.8765596        5.03876909e-02 2.20105091e-05 -1.00729467e-01 5.23406653e-02 1.90417883e-05 -9.91874594e-02 -1.95297443e-03 2.96872076e-06 -1.54200759e-03
0.8768115        1.11799142e-02 8.40066837e-06 -3.25221851e-02 1.31330480e-02 5.42483396e-06 -3.09741723e-02 -1.95313381e-03 2.97583442e-06 -1.54801276e-03
0.8770619        -2.64113816e-02 -1.23171314e-05 3.54943997e-02 -2.44680598e-02 -1.52912320e-05 3.70251394e-02 -1.94332184e-03 2.97410062e-06 -1.53073969e-03
0.8773164        -1.27106444e-02 7.65880468e-05 1.10490352e-02 -1.07739230e-02 7.35488539e-05 1.25748897e-02 -1.93672131e-03 3.03919291e-06 -1.52585450e-03
0.8775726        2.72995115e-02 4.09953912e-05 -6.33721097e-02 2.92455612e-02 3.79249570e-05 -6.18206174e-02 -1.94604971e-03 3.07043421e-06 -1.55149230e-03
0.8778234        4.26947866e-02 3.27454928e-05 -9.21837909e-02 4.46562899e-02 2.96448305e-05 -9.05990984e-02 -1.96150329e-03 3.10066226e-06 -1.58469255e-03
0.8780673        8.80202459e-03 1.38228625e-05 -2.93491758e-02 1.07656401e-02 1.07022483e-05 -2.77595582e-02 -1.96361553e-03 3.12061413e-06 -1.58961763e-03
0.8783097        -2.46788513e-02 2.71917872e-05 3.29740903e-02 -2.27261360e-02 2.40390735e-05 3.45461087e-02 -1.95271533e-03 3.15271364e-06 -1.57201836e-03
0.878556         -1.18091942e-02 2.42913750e-05 9.42790265e-03 -9.86281595e-03 2.11117301e-05 1.09948496e-02 -1.94637820e-03 3.17964492e-06 -1.56694700e-03
0.8788034        2.22962425e-02 1.33009356e-05 -5.29497084e-02 2.42489392e-02 1.01146721e-05 -5.13633041e-02 -1.95269675e-03 3.18626347e-06 -1.58640428e-03
0.8790468        4.09705858e-02 4.08944406e-05 -8.58319545e-02 4.29336995e-02 3.76855180e-05 -8.42179079e-02 -1.96311367e-03 3.20892258e-06 -1.61404653e-03
0.8792839        6.16669815e-03 4.21793268e-06 -2.64685614e-02 8.13519308e-03 1.00914736e-06 -2.48487376e-02 -1.96849493e-03 3.20878532e-06 -1.61982382e-03
0.8795197        -4.35618478e-02 1.01873470e-05 5.72205283e-02 -4.15921077e-02 6.96711994e-06 5.88235796e-02 -1.96974011e-03 3.22022703e-06 -1.60305135e-03
0.8797602        -4.13579275e-02 -1.73077431e-07 5.29693884e-02 -3.93869907e-02 -3.40176352e-06 5.45611772e-02 -1.97093675e-03 3.22868609e-06 -1.59178881e-03
0.8800041        5.85887481e-02 4.48463443e-05 -1.08278266e-01 6.05562997e-02 4.16061117e-05 -1.06655698e-01 -1.96755155e-03 3.24023264e-06 -1.62256874e-03
0.8802412        1.36401380e-01 5.85678313e-05 -2.34501689e-01 1.38366888e-01 5.53087495e-05 -2.32822412e-01 -1.96550758e-03 3.25908176e-06 -1.67927726e-03
0.8804651        6.95451772e-02 3.12131021e-05 -1.25734364e-01 7.15119653e-02 2.79296993e-05 -1.24035536e-01 -1.96678817e-03 3.28340277e-06 -1.69882763e-03
0.880684         -3.72246869e-02 -3.67734418e-06 4.99405212e-02 -3.52592307e-02 -6.99839348e-06 5.16152288e-02 -1.96545613e-03 3.32104930e-06 -1.67470762e-03
0.8809066        -6.98501280e-02 1.51347050e-05 1.04686396e-01 -6.78906290e-02 1.17753600e-05 1.06328378e-01 -1.95949895e-03 3.35934508e-06 -1.64198205e-03
0.8811356        7.18397731e-03 -3.25868733e-06 -2.33213786e-02 9.14041568e-03 -6.59382674e-06 -2.16729388e-02 -1.95643837e-03 3.33513942e-06 -1.64843985e-03
0.8813633        9.51857614e-02 3.77782983e-05 -1.69218204e-01 9.71457759e-02 3.44564972e-05 -1.67525551e-01 -1.96001446e-03 3.32180112e-06 -1.69265282e-03
0.8815818        1.02222168e-01 2.67072117e-05 -1.80410530e-01 1.04187030e-01 2.34028108e-05 -1.78679866e-01 -1.96486161e-03 3.30440094e-06 -1.73066448e-03
0.8817921        2.38432972e-02 1.45549652e-05 -5.27593289e-02 2.58134314e-02 1.12466467e-05 -5.10255678e-02 -1.97013426e-03 3.30831849e-06 -1.73376107e-03
0.882001         -5.55542512e-02 -3.48098388e-05 7.48013969e-02 -5.35789220e-02 -3.81314705e-05 7.65125428e-02 -1.97532924e-03 3.32163175e-06 -1.71114595e-03
0.882214         -4.64099315e-02 -1.67213702e-05 5.95913005e-02 -4.44306746e-02 -2.00428534e-05 6.12889675e-02 -1.97925686e-03 3.32148318e-06 -1.69766696e-03
0.8824301        3.99534683e-02 -3.35127480e-05 -7.56817677e-02 4.19285018e-02 -3.68020875e-05 -7.39680450e-02 -1.97503345e-03 3.28933950e-06 -1.71372275e-03
0.8826427        1.25655047e-01 2.17626479e-05 -2.09140770e-01 1.27620320e-01 1.85036460e-05 -2.07387951e-01 -1.96527326e-03 3.25900183e-06 -1.75281868e-03
0.8828465        1.10845272e-01 4.05073942e-05 -1.85996866e-01 1.12805718e-01 3.72908311e-05 -1.84217091e-01 -1.96044593e-03 3.21656313e-06 -1.77977542e-03
0.883044         2.42189502e-02 -2.12964910e-06 -5.12333009e-02 2.61829899e-02 -5.31741095e-06 -4.94544450e-02 -1.96403969e-03 3.18776185e-06 -1.77885586e-03
0.8832406        -6.17220117e-02 2.49624310e-05 8.28800683e-02 -5.97491905e-02 2.17666200e-05 8.46362410e-02 -1.97282122e-03 3.19581094e-06 -1.75617275e-03
0.8834412        -5.93260812e-02 2.98763702e-07 7.99215169e-02 -5.73477643e-02 -2.88762189e-06 8.16605390e-02 -1.97831682e-03 3.18638559e-06 -1.73902207e-03
0.883645         4.73077593e-02 -1.16677075e-06 -8.59605502e-02 4.92816243e-02 -4.30162246e-06 -8.42045190e-02 -1.97386499e-03 3.13485171e-06 -1.75603112e-03
0.8838456        1.64108965e-01 1.35325329e-05 -2.67378606e-01 1.66070871e-01 1.04830779e-05 -2.65575527e-01 -1.96190604e-03 3.04945503e-06 -1.80307837e-03
0.8840369        1.82448250e-01 1.97252211e-05 -2.95478621e-01 1.84400183e-01 1.67779050e-05 -2.93633622e-01 -1.95193291e-03 2.94731605e-06 -1.84499874e-03
0.8842201        7.11508056e-02 1.91468269e-05 -1.24672235e-01 7.31069150e-02 1.62654170e-05 -1.22819092e-01 -1.95610944e-03 2.88140989e-06 -1.85314341e-03
0.884401         -4.84141979e-02 -2.25463685e-05 5.83290752e-02 -4.64431873e-02 -2.53714535e-05 6.01638470e-02 -1.97101067e-03 2.82508507e-06 -1.83477176e-03
0.8845842        -1.12947573e-01 -3.97725138e-05 1.55597498e-01 -1.10956271e-01 -4.25578838e-05 1.57405504e-01 -1.99130248e-03 2.78537005e-06 -1.80800590e-03
0.8847722        -2.21042737e-02 -1.24369965e-05 1.85705455e-02 -2.01079834e-02 -1.51791992e-05 2.03776275e-02 -1.99629030e-03 2.74220270e-06 -1.80708196e-03
0.8849608        1.05626088e-01 3.75689718e-05 -1.72954381e-01 1.07609127e-01 3.48916576e-05 -1.71121148e-01 -1.98303909e-03 2.67731422e-06 -1.83323302e-03
0.8851446        2.19053207e-01 2.16523577e-05 -3.42478270e-01 2.21010573e-01 1.90776039e-05 -3.40600523e-01 -1.95736623e-03 2.57475376e-06 -1.87774748e-03
0.8853197        1.78844726e-01 1.54223860e-05 -2.82765787e-01 1.80788356e-01 1.29570174e-05 -2.80860901e-01 -1.94363014e-03 2.46536868e-06 -1.90488569e-03
0.8854891        5.90656893e-02 -1.74065320e-05 -1.03283020e-01 6.10135016e-02 -1.97939366e-05 -1.01377491e-01 -1.94781229e-03 2.38740455e-06 -1.90552952e-03
0.8856572        -6.08974582e-02 -6.51538710e-05 7.62074177e-02 -5.89318991e-02 -6.74850146e-05 7.80934557e-02 -1.96555901e-03 2.33114354e-06 -1.88603795e-03
0.8858279        -1.15802496e-01 -2.77526623e-05 1.59335832e-01 -1.13816974e-01 -3.00634143e-05 1.61196029e-01 -1.98552181e-03 2.31075199e-06 -1.86019701e-03
0.8860027        -2.32852634e-02 -7.59021480e-06 2.04763568e-02 -2.12942474e-02 -9.88182496e-06 2.23346618e-02 -1.99101602e-03 2.29161016e-06 -1.85830496e-03
0.8861781        9.68050583e-02 -1.78394865e-06 -1.60686383e-01 9.87881302e-02 -4.01349743e-06 -1.58804496e-01 -1.98307193e-03 2.22954878e-06 -1.88188710e-03
0.8863498        2.11694399e-01 4.38395587e-05 -3.34896867e-01 2.13660688e-01 4.16842043e-05 -3.32971190e-01 -1.96628863e-03 2.15535435e-06 -1.92567709e-03
0.8865142        2.01278430e-01 2.71861046e-05 -3.20873674e-01 2.03236064e-01 2.51071297e-05 -3.18913462e-01 -1.95763385e-03 2.07897488e-06 -1.96021198e-03
0.8866732        1.07066147e-01 -1.99074454e-05 -1.74872981e-01 1.09023036e-01 -2.19181091e-05 -1.72904307e-01 -1.95688931e-03 2.01066371e-06 -1.96867447e-03
0.8868299        1.18538514e-02 -2.55160057e-05 -2.77480668e-02 1.38143882e-02 -2.74907677e-05 -2.57913044e-02 -1.96053674e-03 1.97476195e-06 -1.95676240e-03
0.8869873        -6.78908915e-02 -1.45237171e-05 9.65278494e-02 -6.59251983e-02 -1.64862813e-05 9.84572328e-02 -1.96569317e-03 1.96256424e-06 -1.92938338e-03
0.8871474        -4.28218262e-02 -9.14739900e-06 5.85298520e-02 -4.08557716e-02 -1.10819953e-05 6.04420638e-02 -1.96605468e-03 1.93459628e-06 -1.91221181e-03
0.8873237        4.68410209e-02 3.71224385e-05 -8.18434809e-02 4.88033443e-02 3.52212237e-05 -7.99228898e-02 -1.96232338e-03 1.90121488e-06 -1.92059103e-03
0.8875           1.48904764e-01 3.48693443e-05 -2.41718122e-01 1.50860956e-01 3.30362355e-05 -2.39763036e-01 -1.95619204e-03 1.83310880e-06 -1.95508656e-03
0.8876562        2.45533067e-01 5.12005781e-05 -3.90314014e-01 2.47480547e-01 4.94253125e-05 -3.88312327e-01 -1.94748060e-03 1.77526561e-06 -2.00168713e-03
0.8878064        1.82436868e-01 3.66138467e-05 -2.92189503e-01 1.84382053e-01 3.48844856e-05 -2.90163591e-01 -1.94518480e-03 1.72936110e-06 -2.02591191e-03
0.8879529        7.77412065e-02 4.99590565e-05 -1.32702570e-01 7.96929890e-02 4.82360273e-05 -1.30674402e-01 -1.95178245e-03 1.72302927e-06 -2.02816783e-03
0.8880984        -2.58891124e-02 -1.25810492e-05 2.49917394e-02 -2.39243454e-02 -1.43041827e-05 2.70046778e-02 -1.96476696e-03 1.72313358e-06 -2.01293844e-03
0.8882451        -1.15913458e-01 -3.63368094e-05 1.60374778e-01 -1.13929459e-01 -3.80579764e-05 1.62360814e-01 -1.98399875e-03 1.72116701e-06 -1.98603600e-03
0.8883947        -7.64442815e-02 -6.13053121e-05 9.96374400e-02 -7.44465067e-02 -6.29910402e-05 1.01610059e-01 -1.99777482e-03 1.68572810e-06 -1.97261883e-03
0.8885463        3.69939626e-02 -1.14571472e-05 -6.85502365e-02 3.89899201e-02 -1.30984110e-05 -6.65707765e-02 -1.99595753e-03 1.64126373e-06 -1.97945997e-03
0.8886971        1.57462580e-01 -2.59032052e-05 -2.47816825e-01 1.59443075e-01 -2.74713004e-05 -2.45813002e-01 -1.98049544e-03 1.56809515e-06 -2.00382277e-03
0.8888446        2.71786700e-01 9.12674262e-05 -4.18679211e-01 2.73741448e-01 8.97287710e-05 -4.16637689e-01 -1.95474822e-03 1.53865528e-06 -2.04152197e-03
0.8889867        2.58136420e-01 1.31213029e-04 -3.97656247e-01 2.60072415e-01 1.29667789e-04 -3.95586641e-01 -1.93599583e-03 1.54523930e-06 -2.06960628e-03
0.8891248        1.50470731e-01 6.09430504e-05 -2.38389730e-01 1.52403611e-01 5.93858767e-05 -2.36311949e-01 -1.93288001e-03 1.55717368e-06 -2.07778076e-03
0.889261         3.97375919e-02 -1.93836728e-05 -7.34240057e-02 4.16792994e-02 -2.09383849e-05 -7.13532766e-02 -1.94170752e-03 1.55471215e-06 -2.07072908e-03
0.8893972        -6.91690119e-02 -4.42599266e-05 8.85615565e-02 -6.72084086e-02 -4.58229492e-05 9.06124237e-02 -1.96060337e-03 1.56302256e-06 -2.05086713e-03
0.8895353        -1.35162161e-01 -1.08766158e-04 1.88032955e-01 -1.33179342e-01 -1.10303442e-04 1.90057808e-01 -1.98281885e-03 1.53728324e-06 -2.02485315e-03
0.8896762        -4.69597569e-02 -5.90925701e-05 5.66590685e-02 -4.49678781e-02 -6.06178194e-05 5.86759707e-02 -1.99187875e-03 1.52524930e-06 -2.01690214e-03
0.8898182        7.81938745e-02 -2.45578524e-04 -1.30913956e-01 8.01809774e-02 -2.46986488e-04 -1.28884456e-01 -1.98710284e-03 1.40796385e-06 -2.02950048e-03
0.8899589        2.07936264e-01 3.49655519e-05 -3.25324053e-01 2.09906662e-01 3.35856422e-05 -3.23264085e-01 -1.97039807e-03 1.37990969e-06 -2.05996759e-03
0.8900961        3.30090278e-01 2.18771908e-04 -5.08176627e-01 3.32035377e-01 2.17361541e-04 -5.06072541e-01 -1.94509890e-03 1.41036665e-06 -2.10408571e-03
0.8902282        3.11259170e-01 -2.51553029e-05 -4.80031973e-01 3.13187028e-01 -2.65351339e-05 -4.77894551e-01 -1.92785824e-03 1.37983096e-06 -2.13742143e-03
0.8903564        1.85195001e-01 8.39379464e-06 -2.89941082e-01 1.87120057e-01 7.00752572e-06 -2.87793731e-01 -1.92505540e-03 1.38626892e-06 -2.14735061e-03
0.8904829        6.06731520e-02 -1.54942910e-06 -1.02612420e-01 6.26061087e-02 -2.96137354e-06 -1.00472953e-01 -1.93295675e-03 1.41194444e-06 -2.13946699e-03
0.8906092        -6.64858176e-02 -5.36552161e-05 8.89396046e-02 -6.45361162e-02 -5.50668396e-05 9.10558223e-02 -1.94970135e-03 1.41162357e-06 -2.11621771e-03
0.8907372        -1.57709466e-01 -9.20130837e-05 2.26925393e-01 -1.55738395e-01 -9.34141044e-05 2.29008942e-01 -1.97107095e-03 1.40102074e-06 -2.08354826e-03
0.8908679        -9.45879983e-02 -8.62191941e-05 1.31900917e-01 -9.26050506e-02 -8.76284742e-05 1.33966471e-01 -1.98294772e-03 1.40928010e-06 -2.06555403e-03
0.8910003        1.56347701e-02 -6.56628316e-06 -3.47160453e-02 1.76186432e-02 -7.98826372e-06 -3.26493480e-02 -1.98387316e-03 1.42198056e-06 -2.06669733e-03
0.8911327        1.31817031e-01 4.19292080e-05 -2.10767296e-01 1.33792526e-01 4.04952648e-05 -2.08682450e-01 -1.97549516e-03 1.43394317e-06 -2.08484561e-03
0.8912633        2.51441584e-01 -1.49032017e-05 -3.92222212e-01 2.53400863e-01 -1.63002553e-05 -3.90104172e-01 -1.95927876e-03 1.39705360e-06 -2.11804059e-03
0.8913904        3.04770409e-01 4.37143332e-05 -4.72733696e-01 3.06712834e-01 4.23252993e-05 -4.70580607e-01 -1.94242459e-03 1.38903391e-06 -2.15308904e-03
0.891514         2.33337896e-01 3.46544200e-05 -3.64712227e-01 2.35273181e-01 3.32561847e-05 -3.62540490e-01 -1.93528517e-03 1.39823530e-06 -2.17173736e-03
0.8916352        1.51177886e-01 5.89643718e-05 -2.40100152e-01 1.53113707e-01 5.75281518e-05 -2.37922865e-01 -1.93582094e-03 1.43621994e-06 -2.17728629e-03
0.8917554        6.93978947e-02 -6.42754769e-05 -1.16266338e-01 7.13402146e-02 -6.57303868e-05 -1.14093968e-01 -1.94231992e-03 1.45490996e-06 -2.17237027e-03
0.8918754        -1.29593262e-02 -5.45045191e-05 8.60165935e-03 -1.10054803e-02 -5.59861735e-05 1.07598509e-02 -1.95384589e-03 1.48165440e-06 -2.15819160e-03
0.8919963        -5.88492034e-02 -9.63403661e-05 7.86961058e-02 -5.68827005e-02 -9.78395320e-05 8.08364600e-02 -1.96650283e-03 1.49916590e-06 -2.14035423e-03
0.8921186        -8.59664208e-03 -5.71001122e-05 2.74303731e-03 -6.62391935e-03 -5.86300595e-05 4.87605266e-03 -1.97272272e-03 1.52994734e-06 -2.13301535e-03
0.8922416        5.73200941e-02 4.11834876e-05 -9.81151277e-02 5.92934526e-02 3.96290066e-05 -9.59786512e-02 -1.97335853e-03 1.55448106e-06 -2.13647657e-03
0.8923644        1.27770508e-01 -1.06421693e-05 -2.05274353e-01 1.29739805e-01 -1.21801612e-05 -2.03125026e-01 -1.96929658e-03 1.53799183e-06 -2.14932653e-03
0.8924859        1.98147882e-01 2.95433359e-05 -3.12860803e-01 2.00109347e-01 2.80271236e-05 -3.10690379e-01 -1.96146428e-03 1.51621235e-06 -2.17042412e-03
0.8926052        2.56012575e-01 4.25198865e-05 -4.03346918e-01 2.57965391e-01 4.10115136e-05 -4.01149283e-01 -1.95281615e-03 1.50837283e-06 -2.19763497e-03
0.8927219        2.29220865e-01 2.41730563e-05 -3.63413597e-01 2.31170180e-01 2.26469636e-05 -3.61196488e-01 -1.94931446e-03 1.52609267e-06 -2.21710868e-03
0.8928367        1.62118521e-01 -5.99510429e-06 -2.58099644e-01 1.64068159e-01 -7.55283241e-06 -2.55875667e-01 -1.94963807e-03 1.55772813e-06 -2.22397710e-03
0.8929503        9.59091689e-02 -4.06386956e-05 -1.54178235e-01 9.78615767e-02 -4.22407881e-05 -1.51957558e-01 -1.95240783e-03 1.60209250e-06 -2.22067713e-03
0.8930637        3.02677934e-02 2.21273907e-06 -5.13548903e-02 3.22246906e-02 5.44397943e-07 -4.91463809e-02 -1.95689713e-03 1.66834113e-06 -2.20850946e-03
0.8931775        -3.47015936e-02 -8.12909726e-05 5.00212730e-02 -3.27389485e-02 -8.29989133e-05 5.22095784e-02 -1.96264510e-03 1.70794070e-06 -2.18830546e-03
0.8932924        -4.18156907e-02 -5.77098827e-05 6.20446199e-02 -3.98489611e-02 -5.94629628e-05 6.42144853e-02 -1.96672961e-03 1.75308013e-06 -2.16986540e-03
0.8934086        1.95739331e-02 -3.20847003e-05 -3.33565259e-02 2.15406352e-02 -3.38522923e-05 -3.11930401e-02 -1.96670209e-03 1.76759198e-06 -2.16348590e-03
0.893525         8.69589419e-02 -2.97964370e-05 -1.37960592e-01 8.89225582e-02 -3.15559880e-05 -1.35792636e-01 -1.96361635e-03 1.75955093e-06 -2.16795664e-03
0.893641         1.55699710e-01 -8.61159835e-05 -2.46224781e-01 1.57658151e-01 -8.78402943e-05 -2.44042510e-01 -1.95844076e-03 1.72431082e-06 -2.18227166e-03
0.8937558        2.28080202e-01 5.01461596e-05 -3.60892230e-01 2.30031986e-01 4.84272873e-05 -3.58686545e-01 -1.95178482e-03 1.71887229e-06 -2.20568532e-03
0.8938686        2.73296254e-01 9.09499320e-05 -4.30451034e-01 2.75240154e-01 8.92255699e-05 -4.28219455e-01 -1.94390015e-03 1.72436203e-06 -2.23157889e-03
0.8939791        2.31739986e-01 2.21033749e-05 -3.65002386e-01 2.33679888e-01 2.03737903e-05 -3.62755318e-01 -1.93990141e-03 1.72958456e-06 -2.24706787e-03
0.8940881        1.69434133e-01 1.84541488e-04 -2.68564663e-01 1.71374853e-01 1.82719792e-04 -2.66311578e-01 -1.94071961e-03 1.82169605e-06 -2.25308495e-03
0.894196         1.08755734e-01 7.52484978e-05 -1.76369642e-01 1.10701071e-01 7.33503582e-05 -1.74117976e-01 -1.94533679e-03 1.89813958e-06 -2.25166576e-03
0.8943038        4.76383288e-02 -7.31275774e-05 -8.14358017e-02 4.95912446e-02 -7.50579047e-05 -7.91922514e-02 -1.95291586e-03 1.93032722e-06 -2.24355029e-03
0.8944117        -1.28649094e-02 -1.13304120e-04 1.25301996e-02 -1.09017443e-02 -1.15250034e-04 1.47596377e-02 -1.96316511e-03 1.94591395e-06 -2.22943806e-03
0.8945205        -2.77231232e-02 -6.23386926e-05 3.40535183e-02 -2.57490564e-02 -6.43112307e-05 3.62707367e-02 -1.97406679e-03 1.97253802e-06 -2.21721842e-03
0.8946301        2.30932607e-02 -1.46193800e-04 -4.43169203e-02 2.50726208e-02 -1.48153311e-04 -4.21035841e-02 -1.97936017e-03 1.95951148e-06 -2.21333619e-03
0.8947401        8.27953895e-02 8.20808800e-06 -1.34781622e-01 8.47742583e-02 6.23799376e-06 -1.32565265e-01 -1.97886880e-03 1.97009424e-06 -2.21635602e-03
0.8948498        1.42566879e-01 1.20204567e-05 -2.24879974e-01 1.44540186e-01 1.00485680e-05 -2.22654788e-01 -1.97330694e-03 1.97188866e-06 -2.22518576e-03
0.8949586        2.04271876e-01 2.45149538e-05 -3.18915623e-01 2.06235184e-01 2.25467020e-05 -3.16676349e-01 -1.96330798e-03 1.96825186e-06 -2.23927400e-03
0.8950661        2.63894100e-01 4.36824796e-05 -4.10014438e-01 2.65843928e-01 4.17224009e-05 -4.07756485e-01 -1.94982829e-03 1.96007872e-06 -2.25795348e-03
0.8951719        2.66579434e-01 2.43220502e-05 -4.14677882e-01 2.68518581e-01 2.23628178e-05 -4.12403667e-01 -1.93914688e-03 1.95923239e-06 -2.27421474e-03
0.8952761        2.06764450e-01 -5.15621692e-05 -3.21780044e-01 2.08699264e-01 -5.35216180e-05 -3.19498896e-01 -1.93481353e-03 1.95944881e-06 -2.28114781e-03
0.8953793        1.44178309e-01 4.27969379e-05 -2.26355774e-01 1.46113912e-01 4.07965000e-05 -2.24075030e-01 -1.93560270e-03 2.00043799e-06 -2.28074471e-03
0.8954821        8.03936977e-02 -5.06335865e-05 -1.26909072e-01 8.23341943e-02 -5.26569810e-05 -1.24635134e-01 -1.94049657e-03 2.02339448e-06 -2.27393752e-03
0.8955848        1.61762014e-02 -4.36922630e-05 -2.87593980e-02 1.81254150e-02 -4.57422108e-05 -2.64978962e-02 -1.94921361e-03 2.04994771e-06 -2.26150182e-03
0.8956881        -4.94227715e-02 -7.68745825e-05 7.22231082e-02 -4.74617314e-02 -7.89357672e-05 7.44664999e-02 -1.96104008e-03 2.06118466e-06 -2.24339167e-03
0.8957924        -5.64663411e-02 -1.30070648e-04 8.68357992e-02 -5.44962590e-02 -1.32149550e-04 8.90620093e-02 -1.97008206e-03 2.07890203e-06 -2.22621013e-03
0.8958978        1.63396343e-02 -2.17509062e-05 -2.74438016e-02 1.83127101e-02 -2.38565130e-05 -2.52233981e-02 -1.97307579e-03 2.10560673e-06 -2.22040353e-03
0.8960035        9.52601679e-02 5.31149004e-06 -1.51726196e-01 9.72312712e-02 3.18332053e-06 -1.49501339e-01 -1.97110333e-03 2.12816951e-06 -2.22485697e-03
0.8961089        1.75262876e-01 -1.67481001e-06 -2.77508992e-01 1.77227820e-01 -3.81268490e-06 -2.75270553e-01 -1.96494414e-03 2.13787490e-06 -2.23843989e-03
0.8962135        2.55124753e-01 -1.90366528e-04 -4.01728225e-01 2.57079912e-01 -1.92461996e-04 -3.99468117e-01 -1.95515936e-03 2.09546739e-06 -2.26010802e-03
0.8963165        3.33799641e-01 1.85595771e-04 -5.26304078e-01 3.35742477e-01 1.83458251e-04 -5.24015195e-01 -1.94283619e-03 2.13752009e-06 -2.28888317e-03
0.8964176        3.32665494e-01 7.62974508e-05 -5.26317169e-01 3.34599438e-01 7.41400444e-05 -5.24003788e-01 -1.93394329e-03 2.15740633e-06 -2.31338083e-03
0.8965169        2.56260230e-01 3.19582700e-06 -4.05534002e-01 2.58191297e-01 1.00209721e-06 -4.03209003e-01 -1.93106676e-03 2.19372980e-06 -2.32499945e-03
0.8966152        1.77286846e-01 -7.24058173e-05 -2.79713378e-01 1.79219411e-01 -7.46328542e-05 -2.77387219e-01 -1.93256449e-03 2.22703694e-06 -2.32615931e-03
0.8967129        9.53037993e-02 -9.13378829e-05 -1.50055078e-01 9.72414709e-02 -9.35973617e-05 -1.47736781e-01 -1.93767156e-03 2.25947876e-06 -2.31829710e-03
0.8968107        1.28142451e-02 1.92093863e-05 -1.83746923e-02 1.47600211e-02 1.68981544e-05 -1.60725847e-02 -1.94577601e-03 2.31123193e-06 -2.30210762e-03
0.896909         -6.47943886e-02 5.69299354e-06 1.05734738e-01 -6.28382211e-02 3.34228198e-06 1.08013120e-01 -1.95616749e-03 2.35071156e-06 -2.27838241e-03
0.8970084        -6.82747231e-02 -1.26408095e-04 1.12334512e-01 -6.63108134e-02 -1.28781347e-04 1.14591441e-01 -1.96390966e-03 2.37325142e-06 -2.25692852e-03
0.8971089        -6.20103334e-03 -5.34973805e-05 1.29568012e-02 -4.23395130e-03 -5.58972786e-05 1.52028771e-02 -1.96708205e-03 2.39989808e-06 -2.24607588e-03
0.8972099        6.11422317e-02 9.76674686e-05 -9.98933790e-02 6.31096387e-02 9.52136186e-05 -9.76484076e-02 -1.96740696e-03 2.45385002e-06 -2.24497138e-03
0.897311         1.27304120e-01 1.31008324e-04 -2.03081962e-01 1.29268939e-01 1.28502360e-04 -2.00830112e-01 -1.96481953e-03 2.50596401e-06 -2.25185028e-03
0.8974117        1.95568555e-01 3.57504737e-04 -3.14610041e-01 1.97528809e-01 3.54898379e-04 -3.12343501e-01 -1.96025359e-03 2.60635852e-06 -2.26654003e-03
0.8975114        2.64045982e-01 -5.22566745e-05 -4.27090139e-01 2.66000158e-01 -5.48590078e-05 -4.24801723e-01 -1.95417636e-03 2.60233336e-06 -2.28841546e-03
0.8976097        2.90826167e-01 4.23353365e-05 -4.69498154e-01 2.92775500e-01 3.97013822e-05 -4.67187156e-01 -1.94933286e-03 2.63395432e-06 -2.31099790e-03
0.8977067        2.45754143e-01 -6.21210588e-04 -3.98396154e-01 2.47702488e-01 -6.23693619e-04 -3.96071522e-01 -1.94834539e-03 2.48303077e-06 -2.32463240e-03
0.8978026        1.96574183e-01 1.10937878e-04 -3.17063678e-01 1.98523427e-01 1.08364671e-04 -3.14733389e-01 -1.94924338e-03 2.57320653e-06 -2.33028823e-03
0.8978978        1.47377148e-01 1.68697372e-04 -2.38034115e-01 1.49328737e-01 1.66008157e-04 -2.35704650e-01 -1.95158886e-03 2.68921464e-06 -2.32946468e-03
0.8979928        9.66539844e-02 -4.17018612e-05 -1.52060467e-01 9.86085646e-02 -4.44497390e-05 -1.49738035e-01 -1.95458013e-03 2.74787777e-06 -2.32243231e-03
0.8980879        4.61127508e-02 -4.35705561e-05 -6.79749018e-02 4.80708377e-02 -4.63690919e-05 -6.56651526e-02 -1.95808688e-03 2.79853575e-06 -2.30974922e-03
0.8981834        2.94489781e-03 -4.69735328e-05 3.75097988e-03 4.90652527e-03 -4.98181781e-05 6.04377842e-03 -1.96162746e-03 2.84464527e-06 -2.29279855e-03
0.8982796        2.21638736e-02 1.71735069e-05 -2.68230202e-02 2.41271681e-02 1.42590696e-05 -2.45424409e-02 -1.96329457e-03 2.91443726e-06 -2.28057932e-03
0.8983764        5.95590317e-02 2.72457261e-04 -8.96177816e-02 6.15222534e-02 2.69420538e-04 -8.73428020e-02 -1.96322166e-03 3.03672221e-06 -2.27497964e-03
0.8984735        9.98184594e-02 1.48327534e-04 -1.55246892e-01 1.01780185e-01 1.45210696e-04 -1.52972059e-01 -1.96172592e-03 3.11683726e-06 -2.27483297e-03
0.8985704        1.41603364e-01 -2.78008185e-04 -2.20153093e-01 1.43562250e-01 -2.81089640e-04 -2.17873704e-01 -1.95888527e-03 3.08145463e-06 -2.27938860e-03
0.898667         1.80267498e-01 -1.36755020e-04 -2.86698101e-01 1.82223195e-01 -1.39838994e-04 -2.84409437e-01 -1.95569731e-03 3.08397381e-06 -2.28866460e-03
0.898763         2.21209604e-01 3.63004124e-05 -3.53779594e-01 2.23161634e-01 3.31791006e-05 -3.51477466e-01 -1.95203012e-03 3.12131171e-06 -2.30212859e-03
0.898858         2.51756789e-01 -4.35186786e-05 -4.03776807e-01 2.53704351e-01 -4.66486328e-05 -4.01459834e-01 -1.94756238e-03 3.12995413e-06 -2.31697248e-03
0.898952         2.24638895e-01 -3.67628335e-04 -3.60562760e-01 2.26584258e-01 -3.70702556e-04 -3.58236737e-01 -1.94536331e-03 3.07422117e-06 -2.32602285e-03
0.8990453        1.81433895e-01 4.68561844e-04 -2.90055446e-01 1.83379781e-01 4.65299487e-04 -2.87726310e-01 -1.94588604e-03 3.26235773e-06 -2.32913595e-03
0.8991381        1.39037473e-01 1.61929417e-05 -2.20306405e-01 1.40985883e-01 1.28577862e-05 -2.17979072e-01 -1.94840995e-03 3.33515548e-06 -2.32733272e-03
0.8992308        9.54509785e-02 -4.68240886e-05 -1.49602412e-01 9.74036399e-02 -5.02189289e-05 -1.47281164e-01 -1.95266137e-03 3.39484029e-06 -2.32124808e-03
0.8993235        5.26931801e-02 -3.35691153e-05 -7.94498254e-02 5.46514299e-02 -3.70052084e-05 -7.71386316e-02 -1.95824980e-03 3.43609313e-06 -2.31119373e-03
0.8994165        8.92697539e-03 5.57523387e-06 -7.20306566e-03 1.08922737e-02 2.07755983e-06 -4.90576646e-03 -1.96529836e-03 3.49767404e-06 -2.29729920e-03
0.8995102        -1.08355437e-02 -8.85583016e-05 2.38352104e-02 -8.86182225e-03 -9.21007320e-05 2.61189204e-02 -1.97372144e-03 3.54243036e-06 -2.28371007e-03
0.8996047        3.49006643e-02 -3.45164747e-05 -5.07537242e-02 3.68784742e-02 -3.81020801e-05 -4.84767375e-02 -1.97780995e-03 3.58560536e-06 -2.27698670e-03
0.8996995        9.08692454e-02 3.12725876e-05 -1.40838202e-01 9.28466572e-02 2.76339041e-05 -1.38561747e-01 -1.97741180e-03 3.63868359e-06 -2.27645444e-03
0.8997943        1.47773631e-01 6.49110802e-05 -2.32838117e-01 1.49746734e-01 6.12136168e-05 -2.30556782e-01 -1.97310329e-03 3.69746347e-06 -2.28133458e-03
0.8998971        2.00628897e-01 6.37135016e-05 -3.18510370e-01 2.02593689e-01 5.99606074e-05 -3.16218695e-01 -1.96479127e-03 3.75289418e-06 -2.29167515e-03
0.9              2.64830262e-01 5.25528840e-05 -4.24049143e-01 2.66782820e-01 4.87465961e-05 -4.21741155e-01 -1.95255806e-03 3.80628789e-06 -2.30798757e-03
0.9000929        3.33965960e-01 9.15852593e-05 -5.35765397e-01 3.35904158e-01 8.77422254e-05 -5.33438338e-01 -1.93819796e-03 3.84303393e-06 -2.32705872e-03
0.9001846        2.96843920e-01 1.73690410e-05 -4.75280658e-01 2.98772650e-01 1.34867400e-05 -4.72941719e-01 -1.92873071e-03 3.88230091e-06 -2.33893914e-03
0.9002753        2.34039795e-01 8.07284188e-05 -3.73753542e-01 2.35964874e-01 7.67672863e-05 -3.71410438e-01 -1.92507892e-03 3.96113249e-06 -2.34310383e-03
0.9003655        1.68702750e-01 -7.38997437e-05 -2.68225134e-01 1.70629044e-01 -7.79205789e-05 -2.65884114e-01 -1.92629393e-03 4.02083514e-06 -2.34101976e-03
0.9004555        1.00209051e-01 -5.21579580e-05 -1.53015268e-01 1.02140577e-01 -5.62468346e-05 -1.50682191e-01 -1.93152642e-03 4.08887656e-06 -2.33307753e-03
0.9005456        3.88323934e-02 1.87388849e-05 -5.36420846e-02 4.07728799e-02 1.45805440e-05 -5.13217618e-02 -1.94048654e-03 4.15834085e-06 -2.32032286e-03
0.9006361        -2.56520191e-02 -1.12963285e-04 5.37952262e-02 -2.36992478e-02 -1.17154437e-04 5.60979074e-02 -1.95277137e-03 4.19115141e-06 -2.30268120e-03
0.9007273        -5.01223903e-02 5.85885130e-05 9.50291727e-02 -4.81578908e-02 5.43194008e-05 9.73134790e-02 -1.96449951e-03 4.26911214e-06 -2.28430632e-03
0.9008194        -2.48405659e-03 -1.26136934e-04 1.50186861e-02 -5.12781218e-04 -1.30424357e-04 1.72919114e-02 -1.97127537e-03 4.28742358e-06 -2.27322537e-03
0.9009121        5.33419754e-02 2.59963084e-04 -7.81584595e-02 5.53160064e-02 2.55563689e-04 -7.58895151e-02 -1.97403100e-03 4.39939481e-06 -2.26894438e-03
0.9010051        1.12118581e-01 1.17015927e-04 -1.79948788e-01 1.14092172e-01 1.12549990e-04 -1.77677766e-01 -1.97359062e-03 4.46593691e-06 -2.27102189e-03
0.9010979        1.66792986e-01 -3.72875445e-05 -2.69915324e-01 1.68762985e-01 -4.17834225e-05 -2.67637046e-01 -1.96999915e-03 4.49587801e-06 -2.27827755e-03
0.9011904        2.24184701e-01 -1.28173136e-04 -3.64315739e-01 2.26148209e-01 -1.32676725e-04 -3.62025343e-01 -1.96350806e-03 4.50358964e-06 -2.29039588e-03
0.9012824        2.81714264e-01 -5.51702102e-05 -4.59652525e-01 2.83668932e-01 -5.97009796e-05 -4.57345543e-01 -1.95466823e-03 4.53076945e-06 -2.30698169e-03
0.9013733        2.94600968e-01 4.37381330e-05 -4.83481271e-01 2.96548795e-01 3.91847001e-05 -4.81158360e-01 -1.94782726e-03 4.55343286e-06 -2.32291034e-03
0.9014633        2.47414193e-01 -1.23341326e-05 -4.03498283e-01 2.49359071e-01 -1.69185271e-05 -4.01166976e-01 -1.94487884e-03 4.58439452e-06 -2.33130632e-03
0.9015528        1.98853159e-01 -7.47731773e-06 -3.21211816e-01 2.00797781e-01 -1.21120544e-05 -3.18878476e-01 -1.94462207e-03 4.63473669e-06 -2.33334014e-03
0.9016418        1.50182497e-01 -1.07694943e-05 -2.38273423e-01 1.52128978e-01 -1.54634652e-05 -2.35943453e-01 -1.94648151e-03 4.69397090e-06 -2.32997007e-03
0.9017307        1.00689309e-01 -3.96166978e-05 -1.54442339e-01 1.02639471e-01 -4.43597942e-05 -1.52120583e-01 -1.95016261e-03 4.74309645e-06 -2.32175580e-03
0.9018198        5.07560571e-02 1.17601649e-05 -6.94813402e-02 5.27114474e-02 6.97446779e-06 -6.71723676e-02 -1.95539027e-03 4.78569713e-06 -2.30897258e-03
0.9019093        2.43538252e-03 -6.48705024e-05 1.43967239e-02 4.39719231e-03 -6.96882181e-05 1.66885945e-02 -1.96180979e-03 4.81771565e-06 -2.29187060e-03
0.9019995        -9.91397615e-04 -1.99662713e-04 1.85844649e-02 9.75777769e-04 -2.04492592e-04 2.08609466e-02 -1.96717538e-03 4.82987877e-06 -2.27648161e-03
0.9020904        3.86969285e-02 1.49819358e-04 -4.93810950e-02 4.06665998e-02 1.44908328e-04 -4.71135750e-02 -1.96967128e-03 4.91102955e-06 -2.26751997e-03
0.9021818        8.26181420e-02 -8.44034149e-05 -1.24512147e-01 8.45880025e-02 -8.93296966e-05 -1.22247979e-01 -1.96986051e-03 4.92628166e-06 -2.26416779e-03
0.9022733        1.27960095e-01 2.97269227e-07 -2.03802277e-01 1.29928344e-01 -4.66059862e-06 -2.01536297e-01 -1.96824930e-03 4.95786785e-06 -2.26597933e-03
0.9023647        1.73463354e-01 4.95158395e-05 -2.80973419e-01 1.75428263e-01 4.45176016e-05 -2.78701065e-01 -1.96490893e-03 4.99823783e-06 -2.27235392e-03
0.9024559        2.22108171e-01 -1.38546429e-05 -3.63077461e-01 2.24068162e-01 -1.88735311e-05 -3.60794416e-01 -1.95999160e-03 5.01888818e-06 -2.28304508e-03
0.9025464        2.62410982e-01 -1.26554713e-04 -4.33853684e-01 2.64365157e-01 -1.31551083e-04 -4.31556276e-01 -1.95417527e-03 4.99636909e-06 -2.29740731e-03
0.9026362        2.64820636e-01 -2.42006373e-05 -4.38519012e-01 2.66770196e-01 -2.91948219e-05 -4.36209135e-01 -1.94955974e-03 4.99418457e-06 -2.30987659e-03
0.9027253        2.28292060e-01 -5.31053213e-05 -3.75337780e-01 2.30239725e-01 -5.81108882e-05 -3.73021810e-01 -1.94766521e-03 5.00556684e-06 -2.31597026e-03
0.9028139        1.85163990e-01 -4.86944856e-05 -3.00303817e-01 1.87111905e-01 -5.37194791e-05 -2.97987235e-01 -1.94791494e-03 5.02499355e-06 -2.31658234e-03
0.9029023        1.44433299e-01 -6.22604287e-05 -2.29549507e-01 1.46383118e-01 -6.73059100e-05 -2.27236913e-01 -1.94981890e-03 5.04548131e-06 -2.31259393e-03
0.9029906        1.00423586e-01 -4.70846230e-05 -1.52443962e-01 1.02376686e-01 -5.21510700e-05 -1.50139722e-01 -1.95310056e-03 5.06644703e-06 -2.30424072e-03
0.9030791        5.98562951e-02 -1.34320848e-04 -8.09682104e-02 6.18137881e-02 -1.39381757e-04 -7.86762930e-02 -1.95749298e-03 5.06090823e-06 -2.29191741e-03
0.9031681        1.72363520e-02 4.10849314e-05 -6.16955679e-03 1.91992101e-02 3.59865256e-05 -3.89361663e-03 -1.96285815e-03 5.09840578e-06 -2.27594017e-03
0.9032577        1.68264346e-02 -1.83764096e-04 -2.58128077e-03 1.87931564e-02 -1.88855153e-04 -3.19369928e-04 -1.96672182e-03 5.09105740e-06 -2.26191084e-03
0.903348         5.23956626e-02 -1.15624502e-04 -6.57030872e-02 5.43639824e-02 -1.20712365e-04 -6.34495508e-02 -1.96831977e-03 5.08786305e-06 -2.25353635e-03
0.9034386        9.20450555e-02 5.15956407e-05 -1.37518516e-01 9.40132934e-02 4.64763189e-05 -1.35268325e-01 -1.96823789e-03 5.11932172e-06 -2.25019080e-03
0.9035295        1.29075975e-01 1.73460253e-04 -2.04253777e-01 1.31042834e-01 1.68276112e-04 -2.02002544e-01 -1.96685856e-03 5.18414082e-06 -2.25123285e-03
0.9036202        1.67602306e-01 1.31598086e-04 -2.72182096e-01 1.69566566e-01 1.26359258e-04 -2.69925813e-01 -1.96425983e-03 5.23882837e-06 -2.25628363e-03
0.9037108        2.05283990e-01 -4.13686587e-04 -3.41906459e-01 2.07244922e-01 -4.18834612e-04 -3.39641232e-01 -1.96093244e-03 5.14802436e-06 -2.26522733e-03
0.9038009        2.42250739e-01 -4.24566531e-06 -4.08601037e-01 2.44207652e-01 -9.38781640e-06 -4.06323554e-01 -1.95691319e-03 5.14215109e-06 -2.27748306e-03
0.9038904        2.40382196e-01 1.40963796e-05 -4.02805085e-01 2.42335965e-01 8.95575190e-06 -4.00517607e-01 -1.95376991e-03 5.14062773e-06 -2.28747858e-03
0.9039793        2.09059462e-01 -4.50826019e-05 -3.47254285e-01 2.11012237e-01 -5.02229981e-05 -3.44962314e-01 -1.95277529e-03 5.14039628e-06 -2.29197143e-03
0.9040678        1.74823156e-01 -7.16726992e-05 -2.85837912e-01 1.76776512e-01 -7.68118097e-05 -2.83546113e-01 -1.95335583e-03 5.13911053e-06 -2.29179921e-03
0.9041561        1.40040409e-01 1.36553196e-05 -2.23289335e-01 1.41995578e-01 8.49362358e-06 -2.21001746e-01 -1.95516867e-03 5.16169607e-06 -2.28758987e-03
0.9042445        1.06144500e-01 1.49312455e-04 -1.61457766e-01 1.08102369e-01 1.44098682e-04 -1.59178100e-01 -1.95786908e-03 5.21377325e-06 -2.27966604e-03
0.9043331        7.02157369e-02 -2.51125005e-04 -9.71698067e-02 7.21771739e-02 -2.56309125e-04 -9.49015843e-02 -1.96143695e-03 5.18411919e-06 -2.26822239e-03
0.9044221        4.12253895e-02 -1.70141551e-04 -4.55906084e-02 4.31909935e-02 -1.75318277e-04 -4.33363567e-02 -1.96560406e-03 5.17672572e-06 -2.25425169e-03
0.9045117        5.73448412e-02 -5.68660196e-05 -7.40986250e-02 5.93130924e-02 -6.20676055e-05 -7.18545916e-02 -1.96825126e-03 5.20158597e-06 -2.24403346e-03
0.9046017        8.19391581e-02 -5.20043319e-04 -1.20200043e-01 8.39086210e-02 -5.25149537e-04 -1.17962274e-01 -1.96946283e-03 5.10621780e-06 -2.23776854e-03
0.904692         1.04176809e-01 1.27478545e-04 -1.60154136e-01 1.06146279e-01 1.22315187e-04 -1.57919795e-01 -1.96947019e-03 5.16335836e-06 -2.23434062e-03
0.9047825        1.27271201e-01 -3.32852742e-05 -2.00718625e-01 1.29239592e-01 -3.84646327e-05 -1.98485207e-01 -1.96839163e-03 5.17935854e-06 -2.23341739e-03
0.904873         1.51711133e-01 -5.77896440e-05 -2.44312091e-01 1.53677537e-01 -6.29768913e-05 -2.42077203e-01 -1.96640373e-03 5.18724722e-06 -2.23488773e-03
0.9049635        1.73376237e-01 1.29905794e-04 -2.83443391e-01 1.75339970e-01 1.24679948e-04 -2.81204887e-01 -1.96373322e-03 5.22584636e-06 -2.23850409e-03
0.9050536        1.93819315e-01 6.79188913e-05 -3.20910731e-01 1.95779858e-01 6.26778511e-05 -3.18667017e-01 -1.96054309e-03 5.24104019e-06 -2.24371311e-03
0.9051434        1.86743850e-01 -2.65224904e-05 -3.08417379e-01 1.88701984e-01 -3.17519392e-05 -3.06170906e-01 -1.95813374e-03 5.22944872e-06 -2.24647290e-03
0.9052329        1.72191779e-01 -1.46820309e-04 -2.81179407e-01 1.74148740e-01 -1.52022030e-04 -2.78932640e-01 -1.95696083e-03 5.20172111e-06 -2.24676709e-03
0.9053222        1.55215340e-01 2.62535829e-05 -2.50325800e-01 1.57172234e-01 2.10401481e-05 -2.48080676e-01 -1.95689412e-03 5.21343485e-06 -2.24512390e-03
0.9054116        1.39153062e-01 -3.14848758e-04 -2.23065504e-01 1.41110956e-01 -3.20004450e-04 -2.20823491e-01 -1.95789394e-03 5.15569203e-06 -2.24201304e-03
0.9055009        1.22537543e-01 9.15691629e-05 -1.92551365e-01 1.24497181e-01 8.63722871e-05 -1.90313966e-01 -1.95963744e-03 5.19687578e-06 -2.23739916e-03
0.9055904        1.06673220e-01 1.03996764e-04 -1.64965220e-01 1.08635386e-01 9.87530019e-05 -1.62733695e-01 -1.96216601e-03 5.24376193e-06 -2.23152497e-03
0.9056801        9.21867740e-02 4.30172342e-07 -1.38531864e-01 9.41522365e-02 -4.83928392e-06 -1.36307119e-01 -1.96546253e-03 5.26945626e-06 -2.22474540e-03
0.9057701        9.63145223e-02 2.14181776e-04 -1.46713380e-01 9.82832648e-02 2.08846782e-04 -1.44493578e-01 -1.96874254e-03 5.33499418e-06 -2.21980213e-03
0.9058605        1.11807516e-01 -2.54645039e-04 -1.73261669e-01 1.13777591e-01 -2.59952383e-04 -1.71045234e-01 -1.97007506e-03 5.30734393e-06 -2.21643482e-03
0.905951         1.22858687e-01 -1.04812324e-04 -1.93378303e-01 1.24828554e-01 -1.10119630e-04 -1.91164202e-01 -1.96986720e-03 5.30730591e-06 -2.21410106e-03
0.9060416        1.37029437e-01 8.32830302e-05 -2.20382853e-01 1.38997699e-01 7.79346074e-05 -2.18170006e-01 -1.96826188e-03 5.34842278e-06 -2.21284729e-03
0.9061322        1.50319184e-01 -9.02531105e-05 -2.42498265e-01 1.52284319e-01 -9.55992460e-05 -2.40286008e-01 -1.96513537e-03 5.34613553e-06 -2.21225711e-03
0.9062227        1.63605417e-01 -1.71428360e-05 -2.64949840e-01 1.65566003e-01 -2.24867151e-05 -2.62737552e-01 -1.96058531e-03 5.34387917e-06 -2.21228775e-03
0.9063131        1.78476912e-01 1.24155427e-05 -2.88095401e-01 1.80431071e-01 7.06259034e-06 -2.85882715e-01 -1.95415941e-03 5.35295233e-06 -2.21268658e-03
0.9064033        1.78741009e-01 -7.66885958e-05 -2.88140636e-01 1.80688681e-01 -8.20196993e-05 -2.85928487e-01 -1.94767183e-03 5.33110342e-06 -2.21214880e-03
0.9064933        1.63866067e-01 -1.19616455e-04 -2.63556418e-01 1.65810125e-01 -1.24923698e-04 -2.61346260e-01 -1.94405829e-03 5.30724291e-06 -2.21015810e-03
0.9065832        1.46396525e-01 -1.25615258e-04 -2.34224885e-01 1.48339705e-01 -1.30904265e-04 -2.32017791e-01 -1.94318008e-03 5.28900776e-06 -2.20709385e-03
0.9066731        1.28429254e-01 6.65652045e-05 -2.03643051e-01 1.30374077e-01 6.12510900e-05 -2.01439877e-01 -1.94482370e-03 5.31411452e-06 -2.20317375e-03
0.9067631        1.12921425e-01 -9.46720820e-04 -1.84128633e-01 1.14870746e-01 -9.51809224e-04 -1.81929515e-01 -1.94932179e-03 5.08840391e-06 -2.19911795e-03
0.9068533        9.14545366e-02 2.69769112e-04 -1.41981421e-01 9.34103799e-02 2.64580025e-04 -1.39787461e-01 -1.95584332e-03 5.18908752e-06 -2.19396011e-03
0.9069437        8.34315715e-02 -5.14771031e-04 -1.29770943e-01 8.53950135e-02 -5.19877277e-04 -1.27581413e-01 -1.96344199e-03 5.10624584e-06 -2.18952988e-03
0.9070345        1.06893810e-01 1.20299796e-04 -1.70007372e-01 1.08861787e-01 1.15140253e-04 -1.67819627e-01 -1.96797757e-03 5.15954258e-06 -2.18774463e-03
0.9071255        1.11613329e-01 -9.08809978e-05 -1.77116362e-01 1.13584391e-01 -9.60448419e-05 -1.74931022e-01 -1.97106155e-03 5.16384404e-06 -2.18533983e-03
0.9072166        1.14735585e-01 -5.98464110e-05 -1.81792037e-01 1.16708466e-01 -6.50197086e-05 -1.79609752e-01 -1.97288092e-03 5.17329761e-06 -2.18228560e-03
0.9073079        1.15715023e-01 -7.17735047e-05 -1.81507875e-01 1.17688473e-01 -7.69516285e-05 -1.79329440e-01 -1.97345002e-03 5.17812381e-06 -2.17843508e-03
0.9073993        1.16211779e-01 -6.75673084e-05 -1.80385977e-01 1.18184575e-01 -7.27479537e-05 -1.78212204e-01 -1.97279579e-03 5.18064522e-06 -2.17377278e-03
0.9074908        1.17266456e-01 -4.61023917e-05 -1.80630636e-01 1.19237405e-01 -5.12873373e-05 -1.78462265e-01 -1.97094926e-03 5.18494558e-06 -2.16837084e-03
0.9075824        1.07913600e-01 -5.52492723e-05 -1.63780474e-01 1.09883616e-01 -6.04322607e-05 -1.61618885e-01 -1.97001661e-03 5.18298840e-06 -2.16158919e-03
0.9076741        9.95206405e-02 -2.98957072e-05 -1.49564876e-01 1.01491532e-01 -3.50803719e-05 -1.47410139e-01 -1.97089172e-03 5.18466468e-06 -2.15473789e-03
0.9077661        1.12860863e-01 3.64736257e-05 -1.75643927e-01 1.14831583e-01 3.12751059e-05 -1.73493819e-01 -1.97072023e-03 5.19851975e-06 -2.15010774e-03
0.9078582        1.26235776e-01 -9.58032780e-05 -2.01322288e-01 1.28205427e-01 -1.00998301e-04 -1.99174981e-01 -1.96965104e-03 5.19502347e-06 -2.14730687e-03
0.9079503        1.40258739e-01 -9.96461162e-05 -2.28014828e-01 1.42226481e-01 -1.04838956e-04 -2.25868656e-01 -1.96774245e-03 5.19283978e-06 -2.14617247e-03
0.9080424        1.55273053e-01 -7.06005604e-06 -2.57319667e-01 1.57238130e-01 -1.22784501e-05 -2.55172969e-01 -1.96507619e-03 5.21839409e-06 -2.14669752e-03
0.9081346        1.70222782e-01 2.19902149e-05 -2.84823674e-01 1.72184330e-01 1.67438916e-05 -2.82674984e-01 -1.96154831e-03 5.24632329e-06 -2.14869057e-03
0.9082267        1.90666419e-01 6.90014405e-06 -3.22950396e-01 1.92622431e-01 1.63085692e-06 -3.20798064e-01 -1.95601131e-03 5.26928713e-06 -2.15233231e-03
0.9083187        1.81248257e-01 -5.13074235e-05 -3.04974831e-01 1.83199793e-01 -5.65927928e-05 -3.02820986e-01 -1.95153622e-03 5.28536928e-06 -2.15384519e-03
0.9084105        1.56364556e-01 -2.09749099e-05 -2.57972063e-01 1.58314190e-01 -2.62788085e-05 -2.55819864e-01 -1.94963470e-03 5.30389858e-06 -2.15219878e-03
0.9085025        1.33697740e-01 -6.23945203e-05 -2.15228671e-01 1.35647734e-01 -6.77049341e-05 -2.13080598e-01 -1.94999375e-03 5.31041381e-06 -2.14807288e-03
0.9085945        1.09174457e-01 -7.43828683e-05 -1.69566307e-01 1.11126985e-01 -7.96931862e-05 -1.67424638e-01 -1.95252798e-03 5.31031796e-06 -2.14166866e-03
0.9086868        9.01882070e-02 4.30578367e-05 -1.30763824e-01 9.21449283e-02 3.77239271e-05 -1.28630619e-01 -1.95672128e-03 5.33390958e-06 -2.13320521e-03
0.9087793        6.42566732e-02 -1.35679782e-04 -8.36962579e-02 6.62197514e-02 -1.40989637e-04 -8.15734754e-02 -1.96307817e-03 5.30985480e-06 -2.12278246e-03
0.9088722        5.46690425e-02 -2.20699714e-05 -6.57503083e-02 5.66387021e-02 -2.73827747e-05 -6.36379221e-02 -1.96965960e-03 5.31280329e-06 -2.11238629e-03
0.9089655        7.32042114e-02 -4.93232793e-05 -1.00716808e-01 7.51778173e-02 -5.46293498e-05 -9.86117031e-02 -1.97360592e-03 5.30607059e-06 -2.10510505e-03
0.9090591        9.66144053e-02 -1.14520206e-05 -1.46231083e-01 9.85894247e-02 -1.67656882e-05 -1.44130304e-01 -1.97501933e-03 5.31366762e-06 -2.10077954e-03
0.909153         1.20257906e-01 -1.19680175e-04 -1.92595349e-01 1.22232027e-01 -1.24976532e-04 -1.90496298e-01 -1.97412140e-03 5.29635694e-06 -2.09905078e-03
0.9092469        1.44938266e-01 -9.07919785e-05 -2.40853904e-01 1.46909309e-01 -9.60762958e-05 -2.38754173e-01 -1.97104336e-03 5.28431735e-06 -2.09973121e-03
0.9093409        1.68214675e-01 -6.44499264e-05 -2.85644812e-01 1.70180509e-01 -6.97441089e-05 -2.83542294e-01 -1.96583391e-03 5.29418246e-06 -2.10251822e-03
0.9094348        1.93913401e-01 -2.10391086e-06 -3.34750757e-01 1.95871883e-01 -7.41873640e-06 -3.32643273e-01 -1.95848200e-03 5.31482554e-06 -2.10748464e-03
0.9095286        1.96775608e-01 -3.08930345e-04 -3.44268701e-01 1.98727621e-01 -3.14186024e-04 -3.42156686e-01 -1.95201312e-03 5.25567903e-06 -2.11201509e-03
0.9096221        1.70358295e-01 9.54807641e-05 -2.89665767e-01 1.72306802e-01 9.01775340e-05 -2.87553685e-01 -1.94850702e-03 5.30323010e-06 -2.11208266e-03
0.9097156        1.42736951e-01 -6.06897737e-04 -2.37439318e-01 1.44684919e-01 -6.12074220e-04 -2.35330616e-01 -1.94796765e-03 5.17648290e-06 -2.10870202e-03
