# Moment        
# CofR          : (6.34500000e-02 0.00000000e+00 4.00000000e-03)
#
# Time          	total_x total_y total_z	pressure_x pressure_y pressure_z	viscous_x viscous_y viscous_z
0.8752648        1.88839937e-05 -1.05511019e-02 9.28533480e-06 1.90436649e-05 -1.05621679e-02 9.43548738e-06 -1.59671116e-07 1.10659322e-05 -1.50152577e-07
0.8755215        1.55618095e-05 -3.31765213e-03 1.17967473e-05 1.57234947e-05 -3.32813396e-03 1.19453551e-05 -1.61685284e-07 1.04818371e-05 -1.48607771e-07
0.875776         1.33543418e-05 7.91795876e-03 1.35868541e-05 1.35102028e-05 7.90590436e-03 1.37406445e-05 -1.55860949e-07 1.20543968e-05 -1.53790349e-07
0.8760359        1.53551201e-05 6.53319499e-03 1.35526301e-05 1.55044798e-05 6.52026484e-03 1.37129662e-05 -1.49359708e-07 1.29301520e-05 -1.60336090e-07
0.8763002        1.66495367e-05 -4.33420006e-03 1.06198087e-05 1.67993783e-05 -4.34571009e-03 1.07812421e-05 -1.49841653e-07 1.15100327e-05 -1.61433344e-07
0.8765601        1.74346821e-05 -8.99863757e-03 1.04642545e-05 1.75893535e-05 -9.00821401e-03 1.06230298e-05 -1.54671380e-07 9.57644512e-06 -1.58775299e-07
0.876812         1.61426908e-05 -2.52191773e-03 1.16184407e-05 1.62981320e-05 -2.53104043e-03 1.17776133e-05 -1.55441158e-07 9.12270102e-06 -1.59172608e-07
0.8770624        1.33410747e-05 3.91938350e-03 1.27253070e-05 1.34921593e-05 3.90976046e-03 1.28886009e-05 -1.51084604e-07 9.62304678e-06 -1.63293862e-07
0.8773169        1.42248453e-05 1.53498201e-03 1.24205757e-05 1.43725889e-05 1.52549194e-03 1.25863948e-05 -1.47743601e-07 9.49007260e-06 -1.65819025e-07
0.8775731        1.75799943e-05 -5.35494360e-03 1.12542484e-05 1.77298709e-05 -5.36320118e-03 1.14179703e-05 -1.49876671e-07 8.25758218e-06 -1.63721893e-07
0.8778239        1.88717965e-05 -7.96389595e-03 1.13391966e-05 1.90260912e-05 -7.97077650e-03 1.14997891e-05 -1.54294629e-07 6.88055001e-06 -1.60592526e-07
0.8780678        1.62434134e-05 -2.14999543e-03 1.22245781e-05 1.63979538e-05 -2.15659827e-03 1.23858409e-05 -1.54540483e-07 6.60284061e-06 -1.61262856e-07
0.8783107        1.33769380e-05 3.56943563e-03 1.31427107e-05 1.35267827e-05 3.56236874e-03 1.33081973e-05 -1.49844663e-07 7.06689014e-06 -1.65486627e-07
0.878557         1.42272886e-05 1.32407611e-03 1.28479175e-05 1.43739127e-05 1.31711896e-03 1.30156809e-05 -1.46624128e-07 6.95714931e-06 -1.67763444e-07
0.8788049        1.71885437e-05 -4.40377217e-03 1.17234416e-05 1.73371534e-05 -4.40971073e-03 1.18889603e-05 -1.48609699e-07 5.93856026e-06 -1.65518703e-07
0.8790482        1.82312221e-05 -7.56031260e-03 1.20755305e-05 1.83852875e-05 -7.56492534e-03 1.22363797e-05 -1.54065471e-07 4.61273748e-06 -1.60849208e-07
0.8792854        1.62486104e-05 -1.87099089e-03 1.26526587e-05 1.64038973e-05 -1.87543914e-03 1.28127411e-05 -1.55286986e-07 4.44825146e-06 -1.60082358e-07
0.8795216        1.32203124e-05 6.18126394e-03 1.43290878e-05 1.33707820e-05 6.17573712e-03 1.44930471e-05 -1.50469612e-07 5.52682002e-06 -1.63959310e-07
0.8797621        1.34868051e-05 5.60069607e-03 1.43210804e-05 1.36320131e-05 5.59449096e-03 1.44891834e-05 -1.45208016e-07 6.20510977e-06 -1.68103072e-07
0.880006         1.81469353e-05 -9.98662641e-03 1.13050316e-05 1.82974608e-05 -9.99055830e-03 1.14684487e-05 -1.50525490e-07 3.93188821e-06 -1.63417104e-07
0.8802431        2.16520929e-05 -2.19714943e-02 9.41422734e-06 2.18161353e-05 -2.19716039e-02 9.56743523e-06 -1.64042446e-07 1.09576279e-07 -1.53207898e-07
0.880467         1.86077306e-05 -1.13768068e-02 1.08072078e-05 1.87779262e-05 -1.13756832e-02 1.09567650e-05 -1.70195559e-07 -1.12366589e-06 -1.49557166e-07
0.8806859        1.31912142e-05 5.46317419e-03 1.40755566e-05 1.33561352e-05 5.46288488e-03 1.42308247e-05 -1.64920961e-07 2.89314075e-07 -1.55268095e-07
0.8809089        1.11917328e-05 1.04209630e-02 1.51106962e-05 1.13479673e-05 1.04189963e-02 1.52733778e-05 -1.56234527e-07 1.96671785e-06 -1.62681625e-07
0.881138         1.54316241e-05 -1.89308388e-03 1.28310570e-05 1.55883009e-05 -1.89434456e-03 1.29921376e-05 -1.56676745e-07 1.26067062e-06 -1.61080662e-07
0.8813657        2.03026032e-05 -1.58975708e-02 1.02349438e-05 2.04698556e-05 -1.58960539e-02 1.03868020e-05 -1.67252399e-07 -1.51686485e-06 -1.51858172e-07
0.8815841        2.05791581e-05 -1.67186420e-02 1.00814142e-05 2.07580707e-05 -1.67148631e-02 1.02241498e-05 -1.78912592e-07 -3.77884115e-06 -1.42735608e-07
0.8817945        1.65645090e-05 -4.23879205e-03 1.21149706e-05 1.67463734e-05 -4.23504867e-03 1.22566745e-05 -1.81864433e-07 -3.74338339e-06 -1.41703900e-07
0.8820037        1.22539102e-05 7.96850588e-03 1.50537427e-05 1.24293357e-05 7.97056885e-03 1.52024595e-05 -1.75425528e-07 -2.06296864e-06 -1.48716860e-07
0.8822171        1.27316043e-05 6.38859600e-03 1.51812940e-05 1.29018697e-05 6.38967631e-03 1.53347752e-05 -1.70265405e-07 -1.08031016e-06 -1.53481220e-07
0.8824336        1.69587922e-05 -6.89234188e-03 1.22967190e-05 1.71325858e-05 -6.88986817e-03 1.24474873e-05 -1.73793596e-07 -2.47370282e-06 -1.50768315e-07
0.8826465        2.07907597e-05 -1.99715634e-02 9.25154939e-06 2.09777058e-05 -1.99659092e-02 9.39204803e-06 -1.86946088e-07 -5.65425183e-06 -1.40498640e-07
0.8828503        1.99430338e-05 -1.73268262e-02 9.47005708e-06 2.01435529e-05 -1.73191187e-02 9.59976492e-06 -2.00519089e-07 -7.70747099e-06 -1.29707845e-07
0.8830478        1.49257967e-05 -4.04803630e-03 1.31053966e-05 1.51309017e-05 -4.04054856e-03 1.32320571e-05 -2.05105049e-07 -7.48773400e-06 -1.26660544e-07
0.8832447        1.09455712e-05 8.97649445e-03 1.59900346e-05 1.11464304e-05 8.98208364e-03 1.61206010e-05 -2.00859228e-07 -5.58918972e-06 -1.30566371e-07
0.8834457        1.15301512e-05 8.12582949e-03 1.60276953e-05 1.17263251e-05 8.13014229e-03 1.61620351e-05 -1.96173975e-07 -4.31279839e-06 -1.34339805e-07
0.8836498        1.67036932e-05 -8.14993599e-03 1.25019057e-05 1.69054313e-05 -8.14413866e-03 1.26313690e-05 -2.01738043e-07 -5.79732721e-06 -1.29463351e-07
0.8838504        2.17714214e-05 -2.57541675e-02 8.43482454e-06 2.19908468e-05 -2.57445639e-02 8.54988881e-06 -2.19425322e-07 -9.60362402e-06 -1.15064265e-07
0.8840418        2.19878834e-05 -2.78085189e-02 7.60132127e-06 2.22278927e-05 -2.77956650e-02 7.69978559e-06 -2.40009353e-07 -1.28539413e-05 -9.84643201e-08
0.884225         1.67166529e-05 -1.09488227e-02 1.09111689e-05 1.69671803e-05 -1.09356665e-02 1.10015898e-05 -2.50527352e-07 -1.31561219e-05 -9.04208995e-08
0.8844059        1.15366056e-05 6.94096468e-03 1.55458927e-05 1.17872312e-05 6.95215448e-03 1.56361986e-05 -2.50625538e-07 -1.11897982e-05 -9.03058734e-08
0.8845893        9.35779597e-06 1.59333610e-02 1.83897805e-05 9.60179164e-06 1.59418432e-02 1.84854366e-05 -2.43995668e-07 -8.48224684e-06 -9.56561536e-08
0.8847776        1.33875635e-05 2.03790986e-03 1.55376155e-05 1.36311337e-05 2.04623295e-03 1.56337534e-05 -2.43570167e-07 -8.32309102e-06 -9.61379601e-08
0.8849662        1.85260756e-05 -1.67350801e-02 1.09906176e-05 1.87807930e-05 -1.67242041e-02 1.10775206e-05 -2.54717453e-07 -1.08760490e-05 -8.69029691e-08
0.8851497        2.27643371e-05 -3.32399804e-02 6.56286605e-06 2.30401530e-05 -3.32247648e-02 6.63261049e-06 -2.75815931e-07 -1.52155641e-05 -6.97444442e-08
0.8853247        1.98359923e-05 -2.65348665e-02 7.95060226e-06 2.01304427e-05 -2.65171806e-02 8.00418890e-06 -2.94450452e-07 -1.76859787e-05 -5.35866353e-08
0.8854941        1.48226183e-05 -8.83785981e-03 1.20715796e-05 1.51254407e-05 -8.82035785e-03 1.21175792e-05 -3.02822390e-07 -1.75019584e-05 -4.59996261e-08
0.8856625        1.01941537e-05 8.65706417e-03 1.69623250e-05 1.04951464e-05 8.67237859e-03 1.70093045e-05 -3.00992672e-07 -1.53144246e-05 -4.69794659e-08
0.8858334        8.46005227e-06 1.60408619e-02 1.90748612e-05 8.75360934e-06 1.60535645e-02 1.91280397e-05 -2.93557069e-07 -1.27025209e-05 -5.31785204e-08
0.8860085        1.28020846e-05 2.13452016e-03 1.59978741e-05 1.30938095e-05 2.14697604e-03 1.60534223e-05 -2.91724862e-07 -1.24558803e-05 -5.55482382e-08
0.8861839        1.76618960e-05 -1.56277808e-02 1.21375876e-05 1.79627341e-05 -1.56132148e-02 1.21863434e-05 -3.00838060e-07 -1.45659418e-05 -4.87557422e-08
0.8863553        2.25702210e-05 -3.23984516e-02 7.74163463e-06 2.28900349e-05 -3.23800501e-02 7.77564662e-06 -3.19813902e-07 -1.84014517e-05 -3.40119854e-08
0.8865198        2.20504569e-05 -3.01626037e-02 7.93299714e-06 2.23885844e-05 -3.01415037e-02 7.95303130e-06 -3.38127452e-07 -2.10999716e-05 -2.00341517e-08
0.8866787        1.70990084e-05 -1.61555297e-02 1.05659384e-05 1.74474912e-05 -1.61338295e-02 1.05783564e-05 -3.48482771e-07 -2.17001994e-05 -1.24179276e-08
0.8868357        1.17334986e-05 -1.94479036e-03 1.38157459e-05 1.20837597e-05 -1.92403693e-03 1.38275622e-05 -3.50261111e-07 -2.07534231e-05 -1.18163431e-08
0.886993         8.19964712e-06 1.01631193e-02 1.73835442e-05 8.54420651e-06 1.01818606e-02 1.74006272e-05 -3.44559396e-07 -1.87413282e-05 -1.70830637e-08
0.8871533        9.67854673e-06 5.77716186e-03 1.71603688e-05 1.00190655e-05 5.79489601e-03 1.71802268e-05 -3.40518737e-07 -1.77341440e-05 -1.98579751e-08
0.8873267        1.47632654e-05 -7.87941247e-03 1.32417651e-05 1.51071345e-05 -7.86080783e-03 1.32589431e-05 -3.43869087e-07 -1.86046440e-05 -1.71779737e-08
0.8875           2.01437181e-05 -2.31861317e-02 1.02059527e-05 2.05012277e-05 -2.31648858e-02 1.02126332e-05 -3.57509563e-07 -2.12459106e-05 -6.68055373e-09
0.8876562        2.45235449e-05 -3.71707712e-02 7.49440051e-06 2.49006177e-05 -3.71459794e-02 7.48769816e-06 -3.77072812e-07 -2.47917424e-05 6.70234150e-09
0.8878064        2.06974005e-05 -2.78656931e-02 8.72253112e-06 2.10890802e-05 -2.78391299e-02 8.70523348e-06 -3.91679698e-07 -2.65631143e-05 1.72976365e-08
0.8879529        1.55763742e-05 -1.22530851e-02 1.25577507e-05 1.59744156e-05 -1.22266565e-02 1.25367309e-05 -3.98041360e-07 -2.64286274e-05 2.10198516e-08
0.8880984        1.08989369e-05 3.20309014e-03 1.66914444e-05 1.12951556e-05 3.22790809e-03 1.66732095e-05 -3.96218685e-07 -2.48179532e-05 1.82348619e-08
0.8882451        7.52203163e-06 1.64248734e-02 2.06362223e-05 7.90970382e-06 1.64469978e-02 2.06252558e-05 -3.87672192e-07 -2.21243926e-05 1.09664779e-08
0.8883947        9.97994241e-06 1.05035594e-02 1.98572250e-05 1.03615468e-05 1.05241631e-02 1.98526095e-05 -3.81604409e-07 -2.06037697e-05 4.61547308e-09
0.8885463        1.47952792e-05 -6.00114914e-03 1.60817702e-05 1.51782531e-05 -5.97992499e-03 1.60772342e-05 -3.82973931e-07 -2.12241473e-05 4.53594482e-09
0.8886971        1.99228488e-05 -2.35771713e-02 9.77297419e-06 2.03153758e-05 -2.35534710e-02 9.76228601e-06 -3.92527023e-07 -2.37002741e-05 1.06881795e-08
0.8888446        2.39128265e-05 -4.01639493e-02 6.73619041e-06 2.43229296e-05 -4.01363757e-02 6.71399611e-06 -4.10103086e-07 -2.75735839e-05 2.21943042e-08
0.8889867        2.22520798e-05 -3.82032882e-02 7.33175736e-06 2.26786301e-05 -3.81728392e-02 7.29937097e-06 -4.26550236e-07 -3.04489886e-05 3.23863972e-08
0.8891248        1.72147565e-05 -2.25093427e-02 8.49774073e-06 1.76492991e-05 -2.24781407e-02 8.46077679e-06 -4.34542583e-07 -3.12020023e-05 3.69639399e-08
0.889261         1.28621528e-05 -6.38904700e-03 1.38581993e-05 1.32979982e-05 -6.35870704e-03 1.38212205e-05 -4.35845390e-07 -3.03399625e-05 3.69787960e-08
0.8893974        1.02032561e-05 9.57244050e-03 1.85730226e-05 1.06326916e-05 9.60055652e-03 1.85417388e-05 -4.29435532e-07 -2.81160224e-05 3.12837361e-08
0.8895355        7.70015487e-06 1.91095369e-02 2.20426322e-05 8.11954904e-06 1.91348738e-02 2.20197001e-05 -4.19394178e-07 -2.53368584e-05 2.29320894e-08
0.8896764        1.08628302e-05 6.35213816e-03 2.17453300e-05 1.12762282e-05 6.37656091e-03 2.17285969e-05 -4.13398014e-07 -2.44227515e-05 1.67331372e-08
0.8898183        1.67552581e-05 -1.18657871e-02 1.43216923e-05 1.71701753e-05 -1.18402274e-02 1.43052194e-05 -4.14917236e-07 -2.55596794e-05 1.64728997e-08
0.8899591        2.25596647e-05 -3.10271401e-02 8.64423567e-06 2.29846640e-05 -3.09986590e-02 8.62206984e-06 -4.24999316e-07 -2.84811131e-05 2.21658257e-08
0.8900963        2.62356194e-05 -4.90203976e-02 5.13237333e-06 2.66787257e-05 -4.89876669e-02 5.09983740e-06 -4.43106267e-07 -3.27307234e-05 3.25359333e-08
0.8902285        2.46012465e-05 -4.61387508e-02 4.28703816e-06 2.50612759e-05 -4.61029058e-02 4.24576736e-06 -4.60029386e-07 -3.58449180e-05 4.12707981e-08
0.8903568        1.90508398e-05 -2.78263703e-02 9.59979701e-06 1.95204171e-05 -2.77896742e-02 9.55422252e-06 -4.69577255e-07 -3.66960817e-05 4.55744965e-08
0.8904832        1.43861482e-05 -9.04216294e-03 1.04223499e-05 1.48564532e-05 -9.00634152e-03 1.03781525e-05 -4.70305056e-07 -3.58214236e-05 4.41974545e-08
0.8906097        9.83043096e-06 9.45614653e-03 1.78010589e-05 1.02960439e-05 9.48965224e-03 1.77622488e-05 -4.65612901e-07 -3.35057095e-05 3.88100845e-08
0.8907376        6.34172310e-06 2.28900493e-02 2.29560568e-05 6.79689240e-06 2.29203976e-02 2.29260069e-05 -4.55169297e-07 -3.03483004e-05 3.00498528e-08
0.8908683        9.90380184e-06 1.35646631e-02 2.18468161e-05 1.03491195e-05 1.35933079e-02 2.18261085e-05 -4.45317680e-07 -2.86447815e-05 2.07076093e-08
0.8910008        1.52148476e-05 -2.76625612e-03 1.81094776e-05 1.56562798e-05 -2.73749630e-03 1.80935400e-05 -4.41432135e-07 -2.87598164e-05 1.59376891e-08
0.8911332        2.02781586e-05 -1.99444182e-02 1.35994620e-05 2.07234259e-05 -1.99139548e-02 1.35829279e-05 -4.45267315e-07 -3.04634184e-05 1.65340801e-08
0.8912637        2.49414718e-05 -3.75762921e-02 8.67414609e-06 2.53987327e-05 -3.75427457e-02 8.65157306e-06 -4.57260872e-07 -3.35463453e-05 2.25730357e-08
0.8913909        2.64627229e-05 -4.53448613e-02 5.51017170e-06 2.69355170e-05 -4.53080836e-02 5.47969568e-06 -4.72794068e-07 -3.67777685e-05 3.04760115e-08
0.8915145        2.27015714e-05 -3.47851629e-02 7.46137080e-06 2.31859762e-05 -3.47467343e-02 7.42640859e-06 -4.84404789e-07 -3.84286555e-05 3.49622027e-08
0.8916357        1.85596001e-05 -2.25530248e-02 1.08543417e-05 1.90503474e-05 -2.25142125e-02 1.08182431e-05 -4.90747296e-07 -3.88122837e-05 3.60986288e-08
0.8917558        1.53778594e-05 -1.03894195e-02 1.36944445e-05 1.58691000e-05 -1.03512256e-02 1.36617112e-05 -4.91240551e-07 -3.81939393e-05 3.27333774e-08
0.8918758        1.20208122e-05 1.73503862e-03 1.80566472e-05 1.25072929e-05 1.77174665e-03 1.80300267e-05 -4.86480720e-07 -3.67080261e-05 2.66204980e-08
0.8919968        1.03875519e-05 8.58495353e-03 2.15980828e-05 1.08652798e-05 8.61987443e-03 2.15796828e-05 -4.77727914e-07 -3.49208915e-05 1.84000130e-08
0.8921191        1.33133879e-05 1.16026575e-03 2.02617799e-05 1.37840200e-05 1.19443178e-03 2.02506562e-05 -4.70632082e-07 -3.41660384e-05 1.11237050e-08
0.8922421        1.58196311e-05 -8.83742909e-03 1.81484023e-05 1.62891833e-05 -8.80299781e-03 1.81406126e-05 -4.69552188e-07 -3.44312868e-05 7.78971227e-09
0.8923648        2.07918667e-05 -1.92328538e-02 1.41359604e-05 2.12658702e-05 -1.91972873e-02 1.41280046e-05 -4.74003430e-07 -3.55665390e-05 7.95588531e-09
0.8924863        2.48719131e-05 -2.98595617e-02 9.86339345e-06 2.53553844e-05 -2.98221078e-02 9.85167838e-06 -4.83471262e-07 -3.74538106e-05 1.17150695e-08
0.8926056        2.63999148e-05 -3.85701650e-02 7.27497626e-06 2.68960876e-05 -3.85303801e-02 7.25705429e-06 -4.96172772e-07 -3.97848761e-05 1.79219699e-08
0.8927224        2.49184092e-05 -3.43198459e-02 8.11517333e-06 2.54245250e-05 -3.42785309e-02 8.09347397e-06 -5.06115847e-07 -4.13149398e-05 2.16993503e-08
0.8928371        2.11188887e-05 -2.44542595e-02 1.07781644e-05 2.16304952e-05 -2.44124418e-02 1.07560127e-05 -5.11606549e-07 -4.18176360e-05 2.21516727e-08
0.8929508        1.75130284e-05 -1.44040302e-02 1.40150400e-05 1.80248746e-05 -1.43625132e-02 1.39964283e-05 -5.11846155e-07 -4.15170338e-05 1.86116920e-08
0.8930642        1.43297141e-05 -4.37410048e-03 1.75264228e-05 1.48372123e-05 -4.33356528e-03 1.75138686e-05 -5.07498248e-07 -4.05352027e-05 1.25541580e-08
0.8931779        1.12594360e-05 5.37058621e-03 2.10955610e-05 1.17583068e-05 5.40954485e-03 2.10911631e-05 -4.98870844e-07 -3.89586420e-05 4.39791959e-09
0.8932929        1.16667970e-05 6.42460307e-03 2.17827118e-05 1.21563348e-05 6.46219621e-03 2.17883646e-05 -4.89537827e-07 -3.75931406e-05 -5.65279364e-09
0.893409         1.52718544e-05 -2.60755324e-03 1.94250755e-05 1.57571012e-05 -2.57031585e-03 1.94372897e-05 -4.85246708e-07 -3.72373940e-05 -1.22141423e-08
0.8935255        1.89682184e-05 -1.28198364e-02 1.66408657e-05 1.94536844e-05 -1.27820728e-02 1.66557912e-05 -4.85465991e-07 -3.77635576e-05 -1.49254728e-08
0.8936415        2.26794001e-05 -2.33537761e-02 1.37072353e-05 2.31698193e-05 -2.33147205e-02 1.37214016e-05 -4.90419147e-07 -3.90555820e-05 -1.41662412e-08
0.8937562        2.60996475e-05 -3.40050326e-02 8.45375622e-06 2.65996414e-05 -3.39640168e-02 8.46418011e-06 -4.99993970e-07 -4.10157532e-05 -1.04238949e-08
0.893869         2.77932395e-05 -4.05865091e-02 5.94155192e-06 2.83053119e-05 -4.05433123e-02 5.94610598e-06 -5.12072367e-07 -4.31967673e-05 -4.55405541e-09
0.8939796        2.63371251e-05 -3.43457865e-02 9.60362924e-06 2.68581709e-05 -3.43013032e-02 9.60317981e-06 -5.21045756e-07 -4.44832985e-05 4.49421015e-10
0.8940885        2.27279885e-05 -2.52032274e-02 1.17884822e-05 2.32533210e-05 -2.51583329e-02 1.17879858e-05 -5.25332511e-07 -4.48944866e-05 4.96412145e-10
0.8941966        2.00296722e-05 -1.59372971e-02 1.64630474e-05 2.05549577e-05 -1.58926916e-02 1.64655004e-05 -5.25285533e-07 -4.46055729e-05 -2.45299540e-09
0.8943043        1.69193380e-05 -6.72246584e-03 1.77132208e-05 1.74408928e-05 -6.67875023e-03 1.77207067e-05 -5.21554779e-07 -4.37156119e-05 -7.48591948e-09
0.8944123        1.47220936e-05 2.37990049e-03 2.18817162e-05 1.52367220e-05 2.42218848e-03 2.18958672e-05 -5.14628407e-07 -4.22879944e-05 -1.41510231e-08
0.8945212        1.46714639e-05 4.37052494e-03 2.29787940e-05 1.51790982e-05 4.41148502e-03 2.30031093e-05 -5.07634241e-07 -4.09600833e-05 -2.43152892e-08
0.8946309        1.74403957e-05 -3.23594483e-03 2.07721207e-05 1.79436193e-05 -3.19546043e-03 2.08035614e-05 -5.03223680e-07 -4.04844005e-05 -3.14406962e-08
0.894741         2.03978174e-05 -1.20122971e-02 1.79898224e-05 2.09001816e-05 -1.19715265e-02 1.80251510e-05 -5.02364213e-07 -4.07706200e-05 -3.53285989e-08
0.8948508        2.31439420e-05 -2.10279664e-02 1.43009823e-05 2.36491798e-05 -2.09862496e-02 1.43373310e-05 -5.05237740e-07 -4.17168051e-05 -3.63487065e-08
0.8949597        2.59191647e-05 -3.01286751e-02 1.12903195e-05 2.64311140e-05 -3.00854308e-02 1.13247529e-05 -5.11949263e-07 -4.32443603e-05 -3.44333992e-08
0.8950674        2.85337775e-05 -3.90416415e-02 8.02271777e-06 2.90562228e-05 -3.89963831e-02 8.05239979e-06 -5.22445340e-07 -4.52583631e-05 -2.96820210e-08
0.8951733        2.83374596e-05 -3.92603415e-02 7.76005585e-06 2.88695748e-05 -3.92133984e-02 7.78438305e-06 -5.32115165e-07 -4.69430420e-05 -2.43271959e-08
0.8952776        2.51873143e-05 -3.04222368e-02 9.60538362e-06 2.57252385e-05 -3.03745550e-02 9.62662561e-06 -5.37924239e-07 -4.76817862e-05 -2.12419900e-08
0.8953808        2.24999399e-05 -2.09399513e-02 1.33570996e-05 2.30396553e-05 -2.08922868e-02 1.33788959e-05 -5.39715433e-07 -4.76644853e-05 -2.17962951e-08
0.8954837        2.00218243e-05 -1.14394513e-02 1.70355052e-05 2.05599493e-05 -1.13924381e-02 1.70600961e-05 -5.38124968e-07 -4.70132153e-05 -2.45909035e-08
0.8955866        1.75185986e-05 -1.91806847e-03 2.08583421e-05 1.80517556e-05 -1.87227451e-03 2.08878403e-05 -5.33157003e-07 -4.57939609e-05 -2.94982268e-08
0.89569          1.51420910e-05 7.62608839e-03 2.40790492e-05 1.56682265e-05 7.67014161e-03 2.41173070e-05 -5.26135485e-07 -4.40532205e-05 -3.82577683e-08
0.8957944        1.56905780e-05 8.10244439e-03 2.40219521e-05 1.62080633e-05 8.14501010e-03 2.40712174e-05 -5.17485304e-07 -4.25657122e-05 -4.92653426e-08
0.8958998        1.89713231e-05 -2.54028304e-03 2.14614830e-05 1.94834482e-05 -2.49815678e-03 2.15182209e-05 -5.12125167e-07 -4.21262655e-05 -5.67379147e-08
0.8960056        2.34063861e-05 -1.43259791e-02 2.10110456e-05 2.39174512e-05 -1.42833713e-02 2.10713050e-05 -5.11065034e-07 -4.26077662e-05 -6.02594817e-08
0.8961111        2.66775971e-05 -2.63381091e-02 1.57562780e-05 2.71916161e-05 -2.62942117e-02 1.58171679e-05 -5.14019027e-07 -4.38974355e-05 -6.08898974e-08
0.8962156        2.91304685e-05 -3.85872464e-02 9.01698026e-06 2.96515602e-05 -3.85413410e-02 9.07592615e-06 -5.21091657e-07 -4.59054124e-05 -5.89458909e-08
0.8963187        3.27361147e-05 -5.01651700e-02 6.65274113e-06 3.32686969e-05 -5.01166803e-02 6.70657160e-06 -5.32582199e-07 -4.84896645e-05 -5.38304681e-08
0.8964197        3.25014980e-05 -4.94143969e-02 7.03567753e-06 3.30442122e-05 -4.93638234e-02 7.08259059e-06 -5.42714144e-07 -5.05735313e-05 -4.69130569e-08
0.896519         2.97780354e-05 -3.78138811e-02 1.05998035e-05 3.03265068e-05 -3.77623691e-02 1.06446357e-05 -5.48471421e-07 -5.15119575e-05 -4.48321109e-08
0.8966172        2.58323146e-05 -2.56465347e-02 1.38124688e-05 2.63825131e-05 -2.55949903e-02 1.38584530e-05 -5.50198492e-07 -5.15444035e-05 -4.59842672e-08
0.8967149        2.15524971e-05 -1.34609917e-02 1.79470980e-05 2.21010403e-05 -1.34101760e-02 1.79968482e-05 -5.48543189e-07 -5.08157401e-05 -4.97501785e-08
0.8968127        1.82937415e-05 -1.25088003e-03 1.87444154e-05 1.88369176e-05 -1.20147495e-03 1.88000146e-05 -5.43176112e-07 -4.94050784e-05 -5.55991851e-08
0.8969111        1.75947645e-05 1.04504045e-02 2.18869834e-05 1.81298668e-05 1.04978000e-02 2.19517184e-05 -5.35102299e-07 -4.73954534e-05 -6.47350253e-08
0.8970105        1.53369121e-05 1.07127614e-02 1.82130886e-05 1.58619862e-05 1.07584538e-02 1.82906820e-05 -5.25074125e-07 -4.56924154e-05 -7.75934938e-08
0.897111         2.07117335e-05 1.32099509e-03 2.39616283e-05 2.12300529e-05 1.36590905e-03 2.40474957e-05 -5.18319333e-07 -4.49139573e-05 -8.58673126e-08
0.897212         2.44749602e-05 -8.68160993e-03 2.65391782e-05 2.49903440e-05 -8.63670403e-03 2.66293353e-05 -5.15383845e-07 -4.49059003e-05 -9.01571088e-08
0.897313         2.62082600e-05 -1.88375353e-02 1.91250245e-05 2.67238498e-05 -1.87919615e-02 1.92173172e-05 -5.15589793e-07 -4.55738091e-05 -9.22926764e-08
0.8974137        3.02044895e-05 -2.92452507e-02 1.47034197e-05 3.07235969e-05 -2.91983990e-02 1.47956702e-05 -5.19107365e-07 -4.68516786e-05 -9.22504581e-08
0.8975134        3.29190859e-05 -3.97306750e-02 1.13934697e-05 3.34451636e-05 -3.96820016e-02 1.14835649e-05 -5.26077717e-07 -4.86733748e-05 -9.00952146e-08
0.8976118        3.42383371e-05 -4.37414625e-02 9.83587741e-06 3.47725116e-05 -4.36909952e-02 9.92253090e-06 -5.34174547e-07 -5.04673123e-05 -8.66534958e-08
0.8977087        3.03712637e-05 -3.69270610e-02 1.32711412e-05 3.09110852e-05 -3.68755854e-02 1.33537265e-05 -5.39821517e-07 -5.14755901e-05 -8.25852942e-08
0.8978046        2.95701263e-05 -2.92241901e-02 1.25738127e-05 3.01113945e-05 -2.91723338e-02 1.26578274e-05 -5.41268142e-07 -5.18562654e-05 -8.40147289e-08
0.8978999        2.70273841e-05 -2.13946888e-02 1.59192003e-05 2.75674954e-05 -2.13429628e-02 1.60071169e-05 -5.40111351e-07 -5.17259189e-05 -8.79166763e-08
0.897995         2.26151652e-05 -1.36467044e-02 1.43121108e-05 2.31513188e-05 -1.35955477e-02 1.44055547e-05 -5.36153593e-07 -5.11566761e-05 -9.34438841e-08
0.8980901        2.47408585e-05 -5.82093596e-03 2.63055433e-05 2.52714586e-05 -5.77074850e-03 2.64045373e-05 -5.30600115e-07 -5.01874622e-05 -9.89940007e-08
0.8981857        1.98985804e-05 8.43176110e-04 2.24908487e-05 2.04219660e-05 8.92115997e-04 2.26000691e-05 -5.23385562e-07 -4.89398875e-05 -1.09220396e-07
0.8982819        2.07609213e-05 -1.85697918e-03 2.22147152e-05 2.12768244e-05 -1.80887753e-03 2.23339575e-05 -5.15903131e-07 -4.81016480e-05 -1.19242318e-07
0.8983788        2.41814436e-05 -7.92693433e-03 2.12318686e-05 2.46920063e-05 -7.87913317e-03 2.13582139e-05 -5.10562750e-07 -4.78011586e-05 -1.26345304e-07
0.8984758        2.73139404e-05 -1.41571797e-02 1.86520267e-05 2.78211673e-05 -1.41092389e-02 1.87834561e-05 -5.07226902e-07 -4.79407782e-05 -1.31429468e-07
0.8985729        2.78660702e-05 -2.05522515e-02 1.62973468e-05 2.83724012e-05 -2.05037843e-02 1.64318476e-05 -5.06330994e-07 -4.84672001e-05 -1.34500794e-07
0.8986696        3.03516531e-05 -2.69638936e-02 1.69729339e-05 3.08598794e-05 -2.69145553e-02 1.71081904e-05 -5.08226266e-07 -4.93382935e-05 -1.35256583e-07
0.8987656        3.33543054e-05 -3.35469249e-02 1.40645334e-05 3.38664526e-05 -3.34964020e-02 1.41986922e-05 -5.12147244e-07 -5.05228481e-05 -1.34158842e-07
0.8988607        3.44587580e-05 -3.78144575e-02 1.20661167e-05 3.49757629e-05 -3.77626429e-02 1.21957590e-05 -5.17004816e-07 -5.18146331e-05 -1.29642338e-07
0.8989548        3.41755138e-05 -3.34732216e-02 1.62777943e-05 3.46959168e-05 -3.34206327e-02 1.64051765e-05 -5.20403050e-07 -5.25889657e-05 -1.27382166e-07
0.8990481        3.23951809e-05 -2.69826591e-02 9.98773306e-06 3.29150567e-05 -2.69298237e-02 1.01182440e-05 -5.19875827e-07 -5.28354149e-05 -1.30510901e-07
0.8991409        2.98924477e-05 -2.03383982e-02 1.58965326e-05 3.04100105e-05 -2.02857477e-02 1.60308949e-05 -5.17562813e-07 -5.26505653e-05 -1.34362363e-07
0.8992336        2.76844564e-05 -1.36706127e-02 1.92696028e-05 2.81978190e-05 -1.36185193e-02 1.94087695e-05 -5.13362544e-07 -5.20934346e-05 -1.39166685e-07
0.8993264        2.54701783e-05 -6.96822264e-03 2.19570786e-05 2.59787674e-05 -6.91702025e-03 2.21025969e-05 -5.08589055e-07 -5.12023886e-05 -1.45518326e-07
0.8994195        2.33049193e-05 -6.32682186e-05 2.42823607e-05 2.38061406e-05 -1.32890849e-05 2.44379775e-05 -5.01221301e-07 -4.99791336e-05 -1.55616773e-07
0.8995133        2.32980987e-05 2.44809723e-03 2.54893946e-05 2.37908569e-05 2.49684611e-03 2.56550461e-05 -4.92758224e-07 -4.87488868e-05 -1.65651487e-07
0.8996077        2.58320273e-05 -4.65328033e-03 2.39581886e-05 2.63183049e-05 -4.60508456e-03 2.41312318e-05 -4.86277596e-07 -4.81957763e-05 -1.73043229e-07
0.8997025        2.81057183e-05 -1.30143705e-02 2.12662430e-05 2.85879439e-05 -1.29661046e-02 2.14443973e-05 -4.82225642e-07 -4.82658630e-05 -1.78154295e-07
0.8997974        3.04307433e-05 -2.16626363e-02 1.85338316e-05 3.09113912e-05 -2.16137527e-02 1.87152535e-05 -4.80647935e-07 -4.88835652e-05 -1.81421883e-07
0.8998987        3.25649674e-05 -2.99146749e-02 1.56210305e-05 3.30466970e-05 -2.98646251e-02 1.58032285e-05 -4.81729643e-07 -5.00498235e-05 -1.82197961e-07
0.9              3.51991897e-05 -3.97671085e-02 1.27967801e-05 3.56844805e-05 -3.97153268e-02 1.29772023e-05 -4.85290824e-07 -5.17817153e-05 -1.80422171e-07
0.9000929        3.70666645e-05 -4.98116883e-02 1.16206530e-05 3.75589427e-05 -4.97578924e-02 1.17951874e-05 -4.92278209e-07 -5.37958260e-05 -1.74534326e-07
0.9001846        3.37280492e-05 -4.43069882e-02 1.52581834e-05 3.42255223e-05 -4.42518794e-02 1.54281275e-05 -4.97473116e-07 -5.51087763e-05 -1.69944108e-07
0.9002753        3.32162401e-05 -3.46729317e-02 1.35953038e-05 3.37148018e-05 -3.46173060e-02 1.37655005e-05 -4.98561666e-07 -5.56256650e-05 -1.70196693e-07
0.9003655        3.10847219e-05 -2.48801191e-02 1.71735108e-05 3.15815989e-05 -2.48246198e-02 1.73463292e-05 -4.96876977e-07 -5.54992211e-05 -1.72818417e-07
0.9004555        2.90660586e-05 -1.50465250e-02 2.04314156e-05 2.95585935e-05 -1.49917108e-02 2.06089709e-05 -4.92534807e-07 -5.48142038e-05 -1.77555317e-07
0.9005456        2.69636288e-05 -5.23332099e-03 2.39349546e-05 2.74498654e-05 -5.17969846e-03 2.41179853e-05 -4.86236593e-07 -5.36225338e-05 -1.83030732e-07
0.9006361        2.44674470e-05 4.60226080e-03 2.71062030e-05 2.49459138e-05 4.65421505e-03 2.72979850e-05 -4.78466788e-07 -5.19542523e-05 -1.91781994e-07
0.9007272        2.37027127e-05 8.48168705e-03 2.83054568e-05 2.41724206e-05 8.53195341e-03 2.85085357e-05 -4.69707973e-07 -5.02663549e-05 -2.03078932e-07
0.9008193        2.82355837e-05 1.38999652e-03 2.56376918e-05 2.86978229e-05 1.43928903e-03 2.58499323e-05 -4.62239256e-07 -4.92925110e-05 -2.12240483e-07
0.9009119        2.57789485e-05 -6.94645924e-03 2.46918646e-05 2.62364073e-05 -6.89750644e-03 2.49104091e-05 -4.57458747e-07 -4.89528015e-05 -2.18544492e-07
0.9010047        3.01260301e-05 -1.54731160e-02 2.15178522e-05 3.05807325e-05 -1.54239497e-02 2.17407795e-05 -4.54702387e-07 -4.91662509e-05 -2.22927233e-07
0.9010976        3.29447157e-05 -2.42405652e-02 1.97301783e-05 3.33990319e-05 -2.41906832e-02 1.99554580e-05 -4.54316239e-07 -4.98819577e-05 -2.25279658e-07
0.9011901        3.46920328e-05 -3.30723787e-02 1.55630193e-05 3.51483316e-05 -3.30213220e-02 1.57890404e-05 -4.56298793e-07 -5.10566358e-05 -2.26021126e-07
0.9012819        3.61173394e-05 -4.17544089e-02 1.51691252e-05 3.65774969e-05 -4.17017785e-02 1.53928429e-05 -4.60157435e-07 -5.26304163e-05 -2.23717680e-07
0.9013728        3.80152532e-05 -4.35407401e-02 9.90440572e-06 3.84807225e-05 -4.34866833e-02 1.01241043e-05 -4.65469320e-07 -5.40567471e-05 -2.19698526e-07
0.9014628        3.62070190e-05 -3.68933732e-02 1.39031590e-05 3.66751812e-05 -3.68385559e-02 1.41200896e-05 -4.68162291e-07 -5.48173301e-05 -2.16930523e-07
0.9015522        3.38975402e-05 -2.93412871e-02 1.67781854e-05 3.43659095e-05 -2.92862580e-02 1.69950135e-05 -4.68369380e-07 -5.50290610e-05 -2.16828150e-07
0.9016413        3.17836465e-05 -2.17593965e-02 1.91674237e-05 3.22499749e-05 -2.17046129e-02 1.93865357e-05 -4.66328416e-07 -5.47835845e-05 -2.19112005e-07
0.9017303        3.00297417e-05 -1.41268115e-02 2.19635114e-05 3.04922386e-05 -1.40726766e-02 2.21861004e-05 -4.62496889e-07 -5.41349041e-05 -2.22589009e-07
0.9018194        2.61383330e-05 -6.44783598e-03 2.56943150e-05 2.65964214e-05 -6.39471983e-03 2.59212074e-05 -4.58088450e-07 -5.31161491e-05 -2.26892445e-07
0.901909         2.52494078e-05 9.81165595e-04 2.70367314e-05 2.57009443e-05 1.03292747e-03 2.72710063e-05 -4.51536487e-07 -5.17618738e-05 -2.34274812e-07
0.9019993        2.72589885e-05 1.57725265e-03 2.57886775e-05 2.77033457e-05 1.62782311e-03 2.60326926e-05 -4.44357127e-07 -5.05704505e-05 -2.44015102e-07
0.9020902        2.80007189e-05 -4.62327347e-03 2.49771545e-05 2.84398011e-05 -4.57333093e-03 2.52282605e-05 -4.39082135e-07 -4.99425328e-05 -2.51105982e-07
0.9021815        3.01006291e-05 -1.14456496e-02 2.28383868e-05 3.05363200e-05 -1.13958553e-02 2.30942968e-05 -4.35690906e-07 -4.97943408e-05 -2.55909944e-07
0.902273         3.22572123e-05 -1.83673131e-02 2.21324432e-05 3.26915373e-05 -1.83172473e-02 2.23910405e-05 -4.34324997e-07 -5.00657875e-05 -2.58597265e-07
0.9023644        3.39972711e-05 -2.54319468e-02 1.91998923e-05 3.44323083e-05 -2.53812286e-02 1.94594561e-05 -4.35037243e-07 -5.07182446e-05 -2.59563827e-07
0.9024556        3.59502719e-05 -3.25481521e-02 1.68667878e-05 3.63872936e-05 -3.24964362e-02 1.71252462e-05 -4.37021723e-07 -5.17158544e-05 -2.58458373e-07
0.9025462        3.78001676e-05 -3.95046530e-02 1.48041110e-05 3.82422123e-05 -3.94516409e-02 1.50578365e-05 -4.42044700e-07 -5.30120872e-05 -2.53725521e-07
0.902636         3.77171765e-05 -4.00279680e-02 1.45474623e-05 3.81648174e-05 -3.99738393e-02 1.47963935e-05 -4.47640936e-07 -5.41286415e-05 -2.48931231e-07
0.9027251        3.62417982e-05 -3.41896496e-02 1.69445128e-05 3.66922234e-05 -3.41349603e-02 1.71901940e-05 -4.50425227e-07 -5.46893205e-05 -2.45681178e-07
0.9028137        3.39467032e-05 -2.76354956e-02 1.76750431e-05 3.43979702e-05 -2.75807027e-02 1.79194463e-05 -4.51267033e-07 -5.47928335e-05 -2.44403258e-07
0.902902         3.27023321e-05 -2.08782967e-02 2.07348592e-05 3.31526221e-05 -2.08237897e-02 2.09794483e-05 -4.50290001e-07 -5.45069486e-05 -2.44589180e-07
0.9029904        3.09081069e-05 -1.41475365e-02 2.31335630e-05 3.13562147e-05 -1.40936606e-02 2.33799719e-05 -4.48107806e-07 -5.38759136e-05 -2.46408922e-07
0.903079         2.92087718e-05 -7.40988043e-03 2.55920325e-05 2.96537917e-05 -7.35695586e-03 2.58418651e-05 -4.45019915e-07 -5.29245784e-05 -2.49832587e-07
0.903168         2.73625120e-05 -1.06556062e-03 2.77505145e-05 2.78030330e-05 -1.01386043e-03 2.80064914e-05 -4.40521012e-07 -5.17001938e-05 -2.55976892e-07
0.9032575        2.87176746e-05 -1.77470304e-03 2.63303343e-05 2.91533821e-05 -1.72400247e-03 2.65928194e-05 -4.35707483e-07 -5.07005695e-05 -2.62485052e-07
0.9033477        2.79173472e-05 -7.16053655e-03 2.61007106e-05 2.83498584e-05 -7.11035987e-03 2.63674350e-05 -4.32511207e-07 -5.01766790e-05 -2.66724366e-07
0.9034383        3.06405296e-05 -1.30176564e-02 2.38155350e-05 3.10711036e-05 -1.29676062e-02 2.40849948e-05 -4.30573945e-07 -5.00501746e-05 -2.69459731e-07
0.903529         3.21623008e-05 -1.89117972e-02 2.19413079e-05 3.25923061e-05 -1.88615249e-02 2.22122656e-05 -4.30005271e-07 -5.02723098e-05 -2.70957701e-07
0.9036198        3.41103921e-05 -2.49661328e-02 1.96692693e-05 3.45411077e-05 -2.49153205e-02 1.99404000e-05 -4.30715642e-07 -5.08123444e-05 -2.71130677e-07
0.9037103        3.71275309e-05 -3.11718478e-02 2.26774650e-05 3.75609589e-05 -3.11202043e-02 2.29451205e-05 -4.33427931e-07 -5.16435672e-05 -2.67655472e-07
0.9038003        3.63939323e-05 -3.69807370e-02 1.47500849e-05 3.68322037e-05 -3.69280165e-02 1.50121609e-05 -4.38271440e-07 -5.27204813e-05 -2.62075956e-07
0.9038897        3.74376750e-05 -3.69358883e-02 1.59566684e-05 3.78812752e-05 -3.68822720e-02 1.62134475e-05 -4.43600124e-07 -5.36162836e-05 -2.56779100e-07
0.9039785        3.62190147e-05 -3.17006132e-02 1.88032682e-05 3.66658719e-05 -3.16465731e-02 1.90560006e-05 -4.46857151e-07 -5.40400931e-05 -2.52732495e-07
0.9040669        3.43209599e-05 -2.60902166e-02 2.01917786e-05 3.47692696e-05 -2.60361379e-02 2.04418835e-05 -4.48309741e-07 -5.40786761e-05 -2.50104931e-07
0.9041552        3.21762574e-05 -2.04211098e-02 2.20635907e-05 3.26244785e-05 -2.03673183e-02 2.23127160e-05 -4.48221156e-07 -5.37914332e-05 -2.49125283e-07
0.9042435        3.08323025e-05 -1.46824737e-02 2.40929024e-05 3.12796297e-05 -1.46292610e-02 2.43425135e-05 -4.47327202e-07 -5.32126954e-05 -2.49611168e-07
0.904332         2.66179520e-05 -8.89183261e-03 2.77252813e-05 2.70634443e-05 -8.83946927e-03 2.79777298e-05 -4.45492322e-07 -5.23633382e-05 -2.52448447e-07
0.9044209        2.59194359e-05 -4.01080247e-03 2.05260610e-05 2.63606386e-05 -3.95949017e-03 2.07851241e-05 -4.41202711e-07 -5.13123030e-05 -2.59063173e-07
0.9045104        2.72312040e-05 -6.26368340e-03 2.35053821e-05 2.76685483e-05 -6.21311690e-03 2.37701635e-05 -4.37344309e-07 -5.05664994e-05 -2.64781364e-07
0.9046003        3.51814270e-05 -1.02962852e-02 2.63676713e-05 3.56157268e-05 -1.02461307e-02 2.66365299e-05 -4.34299772e-07 -5.01545318e-05 -2.68858587e-07
0.9046906        3.01277728e-05 -1.40231532e-02 2.42097859e-05 3.05606557e-05 -1.39731587e-02 2.44808385e-05 -4.32882945e-07 -4.99945799e-05 -2.71052623e-07
0.904781         3.21723503e-05 -1.77939366e-02 2.46691651e-05 3.26049442e-05 -1.77438800e-02 2.49408248e-05 -4.32593896e-07 -5.00565741e-05 -2.71659649e-07
0.9048715        3.21826236e-05 -2.16867248e-02 2.25300840e-05 3.26157387e-05 -2.16364045e-02 2.28005884e-05 -4.33115093e-07 -5.03203497e-05 -2.70504365e-07
0.9049619        3.67950217e-05 -2.56236875e-02 2.07681258e-05 3.72297519e-05 -2.55729158e-02 2.10355604e-05 -4.34730200e-07 -5.07717274e-05 -2.67434619e-07
0.9050521        3.59584978e-05 -2.89506741e-02 2.15138860e-05 3.63967325e-05 -2.88993170e-02 2.17761196e-05 -4.38234636e-07 -5.13570251e-05 -2.62233552e-07
0.9051419        3.53001158e-05 -2.76659673e-02 1.87439780e-05 3.57415676e-05 -2.76142231e-02 1.90015174e-05 -4.41451793e-07 -5.17442053e-05 -2.57539424e-07
0.9052314        3.46018448e-05 -2.50799870e-02 1.23681213e-05 3.50447480e-05 -2.50280908e-02 1.26235584e-05 -4.42903212e-07 -5.18961161e-05 -2.55437024e-07
0.9053208        3.38481478e-05 -2.24654811e-02 2.18735422e-05 3.42928329e-05 -2.24136167e-02 2.21263127e-05 -4.44685119e-07 -5.18643263e-05 -2.52770517e-07
0.9054101        3.18807631e-05 -1.98095457e-02 2.31297966e-05 3.23262792e-05 -1.97578679e-02 2.33814115e-05 -4.45516068e-07 -5.16778196e-05 -2.51614877e-07
0.9054994        3.12372097e-05 -1.71057706e-02 2.39730176e-05 3.16825104e-05 -1.70544185e-02 2.42248611e-05 -4.45300703e-07 -5.13521219e-05 -2.51843513e-07
0.9055889        3.16952902e-05 -1.45305931e-02 3.20741551e-05 3.21403325e-05 -1.44796928e-02 3.23261321e-05 -4.45042253e-07 -5.09002079e-05 -2.51977016e-07
0.9056786        2.98999189e-05 -1.21120565e-02 3.21244823e-05 3.03436925e-05 -1.20617095e-02 3.23778056e-05 -4.43773661e-07 -5.03469858e-05 -2.53323304e-07
0.9057687        3.11688333e-05 -1.29452344e-02 2.85260460e-05 3.16109533e-05 -1.28953139e-02 2.87814501e-05 -4.42119957e-07 -4.99204344e-05 -2.55404092e-07
0.9058591        3.09687851e-05 -1.50860855e-02 2.91072447e-05 3.14099395e-05 -1.50363965e-02 2.93638456e-05 -4.41154397e-07 -4.96889852e-05 -2.56600867e-07
0.9059496        3.15636505e-05 -1.74012412e-02 2.43354404e-05 3.20040501e-05 -1.73516220e-02 2.45928218e-05 -4.40399644e-07 -4.96191704e-05 -2.57381408e-07
0.9060402        3.08301336e-05 -1.96541741e-02 1.75186689e-05 3.12698279e-05 -1.96044853e-02 1.77765813e-05 -4.39694336e-07 -4.96887999e-05 -2.57912360e-07
0.9061309        3.24034448e-05 -2.19186654e-02 2.10134612e-05 3.28436524e-05 -2.18687809e-02 2.12696470e-05 -4.40207619e-07 -4.98845058e-05 -2.56185813e-07
0.9062215        3.27008090e-05 -2.42442239e-02 2.20486731e-05 3.31426536e-05 -2.41940260e-02 2.23014649e-05 -4.41844613e-07 -5.01979476e-05 -2.52791763e-07
0.9063119        3.31159075e-05 -2.66223415e-02 1.97259380e-05 3.35602615e-05 -2.65717137e-02 1.99745603e-05 -4.44353985e-07 -5.06278363e-05 -2.48622253e-07
0.9064022        3.32214528e-05 -2.68018006e-02 1.99078546e-05 3.36684177e-05 -2.67507997e-02 2.01522081e-05 -4.46964934e-07 -5.10008423e-05 -2.44353495e-07
0.9064922        3.17280541e-05 -2.43071720e-02 1.90418599e-05 3.21768852e-05 -2.42560391e-02 1.92829636e-05 -4.48831148e-07 -5.11328182e-05 -2.41103684e-07
0.9065821        3.07605538e-05 -2.15631110e-02 1.95410251e-05 3.12104584e-05 -2.15120499e-02 1.97801813e-05 -4.49904648e-07 -5.10611889e-05 -2.39156225e-07
0.906672         3.08535268e-05 -1.88705697e-02 2.57243545e-05 3.13043033e-05 -1.88197542e-02 2.59619640e-05 -4.50776487e-07 -5.08154663e-05 -2.37609485e-07
0.906762         3.04801839e-05 -1.61474990e-02 2.51507194e-05 3.09306986e-05 -1.60970871e-02 2.53885321e-05 -4.50514717e-07 -5.04119365e-05 -2.37812680e-07
0.9068522        3.00665492e-05 -1.34215640e-02 2.61227678e-05 3.05158130e-05 -1.33717030e-02 2.63622850e-05 -4.49263771e-07 -4.98609459e-05 -2.39517278e-07
0.9069426        2.71982788e-05 -1.26032801e-02 2.84128165e-05 2.76463402e-05 -1.25539696e-02 2.86542572e-05 -4.48061330e-07 -4.93104780e-05 -2.41440737e-07
0.9070333        3.27405238e-05 -1.58342496e-02 2.22600573e-05 3.31869332e-05 -1.57851853e-02 2.25044388e-05 -4.46409360e-07 -4.90642934e-05 -2.44381457e-07
0.9071242        3.20857649e-05 -1.61395480e-02 2.41173427e-05 3.25311733e-05 -1.60907029e-02 2.43633789e-05 -4.45408377e-07 -4.88450623e-05 -2.46036191e-07
0.9072152        3.12908155e-05 -1.62485834e-02 2.41511416e-05 3.17355143e-05 -1.61999426e-02 2.43979996e-05 -4.44698802e-07 -4.86407705e-05 -2.46858022e-07
0.9073065        3.13753060e-05 -1.63637697e-02 2.42163471e-05 3.18195546e-05 -1.63153170e-02 2.44632501e-05 -4.44248654e-07 -4.84526226e-05 -2.46903019e-07
0.9073978        3.11621615e-05 -1.64820835e-02 2.31787781e-05 3.16062437e-05 -1.64338036e-02 2.34251329e-05 -4.44082179e-07 -4.82798588e-05 -2.46354784e-07
0.9074892        3.13938633e-05 -1.65793754e-02 2.30881872e-05 3.18381505e-05 -1.65312545e-02 2.33332151e-05 -4.44287261e-07 -4.81208946e-05 -2.45027857e-07
0.9075807        3.12525702e-05 -1.50254103e-02 2.32558635e-05 3.16972260e-05 -1.49775688e-02 2.34990050e-05 -4.44655725e-07 -4.78414666e-05 -2.43141534e-07
0.9076724        3.13478877e-05 -1.36763498e-02 2.46340366e-05 3.17928624e-05 -1.36288866e-02 2.48753781e-05 -4.44974661e-07 -4.74631511e-05 -2.41341521e-07
0.9077643        3.09089127e-05 -1.57196459e-02 2.31789931e-05 3.13543067e-05 -1.56723889e-02 2.34189047e-05 -4.45393940e-07 -4.72570776e-05 -2.39911597e-07
0.9078562        3.08976944e-05 -1.78895604e-02 2.34166142e-05 3.13434816e-05 -1.78423639e-02 2.36554588e-05 -4.45787160e-07 -4.71964717e-05 -2.38844565e-07
0.9079483        3.09564156e-05 -2.00525486e-02 2.30534394e-05 3.14025635e-05 -2.00052825e-02 2.32913535e-05 -4.46147916e-07 -4.72660708e-05 -2.37914070e-07
0.9080404        3.09897942e-05 -2.22667099e-02 2.29914997e-05 3.14363258e-05 -2.22192517e-02 2.32284741e-05 -4.46531551e-07 -4.74581595e-05 -2.36974419e-07
0.9081326        3.10401678e-05 -2.45113006e-02 2.27949076e-05 3.14871115e-05 -2.44635326e-02 2.30309676e-05 -4.46943720e-07 -4.77680200e-05 -2.36060030e-07
0.9082247        3.29799628e-05 -2.76125257e-02 2.16288616e-05 3.34275425e-05 -2.75642609e-02 2.18637930e-05 -4.47579670e-07 -4.82647877e-05 -2.34931366e-07
0.9083168        3.01897956e-05 -2.63810210e-02 2.25381839e-05 3.06382597e-05 -2.63324165e-02 2.27714628e-05 -4.48464112e-07 -4.86044780e-05 -2.33278890e-07
0.9084087        3.08202432e-05 -2.27235876e-02 2.28712335e-05 3.12691241e-05 -2.26749413e-02 2.31032564e-05 -4.48880891e-07 -4.86463621e-05 -2.32022889e-07
0.9085007        3.04745496e-05 -1.89671956e-02 2.36071099e-05 3.09235747e-05 -1.89187596e-02 2.38382749e-05 -4.49025063e-07 -4.84360133e-05 -2.31165082e-07
0.9085927        2.66983974e-05 -1.51782792e-02 2.59195998e-05 2.71477052e-05 -1.51302808e-02 2.61498234e-05 -4.49307809e-07 -4.79984416e-05 -2.30223636e-07
0.908685         3.16906746e-05 -1.13342381e-02 2.27958263e-05 3.21392929e-05 -1.12868904e-02 2.30263072e-05 -4.48618307e-07 -4.73476793e-05 -2.30480901e-07
0.9087775        2.95096431e-05 -7.57850158e-03 2.39041982e-05 2.99574637e-05 -7.53200525e-03 2.41350921e-05 -4.47820593e-07 -4.64963302e-05 -2.30893941e-07
0.9088705        2.97278720e-05 -6.37294352e-03 2.62744773e-05 3.01750317e-05 -6.32729992e-03 2.65054254e-05 -4.47159730e-07 -4.56435970e-05 -2.30948073e-07
0.9089638        3.00558586e-05 -9.54256409e-03 2.53519681e-05 3.05027022e-05 -9.49746359e-03 2.55827117e-05 -4.46843594e-07 -4.51004946e-05 -2.30743579e-07
0.9090575        3.03506651e-05 -1.33721697e-02 2.46659341e-05 3.07975743e-05 -1.33273212e-02 2.48960741e-05 -4.46909219e-07 -4.48485496e-05 -2.30140007e-07
0.9091514        3.24157144e-05 -1.72646506e-02 2.34417984e-05 3.28626865e-05 -1.72197963e-02 2.36713749e-05 -4.46972102e-07 -4.48542554e-05 -2.29576459e-07
0.9092454        3.27333264e-05 -2.11274090e-02 2.11984555e-05 3.31803232e-05 -2.10823131e-02 2.14272849e-05 -4.46996771e-07 -4.50958621e-05 -2.28829382e-07
0.9093394        3.25633399e-05 -2.50541886e-02 2.17402104e-05 3.30107357e-05 -2.50086298e-02 2.19673070e-05 -4.47395790e-07 -4.55587947e-05 -2.27096672e-07
0.9094334        2.75263763e-05 -2.91552266e-02 2.31250641e-05 2.79752574e-05 -2.91089843e-02 2.33492848e-05 -4.48881038e-07 -4.62423815e-05 -2.24220695e-07
0.9095272        3.08640643e-05 -2.98260437e-02 2.16548832e-05 3.13144302e-05 -2.97791729e-02 2.18765070e-05 -4.50365906e-07 -4.68708100e-05 -2.21623812e-07
0.9096207        3.03638326e-05 -2.54093339e-02 2.25396122e-05 3.08151901e-05 -2.53622404e-02 2.27589531e-05 -4.51357533e-07 -4.70935616e-05 -2.19340859e-07
0.9097143        3.04563581e-05 -2.06509113e-02 2.47257917e-05 3.09082719e-05 -2.06039444e-02 2.49433240e-05 -4.51913754e-07 -4.69669413e-05 -2.17532263e-07
0.9098079        2.92317206e-05 -1.57290121e-02 2.25995364e-05 2.96832909e-05 -1.56824808e-02 2.28167225e-05 -4.51570357e-07 -4.65313484e-05 -2.17186089e-07
0.9099018        2.89453214e-05 -1.07570314e-02 2.48997463e-05 2.93960969e-05 -1.07112215e-02 2.51172971e-05 -4.50775532e-07 -4.58098913e-05 -2.17550777e-07
0.909996         2.87633344e-05 -5.78014555e-03 2.84594689e-05 2.92130227e-05 -5.73532925e-03 2.86771660e-05 -4.49688369e-07 -4.48163058e-05 -2.17697062e-07
