# Field minima and maxima
# Time          	field           	min             	location(min)   	processor       	max             	location(max)   	processor       
0.8752648       	mag(U)          	0.00000000e+00	(-6.29305556e-03 -2.48035714e-02 -5.60233108e-02)	0	3.93395010e-01	(1.71464234e-02 2.28800058e-03 -3.67672513e-02)	7
0.8755215       	mag(U)          	0.00000000e+00	(-6.29305556e-03 -2.48035714e-02 -5.60233108e-02)	0	3.94083866e-01	(1.71372370e-02 2.28800058e-03 -3.67008787e-02)	7
0.8757755       	mag(U)          	0.00000000e+00	(-6.29305556e-03 -2.48035714e-02 -5.60233108e-02)	0	3.94435822e-01	(1.71283414e-02 2.28800058e-03 -3.66353230e-02)	7
0.8760354       	mag(U)          	0.00000000e+00	(-6.29305556e-03 -2.48035714e-02 -5.60233108e-02)	0	3.94615516e-01	(1.71194134e-02 2.28800058e-03 -3.65683434e-02)	7
0.8762997       	mag(U)          	0.00000000e+00	(-6.29305556e-03 -2.48035714e-02 -5.60233108e-02)	0	3.95217693e-01	(1.71105631e-02 2.28800058e-03 -3.64998805e-02)	7
0.8765596       	mag(U)          	0.00000000e+00	(-6.29305556e-03 -2.48035714e-02 -5.60233108e-02)	0	3.96335652e-01	(1.71022209e-02 2.28800058e-03 -3.64320368e-02)	7
0.8768115       	mag(U)          	0.00000000e+00	(-6.29305556e-03 -2.48035714e-02 -5.60233108e-02)	0	3.96954045e-01	(1.70941665e-02 2.28800058e-03 -3.63660996e-02)	7
0.8770619       	mag(U)          	0.00000000e+00	(-6.29305556e-03 -2.48035714e-02 -5.60233108e-02)	0	3.96683134e-01	(1.70857735e-02 2.28800058e-03 -3.63007353e-02)	7
0.8773164       	mag(U)          	0.00000000e+00	(-6.29305556e-03 -2.48035714e-02 -5.60233108e-02)	0	3.96540160e-01	(1.70770326e-02 2.28800058e-03 -3.62343202e-02)	7
0.8775726       	mag(U)          	0.00000000e+00	(-6.29305556e-03 -2.48035714e-02 -5.60233108e-02)	0	3.97408140e-01	(1.70686935e-02 2.28800058e-03 -3.61671217e-02)	7
0.8778234       	mag(U)          	0.00000000e+00	(-6.29305556e-03 -2.48035714e-02 -5.60233108e-02)	0	3.98798956e-01	(1.70611854e-02 2.28800058e-03 -3.61008149e-02)	7
0.8780673       	mag(U)          	0.00000000e+00	(-6.29305556e-03 -2.48035714e-02 -5.60233108e-02)	0	3.99441366e-01	(1.70539700e-02 2.28800058e-03 -3.60362223e-02)	7
0.8783097       	mag(U)          	0.00000000e+00	(-6.29305556e-03 -2.48035714e-02 -5.60233108e-02)	0	3.99204849e-01	(1.70463657e-02 2.28800058e-03 -3.59721508e-02)	7
0.878556        	mag(U)          	0.00000000e+00	(-6.29305556e-03 -2.48035714e-02 -5.60233108e-02)	0	3.99106436e-01	(1.70384303e-02 2.28800058e-03 -3.59070631e-02)	7
0.8788034       	mag(U)          	0.00000000e+00	(-6.29305556e-03 -2.48035714e-02 -5.60233108e-02)	0	3.99617177e-01	(1.70308780e-02 2.28800058e-03 -3.58415484e-02)	7
0.8790468       	mag(U)          	0.00000000e+00	(-6.29305556e-03 -2.48035714e-02 -5.60233108e-02)	0	4.00447801e-01	(1.70240629e-02 2.28800058e-03 -3.57768536e-02)	7
0.8792839       	mag(U)          	0.00000000e+00	(-6.29305556e-03 -2.48035714e-02 -5.60233108e-02)	0	4.00946897e-01	(1.70176307e-02 2.28800058e-03 -3.57137254e-02)	7
0.8795197       	mag(U)          	0.00000000e+00	(-6.29305556e-03 -2.48035714e-02 -5.60233108e-02)	0	4.00931581e-01	(1.70110889e-02 2.28800058e-03 -3.56510765e-02)	7
0.8797602       	mag(U)          	0.00000000e+00	(-6.29305556e-03 -2.48035714e-02 -5.60233108e-02)	0	4.00813130e-01	(1.70043452e-02 2.28800058e-03 -3.55872811e-02)	7
0.8800041       	mag(U)          	0.00000000e+00	(-6.29305556e-03 -2.48035714e-02 -5.60233108e-02)	0	4.01382300e-01	(1.69977074e-02 2.28800058e-03 -3.55221965e-02)	7
0.8802412       	mag(U)          	0.00000000e+00	(-6.29305556e-03 -2.48035714e-02 -5.60233108e-02)	0	4.02823568e-01	(1.69916669e-02 2.28800058e-03 -3.54581651e-02)	7
0.8804651       	mag(U)          	0.00000000e+00	(-6.29305556e-03 -2.48035714e-02 -5.60233108e-02)	0	4.03909392e-01	(1.69861251e-02 2.28800058e-03 -3.53974035e-02)	7
0.880684        	mag(U)          	0.00000000e+00	(-6.29305556e-03 -2.48035714e-02 -5.60233108e-02)	0	4.03853204e-01	(1.69805074e-02 2.28800058e-03 -3.53382060e-02)	7
0.8809066       	mag(U)          	0.00000000e+00	(-6.29305556e-03 -2.48035714e-02 -5.60233108e-02)	0	4.03151342e-01	(1.69744306e-02 2.28800058e-03 -3.52783821e-02)	7
0.8811356       	mag(U)          	0.00000000e+00	(-6.29305556e-03 -2.48035714e-02 -5.60233108e-02)	0	4.03017676e-01	(1.69682225e-02 2.28800058e-03 -3.52168234e-02)	7
0.8813633       	mag(U)          	0.00000000e+00	(-6.29305556e-03 -2.48035714e-02 -5.60233108e-02)	0	4.03879645e-01	(1.69625919e-02 2.28800058e-03 -3.51552093e-02)	7
0.8815818       	mag(U)          	0.00000000e+00	(-6.29305556e-03 -2.48035714e-02 -5.60233108e-02)	0	4.04934112e-01	(1.69576790e-02 2.28800058e-03 -3.50957274e-02)	7
0.8817921       	mag(U)          	0.00000000e+00	(-6.29305556e-03 -2.48035714e-02 -5.60233108e-02)	0	4.05547806e-01	(1.69530796e-02 2.28800058e-03 -3.50383690e-02)	7
0.882001        	mag(U)          	0.00000000e+00	(-6.29305556e-03 -2.48035714e-02 -5.60233108e-02)	0	4.05646190e-01	(1.69483684e-02 2.28800058e-03 -3.49815174e-02)	7
0.882214        	mag(U)          	0.00000000e+00	(-6.29305556e-03 -2.48035714e-02 -5.60233108e-02)	0	4.05671546e-01	(1.69434803e-02 2.28800058e-03 -3.49235870e-02)	7
0.8824301       	mag(U)          	0.00000000e+00	(-6.29305556e-03 -2.48035714e-02 -5.60233108e-02)	0	4.05763541e-01	(1.69386563e-02 2.28800058e-03 -3.48647338e-02)	7
0.8826427       	mag(U)          	0.00000000e+00	(-6.29305556e-03 -2.48035714e-02 -5.60233108e-02)	0	4.06047593e-01	(1.69342394e-02 2.28800058e-03 -3.48066612e-02)	7
0.8828465       	mag(U)          	0.00000000e+00	(-6.29305556e-03 -2.48035714e-02 -5.60233108e-02)	0	4.06419854e-01	(1.69302654e-02 2.28800058e-03 -3.47508690e-02)	7
0.883044        	mag(U)          	0.00000000e+00	(-6.29305556e-03 -2.48035714e-02 -5.60233108e-02)	0	4.06719755e-01	(1.69264756e-02 2.28800058e-03 -3.46967363e-02)	7
0.8832406       	mag(U)          	0.00000000e+00	(-6.29305556e-03 -2.48035714e-02 -5.60233108e-02)	0	4.06831399e-01	(1.69226052e-02 2.28800058e-03 -3.46429439e-02)	7
0.8834412       	mag(U)          	0.00000000e+00	(-6.29305556e-03 -2.48035714e-02 -5.60233108e-02)	0	4.06778925e-01	(1.69185735e-02 2.28800058e-03 -3.45881197e-02)	7
0.883645        	mag(U)          	0.00000000e+00	(-6.29305556e-03 -2.48035714e-02 -5.60233108e-02)	0	4.06886977e-01	(1.69145852e-02 2.28800058e-03 -3.45323243e-02)	7
0.8838456       	mag(U)          	0.00000000e+00	(-6.29305556e-03 -2.48035714e-02 -5.60233108e-02)	0	4.07330750e-01	(1.69109423e-02 2.28800058e-03 -3.44770961e-02)	7
0.8840369       	mag(U)          	0.00000000e+00	(-6.29305556e-03 -2.48035714e-02 -5.60233108e-02)	0	4.07979471e-01	(1.69077108e-02 2.28800058e-03 -3.44241293e-02)	7
0.8842201       	mag(U)          	0.00000000e+00	(-6.29305556e-03 -2.48035714e-02 -5.60233108e-02)	0	4.08574597e-01	(1.69047575e-02 2.28800058e-03 -3.43733114e-02)	7
0.884401        	mag(U)          	0.00000000e+00	(-6.29305556e-03 -2.48035714e-02 -5.60233108e-02)	0	4.08971941e-01	(1.69019061e-02 2.28800058e-03 -3.43231703e-02)	7
0.8845842       	mag(U)          	0.00000000e+00	(-6.29305556e-03 -2.48035714e-02 -5.60233108e-02)	0	4.09274734e-01	(1.68990796e-02 2.28800058e-03 -3.42724748e-02)	7
0.8847722       	mag(U)          	0.00000000e+00	(-6.29305556e-03 -2.48035714e-02 -5.60233108e-02)	0	4.09400240e-01	(1.68962687e-02 2.28800058e-03 -3.42204575e-02)	7
0.8849608       	mag(U)          	0.00000000e+00	(-6.29305556e-03 -2.48035714e-02 -5.60233108e-02)	0	4.09352908e-01	(1.68935452e-02 2.28800058e-03 -3.41681897e-02)	7
0.8851446       	mag(U)          	0.00000000e+00	(-6.29305556e-03 -2.48035714e-02 -5.60233108e-02)	0	4.09243864e-01	(1.68909890e-02 2.28800058e-03 -3.41171156e-02)	7
0.8853197       	mag(U)          	0.00000000e+00	(-6.29305556e-03 -2.48035714e-02 -5.60233108e-02)	0	4.09334314e-01	(1.68886413e-02 2.28800058e-03 -3.40683517e-02)	7
0.8854891       	mag(U)          	0.00000000e+00	(-6.29305556e-03 -2.48035714e-02 -5.60233108e-02)	0	4.09605967e-01	(1.68864469e-02 2.28800058e-03 -3.40211379e-02)	7
0.8856572       	mag(U)          	0.00000000e+00	(-6.29305556e-03 -2.48035714e-02 -5.60233108e-02)	0	4.09963715e-01	(1.68843382e-02 2.28800058e-03 -3.39742952e-02)	7
0.8858279       	mag(U)          	0.00000000e+00	(-6.29305556e-03 -2.48035714e-02 -5.60233108e-02)	0	4.10247210e-01	(1.68822312e-02 2.28800058e-03 -3.39268041e-02)	7
0.8860027       	mag(U)          	0.00000000e+00	(-6.29305556e-03 -2.48035714e-02 -5.60233108e-02)	0	4.10338464e-01	(1.68801482e-02 2.28800058e-03 -3.38781509e-02)	7
0.8861781       	mag(U)          	0.00000000e+00	(-6.29305556e-03 -2.48035714e-02 -5.60233108e-02)	0	4.10331328e-01	(1.68782135e-02 2.28800058e-03 -3.38292858e-02)	7
0.8863498       	mag(U)          	0.00000000e+00	(-6.29305556e-03 -2.48035714e-02 -5.60233108e-02)	0	4.10344061e-01	(1.68765623e-02 2.28800058e-03 -3.37813337e-02)	7
0.8865142       	mag(U)          	0.00000000e+00	(-6.29305556e-03 -2.48035714e-02 -5.60233108e-02)	0	4.10546043e-01	(1.68752399e-02 2.28800058e-03 -3.37352897e-02)	7
0.8866732       	mag(U)          	0.00000000e+00	(-6.29305556e-03 -2.48035714e-02 -5.60233108e-02)	0	4.10730020e-01	(1.68740516e-02 2.28800058e-03 -3.36907458e-02)	7
0.8868299       	mag(U)          	0.00000000e+00	(-6.29305556e-03 -2.48035714e-02 -5.60233108e-02)	0	4.10823731e-01	(1.68728108e-02 2.28800058e-03 -3.36468198e-02)	7
0.8869873       	mag(U)          	0.00000000e+00	(-6.29305556e-03 -2.48035714e-02 -5.60233108e-02)	0	4.10756452e-01	(1.68713469e-02 2.28800058e-03 -3.36027533e-02)	7
0.8871474       	mag(U)          	0.00000000e+00	(-6.29305556e-03 -2.48035714e-02 -5.60233108e-02)	0	4.10595404e-01	(1.68696695e-02 2.28800058e-03 -3.35579664e-02)	7
0.8873237       	mag(U)          	0.00000000e+00	(-6.29305556e-03 -2.48035714e-02 -5.60233108e-02)	0	4.10378610e-01	(1.68678552e-02 2.28800058e-03 -3.35086156e-02)	7
0.8875          	mag(U)          	0.00000000e+00	(-6.29305556e-03 -2.48035714e-02 -5.60233108e-02)	0	4.10394483e-01	(1.68663565e-02 2.28800058e-03 -3.34591754e-02)	7
0.8876562       	mag(U)          	0.00000000e+00	(-6.29305556e-03 -2.48035714e-02 -5.60233108e-02)	0	4.12265928e-01	(-6.30798642e-03 -6.05553714e-03 -5.11858335e-02)	4
0.8878064       	mag(U)          	0.00000000e+00	(-6.29305556e-03 -2.48035714e-02 -5.60233108e-02)	0	4.20321614e-01	(-6.30900464e-03 -6.05553714e-03 -5.11430917e-02)	4
0.8879529       	mag(U)          	0.00000000e+00	(-9.57361111e-03 -2.81107143e-02 -5.60233108e-02)	0	4.23715520e-01	(-6.31007137e-03 -6.05553714e-03 -5.11011229e-02)	4
0.8880984       	mag(U)          	0.00000000e+00	(-9.57361111e-03 -2.81107143e-02 -5.60233108e-02)	0	4.22635119e-01	(-6.31103598e-03 -6.05553714e-03 -5.10595171e-02)	4
0.8882451       	mag(U)          	0.00000000e+00	(-9.57361111e-03 -2.81107143e-02 -5.60233108e-02)	0	4.17625573e-01	(-6.31173976e-03 -6.05553714e-03 -5.10179734e-02)	4
0.8883947       	mag(U)          	0.00000000e+00	(-9.57361111e-03 -2.81107143e-02 -5.60233108e-02)	0	4.14003729e-01	(-6.31224301e-03 -6.05553714e-03 -5.09758163e-02)	4
0.8885463       	mag(U)          	0.00000000e+00	(-9.57361111e-03 -2.81107143e-02 -5.60233108e-02)	0	4.15058780e-01	(-6.31281227e-03 -6.05553714e-03 -5.09329244e-02)	4
0.8886971       	mag(U)          	0.00000000e+00	(-9.57361111e-03 -2.81107143e-02 -5.60233108e-02)	0	4.21311325e-01	(-6.31372286e-03 -6.05553714e-03 -5.08897094e-02)	4
0.8888446       	mag(U)          	0.00000000e+00	(-9.57361111e-03 -2.81107143e-02 -5.60233108e-02)	0	4.32351420e-01	(-6.31519514e-03 -6.05553714e-03 -5.08465873e-02)	4
0.8889867       	mag(U)          	0.00000000e+00	(-9.57361111e-03 -2.81107143e-02 -5.60233108e-02)	0	4.42613772e-01	(-6.31711126e-03 -6.05553714e-03 -5.08042517e-02)	4
0.8891248       	mag(U)          	0.00000000e+00	(-9.57361111e-03 -2.81107143e-02 -5.60233108e-02)	0	4.48484048e-01	(-6.31921391e-03 -6.05553714e-03 -5.07627257e-02)	4
0.889261        	mag(U)          	0.00000000e+00	(-9.57361111e-03 -2.81107143e-02 -5.60233108e-02)	0	4.49929304e-01	(-6.32130581e-03 -6.05553714e-03 -5.07216699e-02)	4
0.8893972       	mag(U)          	0.00000000e+00	(-9.57361111e-03 -2.81107143e-02 -5.60233108e-02)	0	4.47067081e-01	(-6.32320463e-03 -6.05553714e-03 -5.06808151e-02)	4
0.8895353       	mag(U)          	0.00000000e+00	(-9.57361111e-03 -2.81107143e-02 -5.60233108e-02)	0	4.41456183e-01	(-6.32482270e-03 -6.05553714e-03 -5.06397803e-02)	4
0.8896762       	mag(U)          	0.00000000e+00	(-9.57361111e-03 -2.81107143e-02 -5.60233108e-02)	0	4.38997103e-01	(-6.32634242e-03 -6.05553714e-03 -5.05980320e-02)	4
0.8898182       	mag(U)          	0.00000000e+00	(-9.57361111e-03 -2.81107143e-02 -5.60233108e-02)	0	4.41443747e-01	(-6.32798534e-03 -6.05553714e-03 -5.05557111e-02)	4
0.8899589       	mag(U)          	0.00000000e+00	(-3.01250000e-03 -2.14964286e-02 -5.27456081e-02)	0	4.49074897e-01	(-6.32996874e-03 -6.05553714e-03 -5.05131453e-02)	4
0.8900961       	mag(U)          	0.00000000e+00	(-3.01250000e-03 -2.14964286e-02 -5.27456081e-02)	0	4.61333166e-01	(-6.33244971e-03 -6.05553714e-03 -5.04707163e-02)	4
0.8902282       	mag(U)          	0.00000000e+00	(-3.01250000e-03 -2.14964286e-02 -5.27456081e-02)	0	4.72565839e-01	(-6.33528949e-03 -6.05553714e-03 -5.04290820e-02)	4
0.8903564       	mag(U)          	0.00000000e+00	(-3.01250000e-03 -2.14964286e-02 -5.27456081e-02)	0	4.79042237e-01	(-6.33827868e-03 -6.05553714e-03 -5.03882437e-02)	4
0.8904829       	mag(U)          	0.00000000e+00	(-3.01250000e-03 -2.14964286e-02 -5.27456081e-02)	0	4.80964078e-01	(-6.34126969e-03 -6.05553714e-03 -5.03478683e-02)	4
0.8906092       	mag(U)          	0.00000000e+00	(-3.01250000e-03 -2.14964286e-02 -5.27456081e-02)	0	4.78320392e-01	(-6.34412355e-03 -6.05553714e-03 -5.03077340e-02)	4
0.8907372       	mag(U)          	0.00000000e+00	(-3.01250000e-03 -2.14964286e-02 -5.27456081e-02)	0	4.72181115e-01	(-6.34674907e-03 -6.05553714e-03 -5.02675067e-02)	4
0.8908679       	mag(U)          	0.00000000e+00	(-6.29305556e-03 -2.48035714e-02 -4.61902027e-02)	0	4.67970158e-01	(-6.34926153e-03 -6.05553714e-03 -5.02266798e-02)	4
0.8910003       	mag(U)          	0.00000000e+00	(-6.29305556e-03 -2.81107143e-02 -4.61902027e-02)	0	4.67751950e-01	(-6.35180985e-03 -6.05553714e-03 -5.01852670e-02)	4
0.8911327       	mag(U)          	0.00000000e+00	(-6.29305556e-03 -2.81107143e-02 -4.61902027e-02)	0	4.71930895e-01	(-6.35454053e-03 -6.05553714e-03 -5.01434918e-02)	4
0.8912633       	mag(U)          	0.00000000e+00	(-6.29305556e-03 -2.81107143e-02 -4.61902027e-02)	0	4.80593213e-01	(-6.35758594e-03 -6.05553714e-03 -5.01016489e-02)	4
0.8913904       	mag(U)          	0.00000000e+00	(-6.29305556e-03 -2.81107143e-02 -4.61902027e-02)	0	4.91178811e-01	(-6.36096583e-03 -6.05553714e-03 -5.00601135e-02)	4
0.891514        	mag(U)          	0.00000000e+00	(-6.29305556e-03 -2.81107143e-02 -4.61902027e-02)	0	4.99058274e-01	(-6.36452963e-03 -6.05553714e-03 -5.00192271e-02)	4
0.8916352       	mag(U)          	0.00000000e+00	(-6.29305556e-03 -2.81107143e-02 -4.61902027e-02)	0	5.03817679e-01	(-6.36817310e-03 -6.05553714e-03 -4.99788179e-02)	4
0.8917554       	mag(U)          	0.00000000e+00	(-6.29305556e-03 -2.81107143e-02 -4.61902027e-02)	0	5.05552091e-01	(-6.37181265e-03 -6.05553714e-03 -4.99386762e-02)	4
0.8918754       	mag(U)          	0.00000000e+00	(-6.29305556e-03 -2.81107143e-02 -4.61902027e-02)	0	5.04259207e-01	(-6.37536281e-03 -6.05553714e-03 -4.98986876e-02)	4
0.8919963       	mag(U)          	0.00000000e+00	(-6.29305556e-03 -2.81107143e-02 -4.61902027e-02)	0	5.01097779e-01	(-6.37879138e-03 -6.05553714e-03 -4.98586176e-02)	4
0.8921186       	mag(U)          	0.00000000e+00	(-6.29305556e-03 -2.81107143e-02 -4.61902027e-02)	0	4.99555453e-01	(-6.38218607e-03 -6.05553714e-03 -4.98181913e-02)	4
0.8922416       	mag(U)          	0.00000000e+00	(-6.29305556e-03 -2.81107143e-02 -4.61902027e-02)	0	5.00468202e-01	(-6.38562814e-03 -6.05553714e-03 -4.97774385e-02)	4
0.8923644       	mag(U)          	0.00000000e+00	(-6.29305556e-03 -2.81107143e-02 -4.61902027e-02)	0	5.04038833e-01	(-6.38919236e-03 -6.05553714e-03 -4.97364865e-02)	4
0.8924859       	mag(U)          	0.00000000e+00	(-6.29305556e-03 -2.81107143e-02 -4.61902027e-02)	0	5.10274393e-01	(-6.39294805e-03 -6.05553714e-03 -4.96954708e-02)	4
0.8926052       	mag(U)          	0.00000000e+00	(-6.29305556e-03 -2.81107143e-02 -4.61902027e-02)	0	5.18643943e-01	(-6.39691984e-03 -6.05553714e-03 -4.96545636e-02)	4
0.8927219       	mag(U)          	0.00000000e+00	(-6.29305556e-03 -2.81107143e-02 -4.61902027e-02)	0	5.25946771e-01	(-6.40102239e-03 -6.05553714e-03 -4.96140359e-02)	4
0.8928367       	mag(U)          	0.00000000e+00	(-6.29305556e-03 -2.81107143e-02 -4.61902027e-02)	0	5.30763313e-01	(-6.40519697e-03 -6.05553714e-03 -4.95738935e-02)	4
0.8929503       	mag(U)          	0.00000000e+00	(-6.29305556e-03 -2.81107143e-02 -4.61902027e-02)	0	5.33129710e-01	(-6.40940671e-03 -6.05553714e-03 -4.95340095e-02)	4
0.8930637       	mag(U)          	0.00000000e+00	(-6.29305556e-03 -2.81107143e-02 -4.61902027e-02)	0	5.33095773e-01	(-6.41361931e-03 -6.05553714e-03 -4.94942595e-02)	4
0.8931775       	mag(U)          	0.00000000e+00	(-6.29305556e-03 -2.81107143e-02 -4.61902027e-02)	0	5.30675075e-01	(-6.41779659e-03 -6.05553714e-03 -4.94546008e-02)	4
0.8932924       	mag(U)          	0.00000000e+00	(-6.29305556e-03 -2.81107143e-02 -4.61902027e-02)	0	5.27804030e-01	(-6.42196474e-03 -6.05553714e-03 -4.94147492e-02)	4
0.8934086       	mag(U)          	0.00000000e+00	(-6.29305556e-03 -2.81107143e-02 -4.61902027e-02)	0	5.26980473e-01	(-6.42618195e-03 -6.05553714e-03 -4.93745712e-02)	4
0.893525        	mag(U)          	0.00000000e+00	(-6.29305556e-03 -2.81107143e-02 -4.61902027e-02)	0	5.28528244e-01	(-6.43048945e-03 -6.05553714e-03 -4.93341377e-02)	4
0.893641        	mag(U)          	0.00000000e+00	(-6.29305556e-03 -2.81107143e-02 -4.61902027e-02)	0	5.32562759e-01	(-6.43492200e-03 -6.05553714e-03 -4.92935691e-02)	4
0.8937558       	mag(U)          	0.00000000e+00	(-6.29305556e-03 -2.81107143e-02 -4.61902027e-02)	0	5.39204925e-01	(-6.43951392e-03 -6.05553714e-03 -4.92529485e-02)	4
0.8938686       	mag(U)          	0.00000000e+00	(-6.29305556e-03 -2.81107143e-02 -4.61902027e-02)	0	5.47387691e-01	(-6.44428207e-03 -6.05553714e-03 -4.92124478e-02)	4
0.8939791       	mag(U)          	0.00000000e+00	(-6.29305556e-03 -2.81107143e-02 -4.61902027e-02)	0	5.54074324e-01	(-6.44915710e-03 -6.05553714e-03 -4.91723174e-02)	4
0.8940881       	mag(U)          	0.00000000e+00	(-6.29305556e-03 -2.81107143e-02 -4.61902027e-02)	0	5.58574881e-01	(-6.45408299e-03 -6.05553714e-03 -4.91324893e-02)	4
0.894196        	mag(U)          	0.00000000e+00	(-6.29305556e-03 -2.81107143e-02 -4.61902027e-02)	0	5.60981572e-01	(-6.45901105e-03 -6.05553714e-03 -4.90928947e-02)	4
0.8943038       	mag(U)          	0.00000000e+00	(-6.29305556e-03 -2.81107143e-02 -4.61902027e-02)	0	5.61243911e-01	(-6.46390639e-03 -6.05553714e-03 -4.90533856e-02)	4
0.8944117       	mag(U)          	0.00000000e+00	(-6.29305556e-03 -2.81107143e-02 -4.61902027e-02)	0	5.65527584e-01	(-7.42127376e-03 1.28342582e-02 -5.18829444e-02)	6
0.8945205       	mag(U)          	0.00000000e+00	(-6.29305556e-03 -2.81107143e-02 -4.61902027e-02)	0	5.71401585e-01	(-7.42710051e-03 1.28342582e-02 -5.18429946e-02)	6
0.8946301       	mag(U)          	0.00000000e+00	(-6.29305556e-03 -2.81107143e-02 -4.61902027e-02)	0	5.75672210e-01	(-7.43290945e-03 1.28342582e-02 -5.18027549e-02)	6
0.8947401       	mag(U)          	0.00000000e+00	(-6.29305556e-03 -2.81107143e-02 -4.61902027e-02)	0	5.78716735e-01	(-7.43878018e-03 1.28342582e-02 -5.17622989e-02)	6
0.8948498       	mag(U)          	0.00000000e+00	(-6.29305556e-03 -2.81107143e-02 -4.61902027e-02)	0	5.81080587e-01	(-7.44478616e-03 1.28342582e-02 -5.17217458e-02)	6
0.8949586       	mag(U)          	0.00000000e+00	(-6.29305556e-03 -2.81107143e-02 -4.61902027e-02)	0	5.83216395e-01	(-7.45100853e-03 1.28342582e-02 -5.16811343e-02)	6
0.8950661       	mag(U)          	0.00000000e+00	(-6.29305556e-03 -2.81107143e-02 -4.61902027e-02)	0	5.85643542e-01	(-7.45750540e-03 1.28342582e-02 -5.16405539e-02)	6
0.8951719       	mag(U)          	0.00000000e+00	(-6.29305556e-03 -2.81107143e-02 -4.61902027e-02)	0	5.89230916e-01	(-7.46422064e-03 1.28342582e-02 -5.16001811e-02)	6
0.8952761       	mag(U)          	0.00000000e+00	(-6.29305556e-03 -2.81107143e-02 -4.61902027e-02)	0	5.94109910e-01	(-7.47105406e-03 1.28342582e-02 -5.15601032e-02)	6
0.8953793       	mag(U)          	0.00000000e+00	(-6.29305556e-03 -2.81107143e-02 -4.61902027e-02)	0	5.99753997e-01	(-7.47794038e-03 1.28342582e-02 -5.15202459e-02)	6
0.8954821       	mag(U)          	0.00000000e+00	(-6.29305556e-03 -2.81107143e-02 -4.61902027e-02)	0	6.05799587e-01	(-7.48482748e-03 1.28342582e-02 -5.14804966e-02)	6
0.8955848       	mag(U)          	0.00000000e+00	(-6.29305556e-03 -2.81107143e-02 -4.61902027e-02)	0	6.11893112e-01	(-7.49165214e-03 1.28342582e-02 -5.14408221e-02)	6
0.8956881       	mag(U)          	0.00000000e+00	(-6.29305556e-03 -2.81107143e-02 -4.61902027e-02)	0	6.17729811e-01	(-7.49836461e-03 1.28342582e-02 -5.14011497e-02)	6
0.8957924       	mag(U)          	0.00000000e+00	(-6.29305556e-03 -2.81107143e-02 -4.61902027e-02)	0	6.22292125e-01	(-7.50501351e-03 1.28342582e-02 -5.13612834e-02)	6
0.8958978       	mag(U)          	0.00000000e+00	(-6.29305556e-03 -2.81107143e-02 -4.61902027e-02)	0	6.24941552e-01	(-7.51168844e-03 1.28342582e-02 -5.13210713e-02)	6
0.8960035       	mag(U)          	0.00000000e+00	(-6.29305556e-03 -2.81107143e-02 -4.61902027e-02)	0	6.26245151e-01	(-7.51843711e-03 1.28342582e-02 -5.12806357e-02)	6
0.8961089       	mag(U)          	0.00000000e+00	(-6.29305556e-03 -2.81107143e-02 -4.61902027e-02)	0	6.26813717e-01	(-7.52532034e-03 1.28342582e-02 -5.12400218e-02)	6
0.8962135       	mag(U)          	0.00000000e+00	(-6.29305556e-03 -2.81107143e-02 -4.61902027e-02)	0	6.27316911e-01	(-7.53238034e-03 1.28342582e-02 -5.11993621e-02)	6
0.8963165       	mag(U)          	0.00000000e+00	(-6.29305556e-03 -2.81107143e-02 -4.61902027e-02)	0	6.28214129e-01	(-7.53965690e-03 1.28342582e-02 -5.11587209e-02)	6
0.8964176       	mag(U)          	0.00000000e+00	(-6.29305556e-03 -2.81107143e-02 -4.61902027e-02)	0	6.30646564e-01	(-7.54707665e-03 1.28342582e-02 -5.11183626e-02)	6
0.8965169       	mag(U)          	0.00000000e+00	(-6.29305556e-03 -2.81107143e-02 -4.61902027e-02)	0	6.34915072e-01	(-7.55456269e-03 1.28342582e-02 -5.10783542e-02)	6
0.8966152       	mag(U)          	0.00000000e+00	(-6.29305556e-03 -2.81107143e-02 -4.61902027e-02)	0	6.40218508e-01	(-7.56208181e-03 1.28342582e-02 -5.10385684e-02)	6
0.8967129       	mag(U)          	0.00000000e+00	(-6.29305556e-03 -2.81107143e-02 -4.61902027e-02)	0	6.46056288e-01	(-7.56959185e-03 1.28342582e-02 -5.09989552e-02)	6
0.8968107       	mag(U)          	0.00000000e+00	(-6.29305556e-03 -2.81107143e-02 -4.61902027e-02)	0	6.52027323e-01	(-7.57706711e-03 1.28342582e-02 -5.09593901e-02)	6
0.896909        	mag(U)          	0.00000000e+00	(-9.57361111e-03 -2.81107143e-02 -4.61902027e-02)	0	6.57574460e-01	(-7.58446282e-03 1.28342582e-02 -5.09198593e-02)	6
0.8970084       	mag(U)          	0.00000000e+00	(-9.57361111e-03 -2.81107143e-02 -4.61902027e-02)	0	6.61698231e-01	(-7.59182675e-03 1.28342582e-02 -5.08801114e-02)	6
0.8971089       	mag(U)          	0.00000000e+00	(-9.57361111e-03 -2.81107143e-02 -4.61902027e-02)	0	6.63928143e-01	(-7.59921500e-03 1.28342582e-02 -5.08400571e-02)	6
0.8972099       	mag(U)          	0.00000000e+00	(-9.57361111e-03 -2.81107143e-02 -4.61902027e-02)	0	6.64649310e-01	(-7.60665760e-03 1.28342582e-02 -5.07997541e-02)	6
0.897311        	mag(U)          	0.00000000e+00	(-9.57361111e-03 -2.81107143e-02 -4.61902027e-02)	0	6.64576667e-01	(-7.61417763e-03 1.28342582e-02 -5.07593028e-02)	6
0.8974117       	mag(U)          	0.00000000e+00	(-9.57361111e-03 -2.81107143e-02 -4.61902027e-02)	0	6.64093420e-01	(-7.62181110e-03 1.28342582e-02 -5.07187275e-02)	6
0.8975114       	mag(U)          	0.00000000e+00	(-9.57361111e-03 -2.81107143e-02 -4.61902027e-02)	0	6.63716843e-01	(-7.62957506e-03 1.28342582e-02 -5.06781365e-02)	6
0.8976097       	mag(U)          	0.00000000e+00	(-9.57361111e-03 -2.81107143e-02 -4.61902027e-02)	0	6.64248485e-01	(-7.63745557e-03 1.28342582e-02 -5.06376327e-02)	6
0.8977067       	mag(U)          	0.00000000e+00	(-9.57361111e-03 -2.81107143e-02 -4.61902027e-02)	0	6.66319115e-01	(-7.64539283e-03 1.28342582e-02 -5.05973516e-02)	6
0.8978026       	mag(U)          	0.00000000e+00	(-9.57361111e-03 -2.81107143e-02 -4.61902027e-02)	0	6.69467801e-01	(-7.65335821e-03 1.28342582e-02 -5.05572860e-02)	6
0.8978978       	mag(U)          	0.00000000e+00	(-9.57361111e-03 -2.81107143e-02 -4.61902027e-02)	0	6.73187648e-01	(-7.66134141e-03 1.28342582e-02 -5.05173522e-02)	6
0.8979928       	mag(U)          	0.00000000e+00	(-9.57361111e-03 -2.81107143e-02 -4.61902027e-02)	0	6.77146117e-01	(-7.66932671e-03 1.28342582e-02 -5.04775042e-02)	6
0.8980879       	mag(U)          	0.00000000e+00	(-9.57361111e-03 -2.81107143e-02 -4.61902027e-02)	0	6.81005801e-01	(-7.67729932e-03 1.28342582e-02 -5.04376960e-02)	6
0.8981834       	mag(U)          	0.00000000e+00	(-9.57361111e-03 -2.81107143e-02 -4.61902027e-02)	0	6.84413863e-01	(-7.68524922e-03 1.28342582e-02 -5.03978688e-02)	6
0.8982796       	mag(U)          	0.00000000e+00	(-9.57361111e-03 -2.81107143e-02 -4.61902027e-02)	0	6.86585957e-01	(-7.69321035e-03 1.28342582e-02 -5.03578754e-02)	6
0.8983764       	mag(U)          	0.00000000e+00	(-9.57361111e-03 -2.81107143e-02 -4.61902027e-02)	0	6.87553445e-01	(-7.70120987e-03 1.28342582e-02 -5.03176990e-02)	6
0.8984735       	mag(U)          	0.00000000e+00	(-9.57361111e-03 -2.81107143e-02 -4.61902027e-02)	0	6.87684730e-01	(-7.70926812e-03 1.28342582e-02 -5.02773615e-02)	6
0.8985704       	mag(U)          	0.00000000e+00	(-9.57361111e-03 -2.81107143e-02 -4.61902027e-02)	0	6.87357885e-01	(-7.71739727e-03 1.28342582e-02 -5.02369242e-02)	6
0.898667        	mag(U)          	0.00000000e+00	(-9.57361111e-03 -2.81107143e-02 -4.61902027e-02)	0	6.86842695e-01	(-7.72561579e-03 1.28342582e-02 -5.01964118e-02)	6
0.898763        	mag(U)          	0.00000000e+00	(-9.57361111e-03 -2.81107143e-02 -4.61902027e-02)	0	6.86439059e-01	(-7.73394023e-03 1.28342582e-02 -5.01558511e-02)	6
0.898858        	mag(U)          	0.00000000e+00	(-9.57361111e-03 -2.81107143e-02 -4.61902027e-02)	0	6.86489023e-01	(-7.74237635e-03 1.28342582e-02 -5.01153137e-02)	6
0.898952        	mag(U)          	0.00000000e+00	(-6.29305556e-03 -2.48035714e-02 -4.29125000e-02)	0	6.87683003e-01	(-7.75087192e-03 1.28342582e-02 -5.00749447e-02)	6
0.8990453       	mag(U)          	0.00000000e+00	(-6.29305556e-03 -2.48035714e-02 -4.29125000e-02)	0	6.89804482e-01	(-7.75940665e-03 1.28342582e-02 -5.00346778e-02)	6
0.8991381       	mag(U)          	0.00000000e+00	(-6.29305556e-03 -2.48035714e-02 -4.29125000e-02)	0	6.92486806e-01	(-7.76794714e-03 1.28342582e-02 -4.99945207e-02)	6
0.8992308       	mag(U)          	0.00000000e+00	(-6.29305556e-03 -2.48035714e-02 -4.29125000e-02)	0	6.95406769e-01	(-7.77647736e-03 1.28342582e-02 -4.99544063e-02)	6
0.8993235       	mag(U)          	0.00000000e+00	(-6.29305556e-03 -2.48035714e-02 -4.29125000e-02)	0	6.98256862e-01	(-7.78497405e-03 1.28342582e-02 -4.99143047e-02)	6
0.8994165       	mag(U)          	0.00000000e+00	(-6.29305556e-03 -2.48035714e-02 -4.29125000e-02)	0	7.00824155e-01	(-7.79341185e-03 1.28342582e-02 -4.98741847e-02)	6
0.8995102       	mag(U)          	0.00000000e+00	(-6.29305556e-03 -2.48035714e-02 -4.29125000e-02)	0	7.02656226e-01	(-7.80179886e-03 1.28342582e-02 -4.98339074e-02)	6
0.8996047       	mag(U)          	0.00000000e+00	(-6.29305556e-03 -2.48035714e-02 -4.29125000e-02)	0	7.03056883e-01	(-7.81018985e-03 1.28342582e-02 -4.97933896e-02)	6
0.8996995       	mag(U)          	0.00000000e+00	(-6.29305556e-03 -2.48035714e-02 -4.29125000e-02)	0	7.02301839e-01	(-7.81861858e-03 1.28342582e-02 -4.97526925e-02)	6
0.8997943       	mag(U)          	0.00000000e+00	(-6.29305556e-03 -2.48035714e-02 -4.29125000e-02)	0	7.00788238e-01	(-7.82711919e-03 1.28342582e-02 -4.97118791e-02)	6
0.8998971       	mag(U)          	0.00000000e+00	(-6.29305556e-03 -2.48035714e-02 -4.29125000e-02)	0	6.98536509e-01	(-7.83649941e-03 1.28342582e-02 -4.96673630e-02)	6
0.9             	mag(U)          	0.00000000e+00	(-6.29305556e-03 -2.48035714e-02 -4.29125000e-02)	0	6.96220642e-01	(-7.84612502e-03 1.28342582e-02 -4.96224886e-02)	6
0.9000929       	mag(U)          	0.00000000e+00	(-6.29305556e-03 -2.48035714e-02 -4.29125000e-02)	0	6.94717362e-01	(-7.85509159e-03 1.28342582e-02 -4.95815553e-02)	6
0.9001846       	mag(U)          	0.00000000e+00	(-6.29305556e-03 -2.48035714e-02 -4.29125000e-02)	0	6.94793034e-01	(-7.86414848e-03 1.28342582e-02 -4.95408765e-02)	6
0.9002753       	mag(U)          	0.00000000e+00	(-6.29305556e-03 -2.48035714e-02 -4.29125000e-02)	0	6.96303534e-01	(-7.87325540e-03 1.28342582e-02 -4.95003919e-02)	6
0.9003655       	mag(U)          	0.00000000e+00	(-6.29305556e-03 -2.48035714e-02 -4.29125000e-02)	0	6.98778774e-01	(-7.88237666e-03 1.28342582e-02 -4.94600412e-02)	6
0.9004555       	mag(U)          	0.00000000e+00	(-6.29305556e-03 -2.48035714e-02 -4.29125000e-02)	0	7.01927627e-01	(-7.89148743e-03 1.28342582e-02 -4.94197284e-02)	6
0.9005456       	mag(U)          	0.00000000e+00	(-6.29305556e-03 -2.48035714e-02 -4.29125000e-02)	0	7.05170775e-01	(-7.90054723e-03 1.28342582e-02 -4.93794305e-02)	6
0.9006361       	mag(U)          	0.00000000e+00	(-6.29305556e-03 -2.48035714e-02 -4.29125000e-02)	0	7.08346558e-01	(-7.90952334e-03 1.28342582e-02 -4.93390880e-02)	6
0.9007273       	mag(U)          	0.00000000e+00	(-6.29305556e-03 -2.48035714e-02 -4.29125000e-02)	0	7.10644455e-01	(-7.91842843e-03 1.28342582e-02 -4.92985912e-02)	6
0.9008194       	mag(U)          	0.00000000e+00	(-6.29305556e-03 -2.48035714e-02 -4.29125000e-02)	0	7.11238457e-01	(-7.92732167e-03 1.28342582e-02 -4.92578303e-02)	6
0.9009121       	mag(U)          	0.00000000e+00	(-6.29305556e-03 -2.48035714e-02 -4.29125000e-02)	0	7.10397597e-01	(-7.93623257e-03 1.28342582e-02 -4.92168307e-02)	6
0.9010051       	mag(U)          	0.00000000e+00	(-6.29305556e-03 -2.48035714e-02 -4.29125000e-02)	0	7.08447182e-01	(-7.94518355e-03 1.28342582e-02 -4.91756573e-02)	6
0.9010979       	mag(U)          	0.00000000e+00	(-6.29305556e-03 -2.48035714e-02 -4.29125000e-02)	0	7.05971684e-01	(-7.95419692e-03 1.28342582e-02 -4.91343770e-02)	6
0.9011904       	mag(U)          	0.00000000e+00	(-6.29305556e-03 -2.48035714e-02 -4.29125000e-02)	0	7.03232212e-01	(-7.96330208e-03 1.28342582e-02 -4.90930202e-02)	6
0.9012824       	mag(U)          	0.00000000e+00	(-6.29305556e-03 -2.48035714e-02 -4.29125000e-02)	0	7.00523514e-01	(-7.97252403e-03 1.28342582e-02 -4.90516201e-02)	6
0.9013733       	mag(U)          	0.00000000e+00	(-6.29305556e-03 -2.48035714e-02 -4.29125000e-02)	0	6.98651968e-01	(-7.98182477e-03 1.28342582e-02 -4.90103139e-02)	6
0.9014633       	mag(U)          	0.00000000e+00	(-6.29305556e-03 -2.48035714e-02 -4.29125000e-02)	0	6.98311978e-01	(-7.99114913e-03 1.28342582e-02 -4.89692138e-02)	6
0.9015528       	mag(U)          	0.00000000e+00	(-6.29305556e-03 -2.48035714e-02 -4.29125000e-02)	0	6.99031010e-01	(-8.00049601e-03 1.28342582e-02 -4.89282104e-02)	6
0.9016418       	mag(U)          	0.00000000e+00	(-6.29305556e-03 -2.48035714e-02 -4.29125000e-02)	0	7.00441035e-01	(-8.00984068e-03 1.28342582e-02 -4.88873067e-02)	6
0.9017307       	mag(U)          	0.00000000e+00	(-6.29305556e-03 -2.48035714e-02 -4.29125000e-02)	0	7.02234155e-01	(-8.01917643e-03 1.28342582e-02 -4.88464312e-02)	6
0.9018198       	mag(U)          	0.00000000e+00	(-6.29305556e-03 -2.48035714e-02 -4.29125000e-02)	0	7.04148982e-01	(-8.02848841e-03 1.28342582e-02 -4.88055496e-02)	6
0.9019093       	mag(U)          	0.00000000e+00	(-6.29305556e-03 -2.48035714e-02 -4.29125000e-02)	0	7.05953387e-01	(-8.03776305e-03 1.28342582e-02 -4.87646250e-02)	6
0.9019995       	mag(U)          	0.00000000e+00	(-6.29305556e-03 -2.48035714e-02 -4.29125000e-02)	0	7.06873199e-01	(-8.04703373e-03 1.28342582e-02 -4.87235096e-02)	6
0.9020904       	mag(U)          	0.00000000e+00	(-6.29305556e-03 -2.48035714e-02 -4.29125000e-02)	0	7.06498359e-01	(-8.05632747e-03 1.28342582e-02 -4.86821697e-02)	6
0.9021818       	mag(U)          	0.00000000e+00	(-6.29305556e-03 -2.48035714e-02 -4.29125000e-02)	0	7.05071030e-01	(-8.06565570e-03 1.28342582e-02 -4.86406447e-02)	6
0.9022733       	mag(U)          	0.00000000e+00	(-6.29305556e-03 -2.48035714e-02 -4.29125000e-02)	0	7.02875409e-01	(-8.07502999e-03 1.28342582e-02 -4.85989755e-02)	6
0.9023647       	mag(U)          	0.00000000e+00	(-6.29305556e-03 -2.48035714e-02 -4.29125000e-02)	0	7.00241777e-01	(-8.08446150e-03 1.28342582e-02 -4.85572043e-02)	6
0.9024559       	mag(U)          	0.00000000e+00	(-6.29305556e-03 -2.48035714e-02 -4.29125000e-02)	0	6.97355498e-01	(-8.09396921e-03 1.28342582e-02 -4.85153353e-02)	6
0.9025464       	mag(U)          	0.00000000e+00	(-6.29305556e-03 -2.48035714e-02 -4.29125000e-02)	0	6.94651015e-01	(-8.10355122e-03 1.28342582e-02 -4.84734559e-02)	6
0.9026362       	mag(U)          	0.00000000e+00	(-6.29305556e-03 -2.48035714e-02 -4.29125000e-02)	0	6.96531876e-01	(-7.02194056e-03 -6.05553714e-03 -4.56124674e-02)	4
0.9027253       	mag(U)          	0.00000000e+00	(-6.29305556e-03 -2.48035714e-02 -4.29125000e-02)	0	6.99980873e-01	(-7.02955130e-03 -6.05553714e-03 -4.55715872e-02)	4
0.9028139       	mag(U)          	0.00000000e+00	(-6.29305556e-03 -2.48035714e-02 -4.29125000e-02)	0	7.02218404e-01	(-7.03716496e-03 -6.05553714e-03 -4.55308030e-02)	4
0.9029023       	mag(U)          	0.00000000e+00	(-6.29305556e-03 -2.48035714e-02 -4.29125000e-02)	0	7.03268598e-01	(-7.04477562e-03 -6.05553714e-03 -4.54900681e-02)	4
0.9029906       	mag(U)          	0.00000000e+00	(-6.29305556e-03 -2.48035714e-02 -4.29125000e-02)	0	7.03038305e-01	(-7.05237783e-03 -6.05553714e-03 -4.54493359e-02)	4
0.9030791       	mag(U)          	0.00000000e+00	(-6.29305556e-03 -2.48035714e-02 -4.29125000e-02)	0	7.01582483e-01	(-7.05995941e-03 -6.05553714e-03 -4.54085968e-02)	4
0.9031681       	mag(U)          	0.00000000e+00	(-6.29305556e-03 -2.48035714e-02 -4.29125000e-02)	0	6.98879271e-01	(-7.06752395e-03 -6.05553714e-03 -4.53677623e-02)	4
0.9032577       	mag(U)          	0.00000000e+00	(-6.29305556e-03 -2.48035714e-02 -4.29125000e-02)	0	6.97611695e-01	(-8.18065134e-03 1.28342582e-02 -4.81403777e-02)	6
0.903348        	mag(U)          	0.00000000e+00	(-6.29305556e-03 -2.48035714e-02 -4.29125000e-02)	0	6.96990685e-01	(-8.19028828e-03 1.28342582e-02 -4.80983503e-02)	6
0.9034386       	mag(U)          	0.00000000e+00	(-6.29305556e-03 -2.48035714e-02 -4.29125000e-02)	0	6.95389285e-01	(-8.19996185e-03 1.28342582e-02 -4.80561281e-02)	6
0.9035295       	mag(U)          	0.00000000e+00	(-6.29305556e-03 -2.48035714e-02 -4.29125000e-02)	0	6.93735454e-01	(-7.09791722e-03 -6.05553714e-03 -4.52026119e-02)	4
0.9036202       	mag(U)          	0.00000000e+00	(-6.29305556e-03 -2.48035714e-02 -4.29125000e-02)	0	6.95189212e-01	(-7.10558545e-03 -6.05553714e-03 -4.51609899e-02)	4
0.9037108       	mag(U)          	0.00000000e+00	(-6.29305556e-03 -2.48035714e-02 -4.29125000e-02)	0	6.97822721e-01	(-7.11329833e-03 -6.05553714e-03 -4.51192680e-02)	4
0.9038009       	mag(U)          	0.00000000e+00	(-6.29305556e-03 -2.48035714e-02 -4.29125000e-02)	0	7.01580237e-01	(-7.12104721e-03 -6.05553714e-03 -4.50775469e-02)	4
0.9038904       	mag(U)          	0.00000000e+00	(-6.29305556e-03 -2.48035714e-02 -4.29125000e-02)	0	7.05256125e-01	(-7.12882133e-03 -6.05553714e-03 -4.50358724e-02)	4
0.9039793       	mag(U)          	0.00000000e+00	(-6.29305556e-03 -2.48035714e-02 -4.29125000e-02)	0	7.08035692e-01	(-7.13659822e-03 -6.05553714e-03 -4.49943017e-02)	4
0.9040678       	mag(U)          	0.00000000e+00	(-6.29305556e-03 -2.48035714e-02 -4.29125000e-02)	0	7.09800780e-01	(-7.14437016e-03 -6.05553714e-03 -4.49528149e-02)	4
0.9041561       	mag(U)          	0.00000000e+00	(-6.29305556e-03 -2.48035714e-02 -4.29125000e-02)	0	7.10533051e-01	(-7.15213722e-03 -6.05553714e-03 -4.49113542e-02)	4
0.9042445       	mag(U)          	0.00000000e+00	(-6.29305556e-03 -2.48035714e-02 -4.29125000e-02)	0	7.10218125e-01	(-7.15989976e-03 -6.05553714e-03 -4.48698611e-02)	4
0.9043331       	mag(U)          	0.00000000e+00	(-6.29305556e-03 -2.48035714e-02 -4.29125000e-02)	0	7.08823775e-01	(-7.16764394e-03 -6.05553714e-03 -4.48283540e-02)	4
0.9044221       	mag(U)          	0.00000000e+00	(-6.29305556e-03 -2.48035714e-02 -4.29125000e-02)	0	7.06516068e-01	(-7.17537260e-03 -6.05553714e-03 -4.47867663e-02)	4
0.9045117       	mag(U)          	0.00000000e+00	(-6.29305556e-03 -2.48035714e-02 -4.29125000e-02)	0	7.04499574e-01	(-7.18310705e-03 -6.05553714e-03 -4.47449947e-02)	4
0.9046017       	mag(U)          	0.00000000e+00	(-6.29305556e-03 -2.48035714e-02 -4.29125000e-02)	0	7.03207116e-01	(-7.19085017e-03 -6.05553714e-03 -4.47030723e-02)	4
0.904692        	mag(U)          	0.00000000e+00	(-6.29305556e-03 -2.48035714e-02 -4.29125000e-02)	0	7.02558247e-01	(-7.19861174e-03 -6.05553714e-03 -4.46609961e-02)	4
0.9047825       	mag(U)          	0.00000000e+00	(-6.29305556e-03 -2.48035714e-02 -4.29125000e-02)	0	7.02608656e-01	(-7.20639418e-03 -6.05553714e-03 -4.46188032e-02)	4
0.904873        	mag(U)          	0.00000000e+00	(-6.29305556e-03 -2.48035714e-02 -4.29125000e-02)	0	7.03403670e-01	(-7.21419975e-03 -6.05553714e-03 -4.45765316e-02)	4
0.9049635       	mag(U)          	0.00000000e+00	(-6.29305556e-03 -2.48035714e-02 -4.29125000e-02)	0	7.04906296e-01	(-7.22203777e-03 -6.05553714e-03 -4.45341795e-02)	4
0.9050536       	mag(U)          	0.00000000e+00	(-6.29305556e-03 -2.48035714e-02 -4.29125000e-02)	0	7.07096174e-01	(-7.22990851e-03 -6.05553714e-03 -4.44917924e-02)	4
0.9051434       	mag(U)          	0.00000000e+00	(-6.29305556e-03 -2.48035714e-02 -4.29125000e-02)	0	7.09156726e-01	(-7.23780125e-03 -6.05553714e-03 -4.44494268e-02)	4
0.9052329       	mag(U)          	0.00000000e+00	(-6.29305556e-03 -2.48035714e-02 -4.29125000e-02)	0	7.10709576e-01	(-7.24569901e-03 -6.05553714e-03 -4.44071161e-02)	4
0.9053222       	mag(U)          	0.00000000e+00	(-6.29305556e-03 -2.48035714e-02 -4.29125000e-02)	0	7.11696032e-01	(-7.25359984e-03 -6.05553714e-03 -4.43648120e-02)	4
0.9054116       	mag(U)          	0.00000000e+00	(-6.29305556e-03 -2.48035714e-02 -4.29125000e-02)	0	7.12164466e-01	(-7.26150216e-03 -6.05553714e-03 -4.43224665e-02)	4
0.9055009       	mag(U)          	0.00000000e+00	(-6.29305556e-03 -2.48035714e-02 -4.29125000e-02)	0	7.12041756e-01	(-7.26938965e-03 -6.05553714e-03 -4.42801113e-02)	4
0.9055904       	mag(U)          	0.00000000e+00	(-6.29305556e-03 -2.48035714e-02 -4.29125000e-02)	0	7.11353875e-01	(-7.27726102e-03 -6.05553714e-03 -4.42376978e-02)	4
0.9056801       	mag(U)          	0.00000000e+00	(-6.29305556e-03 -2.48035714e-02 -4.29125000e-02)	0	7.10130878e-01	(-7.28510719e-03 -6.05553714e-03 -4.41952110e-02)	4
0.9057701       	mag(U)          	0.00000000e+00	(-6.29305556e-03 -2.48035714e-02 -4.29125000e-02)	0	7.08992414e-01	(-7.29292655e-03 -6.05553714e-03 -4.41526340e-02)	4
0.9058605       	mag(U)          	0.00000000e+00	(-6.29305556e-03 -2.48035714e-02 -4.29125000e-02)	0	7.08271980e-01	(-7.30074583e-03 -6.05553714e-03 -4.41099015e-02)	4
0.905951        	mag(U)          	0.00000000e+00	(-6.29305556e-03 -2.48035714e-02 -4.29125000e-02)	0	7.07973098e-01	(-7.30857052e-03 -6.05553714e-03 -4.40670721e-02)	4
0.9060416       	mag(U)          	0.00000000e+00	(-6.29305556e-03 -2.48035714e-02 -4.29125000e-02)	0	7.08172336e-01	(-7.31641364e-03 -6.05553714e-03 -4.40241637e-02)	4
0.9061322       	mag(U)          	0.00000000e+00	(-6.29305556e-03 -2.48035714e-02 -4.29125000e-02)	0	7.08827339e-01	(-7.32428813e-03 -6.05553714e-03 -4.39811946e-02)	4
0.9062227       	mag(U)          	0.00000000e+00	(-6.29305556e-03 -2.48035714e-02 -4.29125000e-02)	0	7.09939181e-01	(-7.33220662e-03 -6.05553714e-03 -4.39381833e-02)	4
0.9063131       	mag(U)          	0.00000000e+00	(-6.29305556e-03 -2.48035714e-02 -4.29125000e-02)	0	7.11485491e-01	(-7.34019133e-03 -6.05553714e-03 -4.38951096e-02)	4
0.9064033       	mag(U)          	0.00000000e+00	(-6.29305556e-03 -2.48035714e-02 -4.29125000e-02)	0	7.13043233e-01	(-7.34822911e-03 -6.05553714e-03 -4.38520634e-02)	4
0.9064933       	mag(U)          	0.00000000e+00	(-6.29305556e-03 -2.48035714e-02 -4.29125000e-02)	0	7.14153012e-01	(-7.35629893e-03 -6.05553714e-03 -4.38090257e-02)	4
0.9065832       	mag(U)          	0.00000000e+00	(-6.29305556e-03 -2.48035714e-02 -4.29125000e-02)	0	7.14739566e-01	(-7.36437915e-03 -6.05553714e-03 -4.37659775e-02)	4
0.9066731       	mag(U)          	0.00000000e+00	(-6.29305556e-03 -2.48035714e-02 -4.29125000e-02)	0	7.14779449e-01	(-7.37244846e-03 -6.05553714e-03 -4.37229001e-02)	4
0.9067631       	mag(U)          	0.00000000e+00	(-6.29305556e-03 -2.48035714e-02 -4.29125000e-02)	0	7.14428475e-01	(-7.38048569e-03 -6.05553714e-03 -4.36797742e-02)	4
0.9068533       	mag(U)          	0.00000000e+00	(-6.29305556e-03 -2.48035714e-02 -4.29125000e-02)	0	7.13328417e-01	(-7.38846951e-03 -6.05553714e-03 -4.36365806e-02)	4
0.9069437       	mag(U)          	0.00000000e+00	(-6.29305556e-03 -2.48035714e-02 -4.29125000e-02)	0	7.12001387e-01	(-7.39639096e-03 -6.05553714e-03 -4.35932850e-02)	4
0.9070345       	mag(U)          	0.00000000e+00	(-6.29305556e-03 -2.48035714e-02 -4.29125000e-02)	0	7.11146284e-01	(-7.40428098e-03 -6.05553714e-03 -4.35498184e-02)	4
0.9071255       	mag(U)          	0.00000000e+00	(-6.29305556e-03 -2.48035714e-02 -4.29125000e-02)	0	7.10435068e-01	(-7.41213995e-03 -6.05553714e-03 -4.35062600e-02)	4
0.9072166       	mag(U)          	0.00000000e+00	(-6.29305556e-03 -2.48035714e-02 -4.29125000e-02)	0	7.09863771e-01	(-7.41998297e-03 -6.05553714e-03 -4.34626061e-02)	4
0.9073079       	mag(U)          	0.00000000e+00	(-6.29305556e-03 -2.48035714e-02 -4.29125000e-02)	0	7.09393932e-01	(-7.42781750e-03 -6.05553714e-03 -4.34188955e-02)	4
0.9073993       	mag(U)          	0.00000000e+00	(-6.29305556e-03 -2.48035714e-02 -4.29125000e-02)	0	7.09009977e-01	(-7.43566644e-03 -6.05553714e-03 -4.33750814e-02)	4
0.9074908       	mag(U)          	0.00000000e+00	(-6.29305556e-03 -2.48035714e-02 -4.29125000e-02)	0	7.08736517e-01	(-7.44353726e-03 -6.05553714e-03 -4.33312031e-02)	4
0.9075824       	mag(U)          	0.00000000e+00	(-6.29305556e-03 -2.48035714e-02 -4.29125000e-02)	0	7.08332962e-01	(-7.45142633e-03 -6.05553714e-03 -4.32872649e-02)	4
0.9076741       	mag(U)          	0.00000000e+00	(-6.29305556e-03 -2.48035714e-02 -4.29125000e-02)	0	7.07677462e-01	(-7.45932191e-03 -6.05553714e-03 -4.32432302e-02)	4
0.9077661       	mag(U)          	0.00000000e+00	(-6.29305556e-03 -2.48035714e-02 -4.29125000e-02)	0	7.07260623e-01	(-7.46722704e-03 -6.05553714e-03 -4.31990928e-02)	4
0.9078582       	mag(U)          	0.00000000e+00	(-6.29305556e-03 -2.48035714e-02 -4.29125000e-02)	0	7.07089480e-01	(-7.47513722e-03 -6.05553714e-03 -4.31548901e-02)	4
0.9079503       	mag(U)          	0.00000000e+00	(-6.29305556e-03 -2.48035714e-02 -4.29125000e-02)	0	7.07181783e-01	(-7.48305596e-03 -6.05553714e-03 -4.31106161e-02)	4
0.9080424       	mag(U)          	0.00000000e+00	(-6.29305556e-03 -2.48035714e-02 -4.29125000e-02)	0	7.07569085e-01	(-7.49097895e-03 -6.05553714e-03 -4.30663092e-02)	4
0.9081346       	mag(U)          	0.00000000e+00	(-6.29305556e-03 -2.48035714e-02 -4.29125000e-02)	0	7.08232303e-01	(-7.49891009e-03 -6.05553714e-03 -4.30219632e-02)	4
0.9082267       	mag(U)          	0.00000000e+00	(-6.29305556e-03 -2.48035714e-02 -4.29125000e-02)	0	7.09381930e-01	(-7.50686809e-03 -6.05553714e-03 -4.29775629e-02)	4
0.9083187       	mag(U)          	0.00000000e+00	(-6.29305556e-03 -2.48035714e-02 -4.29125000e-02)	0	7.10392114e-01	(-7.51483463e-03 -6.05553714e-03 -4.29332016e-02)	4
0.9084105       	mag(U)          	0.00000000e+00	(-6.29305556e-03 -2.48035714e-02 -4.29125000e-02)	0	7.10829560e-01	(-7.52279922e-03 -6.05553714e-03 -4.28888515e-02)	4
0.9085025       	mag(U)          	0.00000000e+00	(-6.29305556e-03 -2.48035714e-02 -4.29125000e-02)	0	7.10743810e-01	(-7.53075938e-03 -6.05553714e-03 -4.28444404e-02)	4
0.9085945       	mag(U)          	0.00000000e+00	(-6.29305556e-03 -2.48035714e-02 -4.29125000e-02)	0	7.10083243e-01	(-7.53869651e-03 -6.05553714e-03 -4.27999847e-02)	4
0.9086868       	mag(U)          	0.00000000e+00	(-6.29305556e-03 -2.48035714e-02 -4.29125000e-02)	0	7.08890043e-01	(-7.54659974e-03 -6.05553714e-03 -4.27554561e-02)	4
0.9087793       	mag(U)          	0.00000000e+00	(-6.29305556e-03 -2.48035714e-02 -4.29125000e-02)	0	7.07106524e-01	(-7.55445804e-03 -6.05553714e-03 -4.27108258e-02)	4
0.9088722       	mag(U)          	0.00000000e+00	(-6.29305556e-03 -2.48035714e-02 -4.29125000e-02)	0	7.05066522e-01	(-7.56227354e-03 -6.05553714e-03 -4.26660519e-02)	4
0.9089655       	mag(U)          	0.00000000e+00	(-6.29305556e-03 -2.48035714e-02 -4.29125000e-02)	0	7.03432904e-01	(-7.57006260e-03 -6.05553714e-03 -4.26211178e-02)	4
0.9090591       	mag(U)          	0.00000000e+00	(-6.29305556e-03 -2.48035714e-02 -4.29125000e-02)	0	7.02341756e-01	(-7.57784409e-03 -6.05553714e-03 -4.25760046e-02)	4
0.909153        	mag(U)          	0.00000000e+00	(-6.29305556e-03 -2.48035714e-02 -4.29125000e-02)	0	7.01821285e-01	(-7.58562139e-03 -6.05553714e-03 -4.25307865e-02)	4
0.9092469       	mag(U)          	0.00000000e+00	(-6.29305556e-03 -2.48035714e-02 -4.29125000e-02)	0	7.01919640e-01	(-7.59340616e-03 -6.05553714e-03 -4.24854923e-02)	4
0.9093409       	mag(U)          	0.00000000e+00	(-6.29305556e-03 -2.48035714e-02 -4.29125000e-02)	0	7.02575976e-01	(-7.60121021e-03 -6.05553714e-03 -4.24401509e-02)	4
0.9094348       	mag(U)          	0.00000000e+00	(-6.29305556e-03 -2.48035714e-02 -4.29125000e-02)	0	7.03867464e-01	(-7.60905392e-03 -6.05553714e-03 -4.23947418e-02)	4
0.9095286       	mag(U)          	0.00000000e+00	(-6.29305556e-03 -2.48035714e-02 -4.29125000e-02)	0	7.05408607e-01	(-7.61692233e-03 -6.05553714e-03 -4.23493511e-02)	4
0.9096221       	mag(U)          	0.00000000e+00	(-6.29305556e-03 -2.48035714e-02 -4.29125000e-02)	0	7.06220040e-01	(-7.62479145e-03 -6.05553714e-03 -4.23040058e-02)	4
0.9097156       	mag(U)          	0.00000000e+00	(-6.29305556e-03 -2.48035714e-02 -4.29125000e-02)	0	7.06364161e-01	(-7.63264454e-03 -6.05553714e-03 -4.22586877e-02)	4
