# Field minima and maxima
# Time          	field           	min             	location(min)   	processor       	max             	location(max)   	processor       
0.8752648       	mag(U)          	0.00000000e+00	(-6.29305556e-03 -2.48035714e-02 -5.60233108e-02)	0	3.93442103e-01	(1.71464234e-02 2.28800058e-03 -3.67672513e-02)	7
0.8755215       	mag(U)          	0.00000000e+00	(-6.29305556e-03 -2.48035714e-02 -5.60233108e-02)	0	3.94135232e-01	(1.71372370e-02 2.28800058e-03 -3.67008787e-02)	7
0.875776        	mag(U)          	0.00000000e+00	(-6.29305556e-03 -2.48035714e-02 -5.60233108e-02)	0	3.94479645e-01	(1.71283234e-02 2.28800058e-03 -3.66351892e-02)	7
0.8760359       	mag(U)          	0.00000000e+00	(-6.29305556e-03 -2.48035714e-02 -5.60233108e-02)	0	3.94656520e-01	(1.71193958e-02 2.28800058e-03 -3.65682096e-02)	7
0.8763002       	mag(U)          	0.00000000e+00	(-6.29305556e-03 -2.48035714e-02 -5.60233108e-02)	0	3.95254916e-01	(1.71105461e-02 2.28800058e-03 -3.64997459e-02)	7
0.8765601       	mag(U)          	0.00000000e+00	(-6.29305556e-03 -2.48035714e-02 -5.60233108e-02)	0	3.96371576e-01	(1.71022046e-02 2.28800058e-03 -3.64319018e-02)	7
0.876812        	mag(U)          	0.00000000e+00	(-6.29305556e-03 -2.48035714e-02 -5.60233108e-02)	0	3.96985946e-01	(1.70941497e-02 2.28800058e-03 -3.63659649e-02)	7
0.8770624       	mag(U)          	0.00000000e+00	(-6.29305556e-03 -2.48035714e-02 -5.60233108e-02)	0	3.96732967e-01	(1.70857559e-02 2.28800058e-03 -3.63006013e-02)	7
0.8773169       	mag(U)          	0.00000000e+00	(-6.29305556e-03 -2.48035714e-02 -5.60233108e-02)	0	3.96595608e-01	(1.70770152e-02 2.28800058e-03 -3.62341861e-02)	7
0.8775731       	mag(U)          	0.00000000e+00	(-6.29305556e-03 -2.48035714e-02 -5.60233108e-02)	0	3.97469809e-01	(1.70686777e-02 2.28800058e-03 -3.61669868e-02)	7
0.8778239       	mag(U)          	0.00000000e+00	(-6.29305556e-03 -2.48035714e-02 -5.60233108e-02)	0	3.98872595e-01	(1.70611704e-02 2.28800058e-03 -3.61006796e-02)	7
0.8780678       	mag(U)          	0.00000000e+00	(-6.29305556e-03 -2.48035714e-02 -5.60233108e-02)	0	3.99518106e-01	(1.70539546e-02 2.28800058e-03 -3.60360873e-02)	7
0.8783107       	mag(U)          	0.00000000e+00	(-6.29305556e-03 -2.48035714e-02 -5.60233108e-02)	0	3.99276783e-01	(1.70463338e-02 2.28800058e-03 -3.59718888e-02)	7
0.878557        	mag(U)          	0.00000000e+00	(-6.29305556e-03 -2.48035714e-02 -5.60233108e-02)	0	3.99171584e-01	(1.70383989e-02 2.28800058e-03 -3.59068014e-02)	7
0.8788049       	mag(U)          	0.00000000e+00	(-6.29305556e-03 -2.48035714e-02 -5.60233108e-02)	0	3.99691874e-01	(1.70308346e-02 2.28800058e-03 -3.58411522e-02)	7
0.8790482       	mag(U)          	0.00000000e+00	(-6.29305556e-03 -2.48035714e-02 -5.60233108e-02)	0	4.00529060e-01	(1.70240222e-02 2.28800058e-03 -3.57764572e-02)	7
0.8792854       	mag(U)          	0.00000000e+00	(-6.29305556e-03 -2.48035714e-02 -5.60233108e-02)	0	4.01023173e-01	(1.70175901e-02 2.28800058e-03 -3.57133298e-02)	7
0.8795216       	mag(U)          	0.00000000e+00	(-6.29305556e-03 -2.48035714e-02 -5.60233108e-02)	0	4.01000077e-01	(1.70110343e-02 2.28800058e-03 -3.56505606e-02)	7
0.8797621       	mag(U)          	0.00000000e+00	(-6.29305556e-03 -2.48035714e-02 -5.60233108e-02)	0	4.00879011e-01	(1.70042912e-02 2.28800058e-03 -3.55867653e-02)	7
0.880006        	mag(U)          	0.00000000e+00	(-6.29305556e-03 -2.48035714e-02 -5.60233108e-02)	0	4.01445596e-01	(1.69976562e-02 2.28800058e-03 -3.55216765e-02)	7
0.8802431       	mag(U)          	0.00000000e+00	(-6.29305556e-03 -2.48035714e-02 -5.60233108e-02)	0	4.02891954e-01	(1.69916189e-02 2.28800058e-03 -3.54576408e-02)	7
0.880467        	mag(U)          	0.00000000e+00	(-6.29305556e-03 -2.48035714e-02 -5.60233108e-02)	0	4.03961981e-01	(1.69860770e-02 2.28800058e-03 -3.53968799e-02)	7
0.8806859       	mag(U)          	0.00000000e+00	(-6.29305556e-03 -2.48035714e-02 -5.60233108e-02)	0	4.03894705e-01	(1.69804561e-02 2.28800058e-03 -3.53376871e-02)	7
0.8809089       	mag(U)          	0.00000000e+00	(-6.29305556e-03 -2.48035714e-02 -5.60233108e-02)	0	4.03180677e-01	(1.69743661e-02 2.28800058e-03 -3.52777542e-02)	7
0.881138        	mag(U)          	0.00000000e+00	(-6.29305556e-03 -2.48035714e-02 -5.60233108e-02)	0	4.03050063e-01	(1.69681613e-02 2.28800058e-03 -3.52161945e-02)	7
0.8813657       	mag(U)          	0.00000000e+00	(-6.29305556e-03 -2.48035714e-02 -5.60233108e-02)	0	4.03911075e-01	(1.69625376e-02 2.28800058e-03 -3.51545764e-02)	7
0.8815841       	mag(U)          	0.00000000e+00	(-6.29305556e-03 -2.48035714e-02 -5.60233108e-02)	0	4.04964282e-01	(1.69576280e-02 2.28800058e-03 -3.50950933e-02)	7
0.8817945       	mag(U)          	0.00000000e+00	(-6.29305556e-03 -2.48035714e-02 -5.60233108e-02)	0	4.05577608e-01	(1.69530284e-02 2.28800058e-03 -3.50377363e-02)	7
0.8820037       	mag(U)          	0.00000000e+00	(-6.29305556e-03 -2.48035714e-02 -5.60233108e-02)	0	4.05669121e-01	(1.69483068e-02 2.28800058e-03 -3.49807865e-02)	7
0.8822171       	mag(U)          	0.00000000e+00	(-6.29305556e-03 -2.48035714e-02 -5.60233108e-02)	0	4.05698260e-01	(1.69434104e-02 2.28800058e-03 -3.49227525e-02)	7
0.8824336       	mag(U)          	0.00000000e+00	(-6.29305556e-03 -2.48035714e-02 -5.60233108e-02)	0	4.05795793e-01	(1.69385814e-02 2.28800058e-03 -3.48637906e-02)	7
0.8826465       	mag(U)          	0.00000000e+00	(-6.29305556e-03 -2.48035714e-02 -5.60233108e-02)	0	4.06064712e-01	(1.69341628e-02 2.28800058e-03 -3.48056113e-02)	7
0.8828503       	mag(U)          	0.00000000e+00	(-6.29305556e-03 -2.48035714e-02 -5.60233108e-02)	0	4.06434367e-01	(1.69301918e-02 2.28800058e-03 -3.47498192e-02)	7
0.8830478       	mag(U)          	0.00000000e+00	(-6.29305556e-03 -2.48035714e-02 -5.60233108e-02)	0	4.06733474e-01	(1.69264017e-02 2.28800058e-03 -3.46956886e-02)	7
0.8832447       	mag(U)          	0.00000000e+00	(-6.29305556e-03 -2.48035714e-02 -5.60233108e-02)	0	4.06840158e-01	(1.69225221e-02 2.28800058e-03 -3.46418098e-02)	7
0.8834457       	mag(U)          	0.00000000e+00	(-6.29305556e-03 -2.48035714e-02 -5.60233108e-02)	0	4.06794034e-01	(1.69184837e-02 2.28800058e-03 -3.45868930e-02)	7
0.8836498       	mag(U)          	0.00000000e+00	(-6.29305556e-03 -2.48035714e-02 -5.60233108e-02)	0	4.06911254e-01	(1.69144935e-02 2.28800058e-03 -3.45309971e-02)	7
0.8838504       	mag(U)          	0.00000000e+00	(-6.29305556e-03 -2.48035714e-02 -5.60233108e-02)	0	4.07372499e-01	(1.69108583e-02 2.28800058e-03 -3.44757626e-02)	7
0.8840418       	mag(U)          	0.00000000e+00	(-6.29305556e-03 -2.48035714e-02 -5.60233108e-02)	0	4.08009713e-01	(1.69076317e-02 2.28800058e-03 -3.44227929e-02)	7
0.884225        	mag(U)          	0.00000000e+00	(-6.29305556e-03 -2.48035714e-02 -5.60233108e-02)	0	4.08601441e-01	(1.69046811e-02 2.28800058e-03 -3.43719764e-02)	7
0.8844059       	mag(U)          	0.00000000e+00	(-6.29305556e-03 -2.48035714e-02 -5.60233108e-02)	0	4.08993978e-01	(1.69018310e-02 2.28800058e-03 -3.43218401e-02)	7
0.8845893       	mag(U)          	0.00000000e+00	(-6.29305556e-03 -2.48035714e-02 -5.60233108e-02)	0	4.09294295e-01	(1.68990023e-02 2.28800058e-03 -3.42710672e-02)	7
0.8847776       	mag(U)          	0.00000000e+00	(-6.29305556e-03 -2.48035714e-02 -5.60233108e-02)	0	4.09406633e-01	(1.68961895e-02 2.28800058e-03 -3.42189662e-02)	7
0.8849662       	mag(U)          	0.00000000e+00	(-6.29305556e-03 -2.48035714e-02 -5.60233108e-02)	0	4.09351347e-01	(1.68934690e-02 2.28800058e-03 -3.41666973e-02)	7
0.8851497       	mag(U)          	0.00000000e+00	(-6.29305556e-03 -2.48035714e-02 -5.60233108e-02)	0	4.09243509e-01	(1.68909197e-02 2.28800058e-03 -3.41157030e-02)	7
0.8853247       	mag(U)          	0.00000000e+00	(-6.29305556e-03 -2.48035714e-02 -5.60233108e-02)	0	4.09336126e-01	(1.68885745e-02 2.28800058e-03 -3.40669393e-02)	7
0.8854941       	mag(U)          	0.00000000e+00	(-6.29305556e-03 -2.48035714e-02 -5.60233108e-02)	0	4.09612514e-01	(1.68863825e-02 2.28800058e-03 -3.40197274e-02)	7
0.8856625       	mag(U)          	0.00000000e+00	(-6.29305556e-03 -2.48035714e-02 -5.60233108e-02)	0	4.09965287e-01	(1.68842724e-02 2.28800058e-03 -3.39728195e-02)	7
0.8858334       	mag(U)          	0.00000000e+00	(-6.29305556e-03 -2.48035714e-02 -5.60233108e-02)	0	4.10236666e-01	(1.68821636e-02 2.28800058e-03 -3.39252606e-02)	7
0.8860085       	mag(U)          	0.00000000e+00	(-6.29305556e-03 -2.48035714e-02 -5.60233108e-02)	0	4.10322252e-01	(1.68800812e-02 2.28800058e-03 -3.38765342e-02)	7
0.8861839       	mag(U)          	0.00000000e+00	(-6.29305556e-03 -2.48035714e-02 -5.60233108e-02)	0	4.10325144e-01	(1.68781531e-02 2.28800058e-03 -3.38276684e-02)	7
0.8863553       	mag(U)          	0.00000000e+00	(-6.29305556e-03 -2.48035714e-02 -5.60233108e-02)	0	4.10359022e-01	(1.68765145e-02 2.28800058e-03 -3.37797866e-02)	7
0.8865198       	mag(U)          	0.00000000e+00	(-6.29305556e-03 -2.48035714e-02 -5.60233108e-02)	0	4.10567418e-01	(1.68751981e-02 2.28800058e-03 -3.37337423e-02)	7
0.8866787       	mag(U)          	0.00000000e+00	(-6.29305556e-03 -2.48035714e-02 -5.60233108e-02)	0	4.10758296e-01	(1.68740100e-02 2.28800058e-03 -3.36891999e-02)	7
0.8868357       	mag(U)          	0.00000000e+00	(-6.29305556e-03 -2.48035714e-02 -5.60233108e-02)	0	4.10835152e-01	(1.68727623e-02 2.28800058e-03 -3.36452161e-02)	7
0.886993        	mag(U)          	0.00000000e+00	(-6.29305556e-03 -2.48035714e-02 -5.60233108e-02)	0	4.10762583e-01	(1.68712890e-02 2.28800058e-03 -3.36011536e-02)	7
0.8871533       	mag(U)          	0.00000000e+00	(-6.29305556e-03 -2.48035714e-02 -5.60233108e-02)	0	4.10609304e-01	(1.68696064e-02 2.28800058e-03 -3.35563055e-02)	7
0.8873267       	mag(U)          	0.00000000e+00	(-6.29305556e-03 -2.48035714e-02 -5.60233108e-02)	0	4.10435023e-01	(1.68678265e-02 2.28800058e-03 -3.35077842e-02)	7
0.8875          	mag(U)          	0.00000000e+00	(-6.29305556e-03 -2.48035714e-02 -5.60233108e-02)	0	4.10477788e-01	(1.68663565e-02 2.28800058e-03 -3.34591754e-02)	7
0.8876562       	mag(U)          	0.00000000e+00	(-6.29305556e-03 -2.48035714e-02 -5.60233108e-02)	0	4.12220026e-01	(-6.30798642e-03 -6.05553714e-03 -5.11858335e-02)	4
0.8878064       	mag(U)          	0.00000000e+00	(-6.29305556e-03 -2.48035714e-02 -5.60233108e-02)	0	4.20298584e-01	(-6.30900464e-03 -6.05553714e-03 -5.11430917e-02)	4
0.8879529       	mag(U)          	0.00000000e+00	(-6.29305556e-03 -2.48035714e-02 -5.60233108e-02)	0	4.23722503e-01	(-6.31007137e-03 -6.05553714e-03 -5.11011229e-02)	4
0.8880984       	mag(U)          	0.00000000e+00	(-6.29305556e-03 -2.48035714e-02 -5.60233108e-02)	0	4.22656532e-01	(-6.31103598e-03 -6.05553714e-03 -5.10595171e-02)	4
0.8882451       	mag(U)          	0.00000000e+00	(-6.29305556e-03 -2.48035714e-02 -5.60233108e-02)	0	4.17674803e-01	(-6.31173976e-03 -6.05553714e-03 -5.10179734e-02)	4
0.8883947       	mag(U)          	0.00000000e+00	(-6.29305556e-03 -2.48035714e-02 -5.60233108e-02)	0	4.14077434e-01	(-6.31224301e-03 -6.05553714e-03 -5.09758163e-02)	4
0.8885463       	mag(U)          	0.00000000e+00	(-6.29305556e-03 -2.48035714e-02 -5.60233108e-02)	0	4.15148006e-01	(-6.31281227e-03 -6.05553714e-03 -5.09329244e-02)	4
0.8886971       	mag(U)          	0.00000000e+00	(-6.29305556e-03 -2.48035714e-02 -5.60233108e-02)	0	4.21382963e-01	(-6.31372286e-03 -6.05553714e-03 -5.08897094e-02)	4
0.8888446       	mag(U)          	0.00000000e+00	(-6.29305556e-03 -2.48035714e-02 -5.60233108e-02)	0	4.32350049e-01	(-6.31519514e-03 -6.05553714e-03 -5.08465873e-02)	4
0.8889867       	mag(U)          	0.00000000e+00	(-6.29305556e-03 -2.48035714e-02 -5.60233108e-02)	0	4.42577247e-01	(-6.31711126e-03 -6.05553714e-03 -5.08042517e-02)	4
0.8891248       	mag(U)          	0.00000000e+00	(-6.29305556e-03 -2.48035714e-02 -5.60233108e-02)	0	4.48395062e-01	(-6.31921391e-03 -6.05553714e-03 -5.07627257e-02)	4
0.889261        	mag(U)          	0.00000000e+00	(-6.29305556e-03 -2.48035714e-02 -5.60233108e-02)	0	4.49829843e-01	(-6.32130581e-03 -6.05553714e-03 -5.07216699e-02)	4
0.8893974       	mag(U)          	0.00000000e+00	(-6.29305556e-03 -2.48035714e-02 -5.60233108e-02)	0	4.46944318e-01	(-6.32320676e-03 -6.05553714e-03 -5.06807650e-02)	4
0.8895355       	mag(U)          	0.00000000e+00	(-6.29305556e-03 -2.48035714e-02 -5.60233108e-02)	0	4.41346936e-01	(-6.32482454e-03 -6.05553714e-03 -5.06397307e-02)	4
0.8896764       	mag(U)          	0.00000000e+00	(-6.29305556e-03 -2.48035714e-02 -5.60233108e-02)	0	4.38881225e-01	(-6.32634424e-03 -6.05553714e-03 -5.05979823e-02)	4
0.8898183       	mag(U)          	0.00000000e+00	(-6.29305556e-03 -2.48035714e-02 -5.60233108e-02)	0	4.41290773e-01	(-6.32798744e-03 -6.05553714e-03 -5.05556610e-02)	4
0.8899591       	mag(U)          	0.00000000e+00	(-9.57361111e-03 -2.81107143e-02 -5.60233108e-02)	0	4.48897402e-01	(-6.32997140e-03 -6.05553714e-03 -5.05130943e-02)	4
0.8900963       	mag(U)          	0.00000000e+00	(-9.57361111e-03 -2.81107143e-02 -5.60233108e-02)	0	4.61158268e-01	(-6.33245305e-03 -6.05553714e-03 -5.04706642e-02)	4
0.8902285       	mag(U)          	0.00000000e+00	(-9.57361111e-03 -2.81107143e-02 -5.60233108e-02)	0	4.72402350e-01	(-6.33529687e-03 -6.05553714e-03 -5.04289788e-02)	4
0.8903568       	mag(U)          	0.00000000e+00	(-9.57361111e-03 -2.81107143e-02 -5.60233108e-02)	0	4.78933275e-01	(-6.33828639e-03 -6.05553714e-03 -5.03881399e-02)	4
0.8904832       	mag(U)          	0.00000000e+00	(-9.57361111e-03 -2.81107143e-02 -5.60233108e-02)	0	4.80814876e-01	(-6.34127727e-03 -6.05553714e-03 -5.03477647e-02)	4
0.8906097       	mag(U)          	0.00000000e+00	(-9.57361111e-03 -2.81107143e-02 -5.60233108e-02)	0	4.78152239e-01	(-6.34413370e-03 -6.05553714e-03 -5.03075853e-02)	4
0.8907376       	mag(U)          	0.00000000e+00	(-9.57361111e-03 -2.81107143e-02 -5.60233108e-02)	0	4.72005664e-01	(-6.34675830e-03 -6.05553714e-03 -5.02673597e-02)	4
0.8908683       	mag(U)          	0.00000000e+00	(-9.57361111e-03 -2.81107143e-02 -5.60233108e-02)	0	4.67795326e-01	(-6.34927045e-03 -6.05553714e-03 -5.02265334e-02)	4
0.8910008       	mag(U)          	0.00000000e+00	(-9.57361111e-03 -2.81107143e-02 -5.60233108e-02)	0	4.67596823e-01	(-6.35181908e-03 -6.05553714e-03 -5.01851201e-02)	4
0.8911332       	mag(U)          	0.00000000e+00	(-9.57361111e-03 -2.81107143e-02 -5.60233108e-02)	0	4.71802394e-01	(-6.35455071e-03 -6.05553714e-03 -5.01433432e-02)	4
0.8912637       	mag(U)          	0.00000000e+00	(-9.57361111e-03 -2.81107143e-02 -5.60233108e-02)	0	4.80474474e-01	(-6.35759766e-03 -6.05553714e-03 -5.01014976e-02)	4
0.8913909       	mag(U)          	0.00000000e+00	(-9.57361111e-03 -2.81107143e-02 -5.60233108e-02)	0	4.91056913e-01	(-6.36097886e-03 -6.05553714e-03 -5.00599599e-02)	4
0.8915145       	mag(U)          	0.00000000e+00	(-9.57361111e-03 -2.81107143e-02 -5.60233108e-02)	0	4.98926060e-01	(-6.36454345e-03 -6.05553714e-03 -5.00190721e-02)	4
0.8916357       	mag(U)          	0.00000000e+00	(-9.57361111e-03 -2.81107143e-02 -5.60233108e-02)	0	5.03673487e-01	(-6.36818723e-03 -6.05553714e-03 -4.99786623e-02)	4
0.8917558       	mag(U)          	0.00000000e+00	(-6.29305556e-03 -2.81107143e-02 -4.61902027e-02)	0	5.05380937e-01	(-6.37182665e-03 -6.05553714e-03 -4.99385208e-02)	4
0.8918758       	mag(U)          	0.00000000e+00	(-6.29305556e-03 -2.81107143e-02 -4.61902027e-02)	0	5.04073171e-01	(-6.37537625e-03 -6.05553714e-03 -4.98985332e-02)	4
0.8919968       	mag(U)          	0.00000000e+00	(-6.29305556e-03 -2.81107143e-02 -4.61902027e-02)	0	5.00901090e-01	(-6.37880434e-03 -6.05553714e-03 -4.98584641e-02)	4
0.8921191       	mag(U)          	0.00000000e+00	(-6.29305556e-03 -2.81107143e-02 -4.61902027e-02)	0	4.99353417e-01	(-6.38219893e-03 -6.05553714e-03 -4.98180380e-02)	4
0.8922421       	mag(U)          	0.00000000e+00	(-6.29305556e-03 -2.81107143e-02 -4.61902027e-02)	0	5.00282007e-01	(-6.38564129e-03 -6.05553714e-03 -4.97772846e-02)	4
0.8923648       	mag(U)          	0.00000000e+00	(-6.29305556e-03 -2.81107143e-02 -4.61902027e-02)	0	5.03860637e-01	(-6.38920617e-03 -6.05553714e-03 -4.97363313e-02)	4
0.8924863       	mag(U)          	0.00000000e+00	(-6.29305556e-03 -2.81107143e-02 -4.61902027e-02)	0	5.10126271e-01	(-6.39296289e-03 -6.05553714e-03 -4.96953136e-02)	4
0.8926056       	mag(U)          	0.00000000e+00	(-6.29305556e-03 -2.81107143e-02 -4.61902027e-02)	0	5.18501375e-01	(-6.39693569e-03 -6.05553714e-03 -4.96544042e-02)	4
0.8927224       	mag(U)          	0.00000000e+00	(-6.29305556e-03 -2.81107143e-02 -4.61902027e-02)	0	5.25753623e-01	(-6.40103893e-03 -6.05553714e-03 -4.96138751e-02)	4
0.8928371       	mag(U)          	0.00000000e+00	(-6.29305556e-03 -2.81107143e-02 -4.61902027e-02)	0	5.30577373e-01	(-6.40521393e-03 -6.05553714e-03 -4.95737320e-02)	4
0.8929508       	mag(U)          	0.00000000e+00	(-6.29305556e-03 -2.81107143e-02 -4.61902027e-02)	0	5.32961512e-01	(-6.40942382e-03 -6.05553714e-03 -4.95338480e-02)	4
0.8930642       	mag(U)          	0.00000000e+00	(-6.29305556e-03 -2.81107143e-02 -4.61902027e-02)	0	5.32922034e-01	(-6.41363633e-03 -6.05553714e-03 -4.94940987e-02)	4
0.8931779       	mag(U)          	0.00000000e+00	(-6.29305556e-03 -2.81107143e-02 -4.61902027e-02)	0	5.30502732e-01	(-6.41781330e-03 -6.05553714e-03 -4.94544413e-02)	4
0.8932929       	mag(U)          	0.00000000e+00	(-6.29305556e-03 -2.81107143e-02 -4.61902027e-02)	0	5.27663444e-01	(-6.42198133e-03 -6.05553714e-03 -4.94145905e-02)	4
0.893409        	mag(U)          	0.00000000e+00	(-6.29305556e-03 -2.81107143e-02 -4.61902027e-02)	0	5.26832929e-01	(-6.42619869e-03 -6.05553714e-03 -4.93744125e-02)	4
0.8935255       	mag(U)          	0.00000000e+00	(-6.29305556e-03 -2.81107143e-02 -4.61902027e-02)	0	5.28410993e-01	(-6.43050661e-03 -6.05553714e-03 -4.93339783e-02)	4
0.8936415       	mag(U)          	0.00000000e+00	(-6.29305556e-03 -2.81107143e-02 -4.61902027e-02)	0	5.32510081e-01	(-6.43493985e-03 -6.05553714e-03 -4.92934083e-02)	4
0.8937562       	mag(U)          	0.00000000e+00	(-6.29305556e-03 -2.81107143e-02 -4.61902027e-02)	0	5.39124664e-01	(-6.43953270e-03 -6.05553714e-03 -4.92527857e-02)	4
0.893869        	mag(U)          	0.00000000e+00	(-6.29305556e-03 -2.81107143e-02 -4.61902027e-02)	0	5.47267101e-01	(-6.44430183e-03 -6.05553714e-03 -4.92122830e-02)	4
0.8939796       	mag(U)          	0.00000000e+00	(-6.29305556e-03 -2.81107143e-02 -4.61902027e-02)	0	5.53927397e-01	(-6.44917750e-03 -6.05553714e-03 -4.91721513e-02)	4
0.8940885       	mag(U)          	0.00000000e+00	(-6.29305556e-03 -2.81107143e-02 -4.61902027e-02)	0	5.58433121e-01	(-6.45410372e-03 -6.05553714e-03 -4.91323225e-02)	4
0.8941966       	mag(U)          	0.00000000e+00	(-6.29305556e-03 -2.81107143e-02 -4.61902027e-02)	0	5.60781201e-01	(-6.45903684e-03 -6.05553714e-03 -4.90926874e-02)	4
0.8943043       	mag(U)          	0.00000000e+00	(-6.29305556e-03 -2.81107143e-02 -4.61902027e-02)	0	5.60980554e-01	(-6.46393185e-03 -6.05553714e-03 -4.90531789e-02)	4
0.8944123       	mag(U)          	0.00000000e+00	(-6.29305556e-03 -2.81107143e-02 -4.61902027e-02)	0	5.65714640e-01	(-7.42130432e-03 1.28342582e-02 -5.18827369e-02)	6
0.8945212       	mag(U)          	0.00000000e+00	(-6.29305556e-03 -2.81107143e-02 -4.61902027e-02)	0	5.71589340e-01	(-7.42713638e-03 1.28342582e-02 -5.18427467e-02)	6
0.8946309       	mag(U)          	0.00000000e+00	(-6.29305556e-03 -2.81107143e-02 -4.61902027e-02)	0	5.75861269e-01	(-7.43295126e-03 1.28342582e-02 -5.18024653e-02)	6
0.894741        	mag(U)          	0.00000000e+00	(-6.29305556e-03 -2.81107143e-02 -4.61902027e-02)	0	5.78909185e-01	(-7.43882885e-03 1.28342582e-02 -5.17619661e-02)	6
0.8948508       	mag(U)          	0.00000000e+00	(-6.29305556e-03 -2.81107143e-02 -4.61902027e-02)	0	5.81238360e-01	(-7.44484288e-03 1.28342582e-02 -5.17213685e-02)	6
0.8949597       	mag(U)          	0.00000000e+00	(-6.29305556e-03 -2.81107143e-02 -4.61902027e-02)	0	5.83354030e-01	(-7.45107474e-03 1.28342582e-02 -5.16807112e-02)	6
0.8950674       	mag(U)          	0.00000000e+00	(-6.29305556e-03 -2.81107143e-02 -4.61902027e-02)	0	5.85756636e-01	(-7.45758226e-03 1.28342582e-02 -5.16400841e-02)	6
0.8951733       	mag(U)          	0.00000000e+00	(-6.29305556e-03 -2.81107143e-02 -4.61902027e-02)	0	5.89337542e-01	(-7.46430750e-03 1.28342582e-02 -5.15996665e-02)	6
0.8952776       	mag(U)          	0.00000000e+00	(-6.29305556e-03 -2.81107143e-02 -4.61902027e-02)	0	5.94181292e-01	(-7.47114988e-03 1.28342582e-02 -5.15595460e-02)	6
0.8953808       	mag(U)          	0.00000000e+00	(-6.29305556e-03 -2.81107143e-02 -4.61902027e-02)	0	5.99825379e-01	(-7.47804395e-03 1.28342582e-02 -5.15196483e-02)	6
0.8954837       	mag(U)          	0.00000000e+00	(-6.29305556e-03 -2.81107143e-02 -4.61902027e-02)	0	6.05854393e-01	(-7.48493743e-03 1.28342582e-02 -5.14798608e-02)	6
0.8955866       	mag(U)          	0.00000000e+00	(-6.29305556e-03 -2.81107143e-02 -4.61902027e-02)	0	6.11927205e-01	(-7.49176691e-03 1.28342582e-02 -5.14401501e-02)	6
0.89569         	mag(U)          	0.00000000e+00	(-6.29305556e-03 -2.81107143e-02 -4.61902027e-02)	0	6.17696424e-01	(-7.49848307e-03 1.28342582e-02 -5.14004433e-02)	6
0.8957944       	mag(U)          	0.00000000e+00	(-6.29305556e-03 -2.81107143e-02 -4.61902027e-02)	0	6.22114071e-01	(-7.50513696e-03 1.28342582e-02 -5.13605402e-02)	6
0.8958998       	mag(U)          	0.00000000e+00	(-6.29305556e-03 -2.81107143e-02 -4.61902027e-02)	0	6.24690973e-01	(-7.51181865e-03 1.28342582e-02 -5.13202877e-02)	6
0.8960056       	mag(U)          	0.00000000e+00	(-6.29305556e-03 -2.81107143e-02 -4.61902027e-02)	0	6.25949897e-01	(-7.51857609e-03 1.28342582e-02 -5.12798081e-02)	6
0.8961111       	mag(U)          	0.00000000e+00	(-6.29305556e-03 -2.81107143e-02 -4.61902027e-02)	0	6.26497118e-01	(-7.52546319e-03 1.28342582e-02 -5.12391881e-02)	6
0.8962156       	mag(U)          	0.00000000e+00	(-6.29305556e-03 -2.81107143e-02 -4.61902027e-02)	0	6.26907994e-01	(-7.53252892e-03 1.28342582e-02 -5.11985191e-02)	6
0.8963187       	mag(U)          	0.00000000e+00	(-6.29305556e-03 -2.81107143e-02 -4.61902027e-02)	0	6.27812124e-01	(-7.53981217e-03 1.28342582e-02 -5.11578667e-02)	6
0.8964197       	mag(U)          	0.00000000e+00	(-6.29305556e-03 -2.81107143e-02 -4.61902027e-02)	0	6.30316146e-01	(-7.54723687e-03 1.28342582e-02 -5.11175001e-02)	6
0.896519        	mag(U)          	0.00000000e+00	(-6.29305556e-03 -2.81107143e-02 -4.61902027e-02)	0	6.34645475e-01	(-7.55472604e-03 1.28342582e-02 -5.10774867e-02)	6
0.8966172       	mag(U)          	0.00000000e+00	(-6.29305556e-03 -2.81107143e-02 -4.61902027e-02)	0	6.40012401e-01	(-7.56223938e-03 1.28342582e-02 -5.10377369e-02)	6
0.8967149       	mag(U)          	0.00000000e+00	(-6.29305556e-03 -2.81107143e-02 -4.61902027e-02)	0	6.45893204e-01	(-7.56974917e-03 1.28342582e-02 -5.09981248e-02)	6
0.8968127       	mag(U)          	0.00000000e+00	(-6.29305556e-03 -2.81107143e-02 -4.61902027e-02)	0	6.51867056e-01	(-7.57722260e-03 1.28342582e-02 -5.09585638e-02)	6
0.8969111       	mag(U)          	0.00000000e+00	(-6.29305556e-03 -2.81107143e-02 -4.61902027e-02)	0	6.57400280e-01	(-7.58462229e-03 1.28342582e-02 -5.09190018e-02)	6
0.8970105       	mag(U)          	0.00000000e+00	(-6.29305556e-03 -2.81107143e-02 -4.61902027e-02)	0	6.61480506e-01	(-7.59198423e-03 1.28342582e-02 -5.08792587e-02)	6
0.897111        	mag(U)          	0.00000000e+00	(-6.29305556e-03 -2.81107143e-02 -4.61902027e-02)	0	6.63690155e-01	(-7.59937187e-03 1.28342582e-02 -5.08392063e-02)	6
0.897212        	mag(U)          	0.00000000e+00	(-6.29305556e-03 -2.81107143e-02 -4.61902027e-02)	0	6.64508215e-01	(-7.60680793e-03 1.28342582e-02 -5.07989420e-02)	6
0.897313        	mag(U)          	0.00000000e+00	(-6.29305556e-03 -2.81107143e-02 -4.61902027e-02)	0	6.64459177e-01	(-7.61433005e-03 1.28342582e-02 -5.07584871e-02)	6
0.8974137       	mag(U)          	0.00000000e+00	(-9.57361111e-03 -2.81107143e-02 -4.61902027e-02)	0	6.64029702e-01	(-7.62196692e-03 1.28342582e-02 -5.07179056e-02)	6
0.8975134       	mag(U)          	0.00000000e+00	(-9.57361111e-03 -2.81107143e-02 -4.61902027e-02)	0	6.63698299e-01	(-7.62973546e-03 1.28342582e-02 -5.06773058e-02)	6
0.8976118       	mag(U)          	0.00000000e+00	(-9.57361111e-03 -2.81107143e-02 -4.61902027e-02)	0	6.64266129e-01	(-7.63761987e-03 1.28342582e-02 -5.06367942e-02)	6
0.8977087       	mag(U)          	0.00000000e+00	(-9.57361111e-03 -2.81107143e-02 -4.61902027e-02)	0	6.66369078e-01	(-7.64555995e-03 1.28342582e-02 -5.05965078e-02)	6
0.8978046       	mag(U)          	0.00000000e+00	(-9.57361111e-03 -2.81107143e-02 -4.61902027e-02)	0	6.69529909e-01	(-7.65352713e-03 1.28342582e-02 -5.05564392e-02)	6
0.8978999       	mag(U)          	0.00000000e+00	(-9.57361111e-03 -2.81107143e-02 -4.61902027e-02)	0	6.73287210e-01	(-7.66151862e-03 1.28342582e-02 -5.05164673e-02)	6
0.897995        	mag(U)          	0.00000000e+00	(-9.57361111e-03 -2.81107143e-02 -4.61902027e-02)	0	6.77239433e-01	(-7.66951123e-03 1.28342582e-02 -5.04765836e-02)	6
0.8980901       	mag(U)          	0.00000000e+00	(-9.57361111e-03 -2.81107143e-02 -4.61902027e-02)	0	6.81082765e-01	(-7.67749009e-03 1.28342582e-02 -5.04367422e-02)	6
0.8981857       	mag(U)          	0.00000000e+00	(-9.57361111e-03 -2.81107143e-02 -4.61902027e-02)	0	6.84460189e-01	(-7.68543823e-03 1.28342582e-02 -5.03969200e-02)	6
0.8982819       	mag(U)          	0.00000000e+00	(-9.57361111e-03 -2.81107143e-02 -4.61902027e-02)	0	6.86631137e-01	(-7.69339853e-03 1.28342582e-02 -5.03569297e-02)	6
0.8983788       	mag(U)          	0.00000000e+00	(-9.57361111e-03 -2.81107143e-02 -4.61902027e-02)	0	6.87591855e-01	(-7.70140585e-03 1.28342582e-02 -5.03167159e-02)	6
0.8984758       	mag(U)          	0.00000000e+00	(-9.57361111e-03 -2.81107143e-02 -4.61902027e-02)	0	6.87709372e-01	(-7.70946533e-03 1.28342582e-02 -5.02763771e-02)	6
0.8985729       	mag(U)          	0.00000000e+00	(-9.57361111e-03 -2.81107143e-02 -4.61902027e-02)	0	6.87314990e-01	(-7.71760456e-03 1.28342582e-02 -5.02358974e-02)	6
0.8986696       	mag(U)          	0.00000000e+00	(-9.57361111e-03 -2.81107143e-02 -4.61902027e-02)	0	6.86747326e-01	(-7.72583438e-03 1.28342582e-02 -5.01953402e-02)	6
0.8987656       	mag(U)          	0.00000000e+00	(-9.57361111e-03 -2.81107143e-02 -4.61902027e-02)	0	6.86286714e-01	(-7.73417146e-03 1.28342582e-02 -5.01547324e-02)	6
0.8988607       	mag(U)          	0.00000000e+00	(-6.29305556e-03 -2.48035714e-02 -4.29125000e-02)	0	6.86341881e-01	(-7.74261237e-03 1.28342582e-02 -5.01141869e-02)	6
0.8989548       	mag(U)          	0.00000000e+00	(-6.29305556e-03 -2.48035714e-02 -4.29125000e-02)	0	6.87534380e-01	(-7.75111924e-03 1.28342582e-02 -5.00737746e-02)	6
0.8990481       	mag(U)          	0.00000000e+00	(-6.29305556e-03 -2.48035714e-02 -4.29125000e-02)	0	6.89647858e-01	(-7.75965596e-03 1.28342582e-02 -5.00335043e-02)	6
0.8991409       	mag(U)          	0.00000000e+00	(-6.29305556e-03 -2.48035714e-02 -4.29125000e-02)	0	6.92315084e-01	(-7.76820491e-03 1.28342582e-02 -4.99933092e-02)	6
0.8992336       	mag(U)          	0.00000000e+00	(-6.29305556e-03 -2.48035714e-02 -4.29125000e-02)	0	6.95208289e-01	(-7.77674216e-03 1.28342582e-02 -4.99531594e-02)	6
0.8993264       	mag(U)          	0.00000000e+00	(-6.29305556e-03 -2.48035714e-02 -4.29125000e-02)	0	6.98047586e-01	(-7.78524437e-03 1.28342582e-02 -4.99130250e-02)	6
0.8994195       	mag(U)          	0.00000000e+00	(-6.29305556e-03 -2.48035714e-02 -4.29125000e-02)	0	7.00609691e-01	(-7.79368594e-03 1.28342582e-02 -4.98728741e-02)	6
0.8995133       	mag(U)          	0.00000000e+00	(-6.29305556e-03 -2.48035714e-02 -4.29125000e-02)	0	7.02397198e-01	(-7.80206978e-03 1.28342582e-02 -4.98326015e-02)	6
0.8996077       	mag(U)          	0.00000000e+00	(-6.29305556e-03 -2.48035714e-02 -4.29125000e-02)	0	7.02760681e-01	(-7.81045969e-03 1.28342582e-02 -4.97920855e-02)	6
0.8997025       	mag(U)          	0.00000000e+00	(-6.29305556e-03 -2.48035714e-02 -4.29125000e-02)	0	7.01996526e-01	(-7.81888945e-03 1.28342582e-02 -4.97513872e-02)	6
0.8997974       	mag(U)          	0.00000000e+00	(-6.29305556e-03 -2.48035714e-02 -4.29125000e-02)	0	7.00474997e-01	(-7.82740129e-03 1.28342582e-02 -4.97105312e-02)	6
0.8998987       	mag(U)          	0.00000000e+00	(-6.29305556e-03 -2.48035714e-02 -4.29125000e-02)	0	6.98284633e-01	(-7.83664354e-03 1.28342582e-02 -4.96666845e-02)	6
0.9             	mag(U)          	0.00000000e+00	(-6.29305556e-03 -2.48035714e-02 -4.29125000e-02)	0	6.96021535e-01	(-7.84612502e-03 1.28342582e-02 -4.96224886e-02)	6
0.9000929       	mag(U)          	0.00000000e+00	(-6.29305556e-03 -2.48035714e-02 -4.29125000e-02)	0	6.94503639e-01	(-7.85509159e-03 1.28342582e-02 -4.95815553e-02)	6
0.9001846       	mag(U)          	0.00000000e+00	(-6.29305556e-03 -2.48035714e-02 -4.29125000e-02)	0	6.94571452e-01	(-7.86414848e-03 1.28342582e-02 -4.95408765e-02)	6
0.9002753       	mag(U)          	0.00000000e+00	(-6.29305556e-03 -2.48035714e-02 -4.29125000e-02)	0	6.96083663e-01	(-7.87325540e-03 1.28342582e-02 -4.95003919e-02)	6
0.9003655       	mag(U)          	0.00000000e+00	(-6.29305556e-03 -2.48035714e-02 -4.29125000e-02)	0	6.98561723e-01	(-7.88237666e-03 1.28342582e-02 -4.94600412e-02)	6
0.9004555       	mag(U)          	0.00000000e+00	(-6.29305556e-03 -2.48035714e-02 -4.29125000e-02)	0	7.01589880e-01	(-7.89148743e-03 1.28342582e-02 -4.94197284e-02)	6
0.9005456       	mag(U)          	0.00000000e+00	(-6.29305556e-03 -2.48035714e-02 -4.29125000e-02)	0	7.04813958e-01	(-7.90054723e-03 1.28342582e-02 -4.93794305e-02)	6
0.9006361       	mag(U)          	0.00000000e+00	(-6.29305556e-03 -2.48035714e-02 -4.29125000e-02)	0	7.07927799e-01	(-7.90952334e-03 1.28342582e-02 -4.93390880e-02)	6
0.9007272       	mag(U)          	0.00000000e+00	(-6.29305556e-03 -2.48035714e-02 -4.29125000e-02)	0	7.10221634e-01	(-7.91842031e-03 1.28342582e-02 -4.92986283e-02)	6
0.9008193       	mag(U)          	0.00000000e+00	(-6.29305556e-03 -2.48035714e-02 -4.29125000e-02)	0	7.10852282e-01	(-7.92730541e-03 1.28342582e-02 -4.92579051e-02)	6
0.9009119       	mag(U)          	0.00000000e+00	(-6.29305556e-03 -2.48035714e-02 -4.29125000e-02)	0	7.10102392e-01	(-7.93620802e-03 1.28342582e-02 -4.92169437e-02)	6
0.9010047       	mag(U)          	0.00000000e+00	(-6.29305556e-03 -2.48035714e-02 -4.29125000e-02)	0	7.08366434e-01	(-7.94515050e-03 1.28342582e-02 -4.91758091e-02)	6
0.9010976       	mag(U)          	0.00000000e+00	(-6.29305556e-03 -2.48035714e-02 -4.29125000e-02)	0	7.05990470e-01	(-7.95416353e-03 1.28342582e-02 -4.91345294e-02)	6
0.9011901       	mag(U)          	0.00000000e+00	(-6.29305556e-03 -2.48035714e-02 -4.29125000e-02)	0	7.03321477e-01	(-7.96326816e-03 1.28342582e-02 -4.90931734e-02)	6
0.9012819       	mag(U)          	0.00000000e+00	(-6.29305556e-03 -2.48035714e-02 -4.29125000e-02)	0	7.00709187e-01	(-7.97248078e-03 1.28342582e-02 -4.90518131e-02)	6
0.9013728       	mag(U)          	0.00000000e+00	(-6.29305556e-03 -2.48035714e-02 -4.29125000e-02)	0	6.98958809e-01	(-7.98177223e-03 1.28342582e-02 -4.90105463e-02)	6
0.9014628       	mag(U)          	0.00000000e+00	(-6.29305556e-03 -2.48035714e-02 -4.29125000e-02)	0	6.98618669e-01	(-7.99109605e-03 1.28342582e-02 -4.89694471e-02)	6
0.9015522       	mag(U)          	0.00000000e+00	(-6.29305556e-03 -2.48035714e-02 -4.29125000e-02)	0	6.99330216e-01	(-8.00044263e-03 1.28342582e-02 -4.89284442e-02)	6
0.9016413       	mag(U)          	0.00000000e+00	(-6.29305556e-03 -2.48035714e-02 -4.29125000e-02)	0	7.00722006e-01	(-8.00979570e-03 1.28342582e-02 -4.88875035e-02)	6
0.9017303       	mag(U)          	0.00000000e+00	(-6.29305556e-03 -2.48035714e-02 -4.29125000e-02)	0	7.02488853e-01	(-8.01913159e-03 1.28342582e-02 -4.88466277e-02)	6
0.9018194       	mag(U)          	0.00000000e+00	(-6.29305556e-03 -2.48035714e-02 -4.29125000e-02)	0	7.04360429e-01	(-8.02845232e-03 1.28342582e-02 -4.88057084e-02)	6
0.901909        	mag(U)          	0.00000000e+00	(-6.29305556e-03 -2.48035714e-02 -4.29125000e-02)	0	7.06087527e-01	(-8.03773577e-03 1.28342582e-02 -4.87647457e-02)	6
0.9019993       	mag(U)          	0.00000000e+00	(-6.29305556e-03 -2.48035714e-02 -4.29125000e-02)	0	7.06959868e-01	(-8.04700666e-03 1.28342582e-02 -4.87236299e-02)	6
0.9020902       	mag(U)          	0.00000000e+00	(-6.29305556e-03 -2.48035714e-02 -4.29125000e-02)	0	7.06538055e-01	(-8.05630051e-03 1.28342582e-02 -4.86822897e-02)	6
0.9021815       	mag(U)          	0.00000000e+00	(-6.29305556e-03 -2.48035714e-02 -4.29125000e-02)	0	7.05093578e-01	(-8.06562873e-03 1.28342582e-02 -4.86407647e-02)	6
0.902273        	mag(U)          	0.00000000e+00	(-6.29305556e-03 -2.48035714e-02 -4.29125000e-02)	0	7.02932219e-01	(-8.07500291e-03 1.28342582e-02 -4.85990957e-02)	6
0.9023644       	mag(U)          	0.00000000e+00	(-6.29305556e-03 -2.48035714e-02 -4.29125000e-02)	0	7.00324178e-01	(-8.08443420e-03 1.28342582e-02 -4.85573249e-02)	6
0.9024556       	mag(U)          	0.00000000e+00	(-6.29305556e-03 -2.48035714e-02 -4.29125000e-02)	0	6.97532552e-01	(-8.09394159e-03 1.28342582e-02 -4.85154565e-02)	6
0.9025462       	mag(U)          	0.00000000e+00	(-6.29305556e-03 -2.48035714e-02 -4.29125000e-02)	0	6.94836241e-01	(-8.10352320e-03 1.28342582e-02 -4.84735779e-02)	6
0.902636        	mag(U)          	0.00000000e+00	(-6.29305556e-03 -2.48035714e-02 -4.29125000e-02)	0	6.96375574e-01	(-7.02191822e-03 -6.05553714e-03 -4.56125876e-02)	4
0.9027251       	mag(U)          	0.00000000e+00	(-6.29305556e-03 -2.48035714e-02 -4.29125000e-02)	0	6.99846005e-01	(-7.02952880e-03 -6.05553714e-03 -4.55717078e-02)	4
0.9028137       	mag(U)          	0.00000000e+00	(-6.29305556e-03 -2.48035714e-02 -4.29125000e-02)	0	7.02132616e-01	(-7.03714240e-03 -6.05553714e-03 -4.55309237e-02)	4
0.902902        	mag(U)          	0.00000000e+00	(-6.29305556e-03 -2.48035714e-02 -4.29125000e-02)	0	7.03185159e-01	(-7.04475306e-03 -6.05553714e-03 -4.54901888e-02)	4
0.9029904       	mag(U)          	0.00000000e+00	(-6.29305556e-03 -2.48035714e-02 -4.29125000e-02)	0	7.03000723e-01	(-7.05235536e-03 -6.05553714e-03 -4.54494565e-02)	4
0.903079        	mag(U)          	0.00000000e+00	(-6.29305556e-03 -2.48035714e-02 -4.29125000e-02)	0	7.01558631e-01	(-7.05994399e-03 -6.05553714e-03 -4.54086798e-02)	4
0.903168        	mag(U)          	0.00000000e+00	(-6.29305556e-03 -2.48035714e-02 -4.29125000e-02)	0	6.98913960e-01	(-7.06750868e-03 -6.05553714e-03 -4.53678449e-02)	4
0.9032575       	mag(U)          	0.00000000e+00	(-6.29305556e-03 -2.48035714e-02 -4.29125000e-02)	0	6.97344364e-01	(-8.18063206e-03 1.28342582e-02 -4.81404617e-02)	6
0.9033477       	mag(U)          	0.00000000e+00	(-6.29305556e-03 -2.48035714e-02 -4.29125000e-02)	0	6.96615397e-01	(-8.19026010e-03 1.28342582e-02 -4.80984733e-02)	6
0.9034383       	mag(U)          	0.00000000e+00	(-6.29305556e-03 -2.48035714e-02 -4.29125000e-02)	0	6.95011539e-01	(-8.19992461e-03 1.28342582e-02 -4.80562907e-02)	6
0.903529        	mag(U)          	0.00000000e+00	(-6.29305556e-03 -2.48035714e-02 -4.29125000e-02)	0	6.94158464e-01	(-7.09788065e-03 -6.05553714e-03 -4.52028106e-02)	4
0.9036198       	mag(U)          	0.00000000e+00	(-6.29305556e-03 -2.48035714e-02 -4.29125000e-02)	0	6.95620419e-01	(-7.10554869e-03 -6.05553714e-03 -4.51611891e-02)	4
0.9037103       	mag(U)          	0.00000000e+00	(-6.29305556e-03 -2.48035714e-02 -4.29125000e-02)	0	6.98235919e-01	(-7.11325400e-03 -6.05553714e-03 -4.51195073e-02)	4
0.9038003       	mag(U)          	0.00000000e+00	(-6.29305556e-03 -2.48035714e-02 -4.29125000e-02)	0	7.01918091e-01	(-7.12099516e-03 -6.05553714e-03 -4.50778265e-02)	4
0.9038897       	mag(U)          	0.00000000e+00	(-6.29305556e-03 -2.48035714e-02 -4.29125000e-02)	0	7.05622999e-01	(-7.12876163e-03 -6.05553714e-03 -4.50361919e-02)	4
0.9039785       	mag(U)          	0.00000000e+00	(-6.29305556e-03 -2.48035714e-02 -4.29125000e-02)	0	7.08412678e-01	(-7.13653105e-03 -6.05553714e-03 -4.49946604e-02)	4
0.9040669       	mag(U)          	0.00000000e+00	(-6.29305556e-03 -2.48035714e-02 -4.29125000e-02)	0	7.10191454e-01	(-7.14429571e-03 -6.05553714e-03 -4.49532123e-02)	4
0.9041552       	mag(U)          	0.00000000e+00	(-6.29305556e-03 -2.48035714e-02 -4.29125000e-02)	0	7.10933931e-01	(-7.15205571e-03 -6.05553714e-03 -4.49117895e-02)	4
0.9042435       	mag(U)          	0.00000000e+00	(-6.29305556e-03 -2.48035714e-02 -4.29125000e-02)	0	7.10616930e-01	(-7.15981141e-03 -6.05553714e-03 -4.48703339e-02)	4
0.904332        	mag(U)          	0.00000000e+00	(-6.29305556e-03 -2.48035714e-02 -4.29125000e-02)	0	7.09222799e-01	(-7.16754902e-03 -6.05553714e-03 -4.48288636e-02)	4
0.9044209       	mag(U)          	0.00000000e+00	(-6.29305556e-03 -2.48035714e-02 -4.29125000e-02)	0	7.06874022e-01	(-7.17527127e-03 -6.05553714e-03 -4.47873127e-02)	4
0.9045104       	mag(U)          	0.00000000e+00	(-6.29305556e-03 -2.48035714e-02 -4.29125000e-02)	0	7.04790183e-01	(-7.18299906e-03 -6.05553714e-03 -4.47455788e-02)	4
0.9046003       	mag(U)          	0.00000000e+00	(-6.29305556e-03 -2.48035714e-02 -4.29125000e-02)	0	7.03396783e-01	(-7.19073527e-03 -6.05553714e-03 -4.47036949e-02)	4
0.9046906       	mag(U)          	0.00000000e+00	(-6.29305556e-03 -2.48035714e-02 -4.29125000e-02)	0	7.02677009e-01	(-7.19848964e-03 -6.05553714e-03 -4.46616581e-02)	4
0.904781        	mag(U)          	0.00000000e+00	(-6.29305556e-03 -2.48035714e-02 -4.29125000e-02)	0	7.02673517e-01	(-7.20626458e-03 -6.05553714e-03 -4.46195056e-02)	4
0.9048715       	mag(U)          	0.00000000e+00	(-6.29305556e-03 -2.48035714e-02 -4.29125000e-02)	0	7.03417228e-01	(-7.21406975e-03 -6.05553714e-03 -4.45772350e-02)	4
0.9049619       	mag(U)          	0.00000000e+00	(-6.29305556e-03 -2.48035714e-02 -4.29125000e-02)	0	7.04928934e-01	(-7.22190709e-03 -6.05553714e-03 -4.45348846e-02)	4
0.9050521       	mag(U)          	0.00000000e+00	(-6.29305556e-03 -2.48035714e-02 -4.29125000e-02)	0	7.07109227e-01	(-7.22977698e-03 -6.05553714e-03 -4.44924994e-02)	4
0.9051419       	mag(U)          	0.00000000e+00	(-6.29305556e-03 -2.48035714e-02 -4.29125000e-02)	0	7.09124979e-01	(-7.23766912e-03 -6.05553714e-03 -4.44501352e-02)	4
0.9052314       	mag(U)          	0.00000000e+00	(-6.29305556e-03 -2.48035714e-02 -4.29125000e-02)	0	7.10641204e-01	(-7.24556656e-03 -6.05553714e-03 -4.44078253e-02)	4
0.9053208       	mag(U)          	0.00000000e+00	(-6.29305556e-03 -2.48035714e-02 -4.29125000e-02)	0	7.11624717e-01	(-7.25346735e-03 -6.05553714e-03 -4.43655215e-02)	4
0.9054101       	mag(U)          	0.00000000e+00	(-6.29305556e-03 -2.48035714e-02 -4.29125000e-02)	0	7.12046278e-01	(-7.26136990e-03 -6.05553714e-03 -4.43231758e-02)	4
0.9054994       	mag(U)          	0.00000000e+00	(-6.29305556e-03 -2.48035714e-02 -4.29125000e-02)	0	7.11895521e-01	(-7.26925790e-03 -6.05553714e-03 -4.42808198e-02)	4
0.9055889       	mag(U)          	0.00000000e+00	(-6.29305556e-03 -2.48035714e-02 -4.29125000e-02)	0	7.11181688e-01	(-7.27713005e-03 -6.05553714e-03 -4.42384050e-02)	4
0.9056786       	mag(U)          	0.00000000e+00	(-6.29305556e-03 -2.48035714e-02 -4.29125000e-02)	0	7.09932673e-01	(-7.28497724e-03 -6.05553714e-03 -4.41959168e-02)	4
0.9057687       	mag(U)          	0.00000000e+00	(-6.29305556e-03 -2.48035714e-02 -4.29125000e-02)	0	7.08789501e-01	(-7.29280485e-03 -6.05553714e-03 -4.41532981e-02)	4
0.9058591       	mag(U)          	0.00000000e+00	(-6.29305556e-03 -2.48035714e-02 -4.29125000e-02)	0	7.08049226e-01	(-7.30062455e-03 -6.05553714e-03 -4.41105650e-02)	4
0.9059496       	mag(U)          	0.00000000e+00	(-6.29305556e-03 -2.48035714e-02 -4.29125000e-02)	0	7.07762319e-01	(-7.30844935e-03 -6.05553714e-03 -4.40677354e-02)	4
0.9060402       	mag(U)          	0.00000000e+00	(-6.29305556e-03 -2.48035714e-02 -4.29125000e-02)	0	7.07930589e-01	(-7.31629227e-03 -6.05553714e-03 -4.40248271e-02)	4
0.9061309       	mag(U)          	0.00000000e+00	(-6.29305556e-03 -2.48035714e-02 -4.29125000e-02)	0	7.08569031e-01	(-7.32417385e-03 -6.05553714e-03 -4.39818169e-02)	4
0.9062215       	mag(U)          	0.00000000e+00	(-6.29305556e-03 -2.48035714e-02 -4.29125000e-02)	0	7.09700365e-01	(-7.33209924e-03 -6.05553714e-03 -4.39387648e-02)	4
0.9063119       	mag(U)          	0.00000000e+00	(-6.29305556e-03 -2.48035714e-02 -4.29125000e-02)	0	7.11321277e-01	(-7.34008292e-03 -6.05553714e-03 -4.38956920e-02)	4
0.9064022       	mag(U)          	0.00000000e+00	(-6.29305556e-03 -2.48035714e-02 -4.29125000e-02)	0	7.12976408e-01	(-7.34812773e-03 -6.05553714e-03 -4.38526049e-02)	4
0.9064922       	mag(U)          	0.00000000e+00	(-6.29305556e-03 -2.48035714e-02 -4.29125000e-02)	0	7.14162814e-01	(-7.35619723e-03 -6.05553714e-03 -4.38095675e-02)	4
0.9065821       	mag(U)          	0.00000000e+00	(-6.29305556e-03 -2.48035714e-02 -4.29125000e-02)	0	7.14815949e-01	(-7.36427750e-03 -6.05553714e-03 -4.37665194e-02)	4
0.906672        	mag(U)          	0.00000000e+00	(-6.29305556e-03 -2.48035714e-02 -4.29125000e-02)	0	7.14922779e-01	(-7.37234723e-03 -6.05553714e-03 -4.37234416e-02)	4
0.906762        	mag(U)          	0.00000000e+00	(-6.29305556e-03 -2.48035714e-02 -4.29125000e-02)	0	7.14467694e-01	(-7.38038523e-03 -6.05553714e-03 -4.36803151e-02)	4
0.9068522       	mag(U)          	0.00000000e+00	(-6.29305556e-03 -2.48035714e-02 -4.29125000e-02)	0	7.13440760e-01	(-7.38837019e-03 -6.05553714e-03 -4.36371207e-02)	4
0.9069426       	mag(U)          	0.00000000e+00	(-6.29305556e-03 -2.48035714e-02 -4.29125000e-02)	0	7.12150845e-01	(-7.39629267e-03 -6.05553714e-03 -4.35938244e-02)	4
0.9070333       	mag(U)          	0.00000000e+00	(-6.29305556e-03 -2.48035714e-02 -4.29125000e-02)	0	7.11361867e-01	(-7.40417580e-03 -6.05553714e-03 -4.35503997e-02)	4
0.9071242       	mag(U)          	0.00000000e+00	(-6.29305556e-03 -2.48035714e-02 -4.29125000e-02)	0	7.10692731e-01	(-7.41202773e-03 -6.05553714e-03 -4.35068835e-02)	4
0.9072152       	mag(U)          	0.00000000e+00	(-6.29305556e-03 -2.48035714e-02 -4.29125000e-02)	0	7.10116331e-01	(-7.41986352e-03 -6.05553714e-03 -4.34632719e-02)	4
0.9073065       	mag(U)          	0.00000000e+00	(-6.29305556e-03 -2.48035714e-02 -4.29125000e-02)	0	7.09637987e-01	(-7.42769830e-03 -6.05553714e-03 -4.34195609e-02)	4
0.9073978       	mag(U)          	0.00000000e+00	(-6.29305556e-03 -2.48035714e-02 -4.29125000e-02)	0	7.09268325e-01	(-7.43553952e-03 -6.05553714e-03 -4.33757897e-02)	4
0.9074892       	mag(U)          	0.00000000e+00	(-6.29305556e-03 -2.48035714e-02 -4.29125000e-02)	0	7.09007315e-01	(-7.44340234e-03 -6.05553714e-03 -4.33319543e-02)	4
0.9075807       	mag(U)          	0.00000000e+00	(-6.29305556e-03 -2.48035714e-02 -4.29125000e-02)	0	7.08582935e-01	(-7.45128385e-03 -6.05553714e-03 -4.32880590e-02)	4
0.9076724       	mag(U)          	0.00000000e+00	(-6.29305556e-03 -2.48035714e-02 -4.29125000e-02)	0	7.07908328e-01	(-7.45917188e-03 -6.05553714e-03 -4.32440675e-02)	4
0.9077643       	mag(U)          	0.00000000e+00	(-6.29305556e-03 -2.48035714e-02 -4.29125000e-02)	0	7.07455663e-01	(-7.46706938e-03 -6.05553714e-03 -4.31999734e-02)	4
0.9078562       	mag(U)          	0.00000000e+00	(-6.29305556e-03 -2.48035714e-02 -4.29125000e-02)	0	7.07254970e-01	(-7.47497186e-03 -6.05553714e-03 -4.31558144e-02)	4
0.9079483       	mag(U)          	0.00000000e+00	(-6.29305556e-03 -2.48035714e-02 -4.29125000e-02)	0	7.07304302e-01	(-7.48288281e-03 -6.05553714e-03 -4.31115844e-02)	4
0.9080404       	mag(U)          	0.00000000e+00	(-6.29305556e-03 -2.48035714e-02 -4.29125000e-02)	0	7.07611881e-01	(-7.49080584e-03 -6.05553714e-03 -4.30672773e-02)	4
0.9081326       	mag(U)          	0.00000000e+00	(-6.29305556e-03 -2.48035714e-02 -4.29125000e-02)	0	7.08185976e-01	(-7.49873686e-03 -6.05553714e-03 -4.30229313e-02)	4
0.9082247       	mag(U)          	0.00000000e+00	(-6.29305556e-03 -2.48035714e-02 -4.29125000e-02)	0	7.09224407e-01	(-7.50669429e-03 -6.05553714e-03 -4.29785313e-02)	4
0.9083168       	mag(U)          	0.00000000e+00	(-6.29305556e-03 -2.48035714e-02 -4.29125000e-02)	0	7.10145683e-01	(-7.51466867e-03 -6.05553714e-03 -4.29341254e-02)	4
0.9084087       	mag(U)          	0.00000000e+00	(-6.29305556e-03 -2.48035714e-02 -4.29125000e-02)	0	7.10563653e-01	(-7.52264148e-03 -6.05553714e-03 -4.28897304e-02)	4
0.9085007       	mag(U)          	0.00000000e+00	(-6.29305556e-03 -2.48035714e-02 -4.29125000e-02)	0	7.10445492e-01	(-7.53060222e-03 -6.05553714e-03 -4.28453186e-02)	4
0.9085927       	mag(U)          	0.00000000e+00	(-6.29305556e-03 -2.48035714e-02 -4.29125000e-02)	0	7.09775975e-01	(-7.53854030e-03 -6.05553714e-03 -4.28008618e-02)	4
0.908685        	mag(U)          	0.00000000e+00	(-6.29305556e-03 -2.48035714e-02 -4.29125000e-02)	0	7.08536007e-01	(-7.54644486e-03 -6.05553714e-03 -4.27563319e-02)	4
0.9087775       	mag(U)          	0.00000000e+00	(-6.29305556e-03 -2.48035714e-02 -4.29125000e-02)	0	7.06735854e-01	(-7.55430482e-03 -6.05553714e-03 -4.27116999e-02)	4
0.9088705       	mag(U)          	0.00000000e+00	(-6.29305556e-03 -2.48035714e-02 -4.29125000e-02)	0	7.04722136e-01	(-7.56212973e-03 -6.05553714e-03 -4.26668789e-02)	4
0.9089638       	mag(U)          	0.00000000e+00	(-6.29305556e-03 -2.48035714e-02 -4.29125000e-02)	0	7.03129342e-01	(-7.56992779e-03 -6.05553714e-03 -4.26218976e-02)	4
0.9090575       	mag(U)          	0.00000000e+00	(-6.29305556e-03 -2.48035714e-02 -4.29125000e-02)	0	7.02072084e-01	(-7.57770995e-03 -6.05553714e-03 -4.25767837e-02)	4
0.9091514       	mag(U)          	0.00000000e+00	(-6.29305556e-03 -2.48035714e-02 -4.29125000e-02)	0	7.01575132e-01	(-7.58548757e-03 -6.05553714e-03 -4.25315651e-02)	4
0.9092454       	mag(U)          	0.00000000e+00	(-6.29305556e-03 -2.48035714e-02 -4.29125000e-02)	0	7.01625576e-01	(-7.59328038e-03 -6.05553714e-03 -4.24862238e-02)	4
0.9093394       	mag(U)          	0.00000000e+00	(-6.29305556e-03 -2.48035714e-02 -4.29125000e-02)	0	7.02265759e-01	(-7.60109220e-03 -6.05553714e-03 -4.24408356e-02)	4
0.9094334       	mag(U)          	0.00000000e+00	(-6.29305556e-03 -2.48035714e-02 -4.29125000e-02)	0	7.03540673e-01	(-7.60893531e-03 -6.05553714e-03 -4.23954269e-02)	4
0.9095272       	mag(U)          	0.00000000e+00	(-6.29305556e-03 -2.48035714e-02 -4.29125000e-02)	0	7.04986571e-01	(-7.61680340e-03 -6.05553714e-03 -4.23500365e-02)	4
0.9096207       	mag(U)          	0.00000000e+00	(-6.29305556e-03 -2.48035714e-02 -4.29125000e-02)	0	7.05792462e-01	(-7.62467258e-03 -6.05553714e-03 -4.23046910e-02)	4
0.9097143       	mag(U)          	0.00000000e+00	(-6.29305556e-03 -2.48035714e-02 -4.29125000e-02)	0	7.05877504e-01	(-7.63253421e-03 -6.05553714e-03 -4.22593253e-02)	4
0.9098079       	mag(U)          	0.00000000e+00	(-6.29305556e-03 -2.48035714e-02 -4.29125000e-02)	0	7.05190694e-01	(-7.64037148e-03 -6.05553714e-03 -4.22139212e-02)	4
0.9099018       	mag(U)          	0.00000000e+00	(-6.29305556e-03 -2.48035714e-02 -4.29125000e-02)	0	7.03720548e-01	(-7.64816731e-03 -6.05553714e-03 -4.21684600e-02)	4
0.909996        	mag(U)          	0.00000000e+00	(-6.29305556e-03 -2.48035714e-02 -4.29125000e-02)	0	7.01447993e-01	(-7.65591216e-03 -6.05553714e-03 -4.21228754e-02)	4
