# Force         
# CofR          : (6.34500000e-02 0.00000000e+00 4.00000000e-03)
#
# Time          	total_x total_y total_z	pressure_x pressure_y pressure_z	viscous_x viscous_y viscous_z
0.0005319149     -8.83424741e-01 -2.61051180e-04 -6.22999750e+00 -8.82979034e-01 -2.61426294e-04 -6.22778916e+00 -4.45707804e-04 3.75114074e-07 -2.20833678e-03
0.0006586925     -1.31061194e-01 -2.34999903e-04 -9.34379772e-01 -1.30658366e-01 -2.35564339e-04 -9.32440817e-01 -4.02827799e-04 5.64436268e-07 -1.93895486e-03
0.0007985851     -6.45077509e-02 -2.83145928e-05 -4.39471341e-01 -6.41206948e-02 -2.90172058e-05 -4.37664315e-01 -3.87056091e-04 7.02613008e-07 -1.80702575e-03
0.0009435038     -3.84569435e-02 2.18103422e-05 -2.57132801e-01 -3.80778237e-02 2.10255103e-05 -2.55425190e-01 -3.79119725e-04 7.84831954e-07 -1.70761098e-03
0.001092923      1.80415484e-03 4.00003037e-05 1.76631095e-02 2.17601535e-03 3.91768406e-05 1.92696793e-02 -3.71860512e-04 8.23463113e-07 -1.60656983e-03
0.001248164      4.19422372e-02 4.43185971e-05 2.90276680e-01 4.23062646e-02 4.34854779e-05 2.91771341e-01 -3.64027390e-04 8.33119173e-07 -1.49466098e-03
0.00141197       7.35614730e-02 5.11665337e-05 4.95789344e-01 7.39154132e-02 5.03427447e-05 4.97162307e-01 -3.53940236e-04 8.23789039e-07 -1.37296314e-03
0.001584145      5.08843326e-02 4.26010992e-05 3.36324475e-01 5.12322104e-02 4.17976149e-05 3.37603864e-01 -3.47877810e-04 8.03484249e-07 -1.27938950e-03
0.001762892      4.58980019e-03 1.79006071e-05 3.33090088e-02 4.93947813e-03 1.71320586e-05 3.45349853e-02 -3.49677938e-04 7.68548488e-07 -1.22597657e-03
0.001945861      -4.74110242e-02 1.25864495e-05 -2.95615790e-01 -4.70511227e-02 1.18515784e-05 -2.94403809e-01 -3.59901437e-04 7.34871181e-07 -1.21198140e-03
0.002130294      -6.11310649e-02 1.22736588e-05 -3.78117154e-01 -6.07584611e-02 1.15704728e-05 -3.76912894e-01 -3.72603829e-04 7.03185966e-07 -1.20425998e-03
0.002314727      -5.28614496e-03 2.27577023e-05 -3.46808467e-02 -4.91397020e-03 2.20909215e-05 -3.35285598e-02 -3.72174766e-04 6.66780809e-07 -1.15228692e-03
0.002503771      6.19012666e-02 4.06742591e-05 3.68984220e-01 6.22585820e-02 4.00473748e-05 3.70040332e-01 -3.57315486e-04 6.26884343e-07 -1.05611173e-03
0.002702853      1.09127664e-01 5.52741492e-05 6.45974332e-01 1.09460606e-01 5.46934883e-05 6.46905955e-01 -3.32942252e-04 5.80660844e-07 -9.31622917e-04
0.002917249      6.05148465e-02 3.18386160e-05 3.49956596e-01 6.08353542e-02 3.13131648e-05 3.50811009e-01 -3.20507685e-04 5.25451200e-07 -8.54413567e-04
0.003144906      -2.03747254e-02 2.24786362e-05 -1.28553294e-01 -2.00477087e-02 2.19907289e-05 -1.27705067e-01 -3.27016669e-04 4.87907310e-07 -8.48227020e-04
0.00337496       -7.27045496e-02 6.99644425e-06 -4.31730971e-01 -7.23619705e-02 6.53018908e-06 -4.30849818e-01 -3.42579040e-04 4.66255174e-07 -8.81152415e-04
0.00360022       -8.51241509e-03 2.72059242e-05 -5.40209474e-02 -8.16890541e-03 2.67659707e-05 -5.31745074e-02 -3.43509685e-04 4.39953483e-07 -8.46439947e-04
0.003830326      8.09959393e-02 4.91936578e-05 4.65430219e-01 8.13256510e-02 4.87894346e-05 4.66166365e-01 -3.29711654e-04 4.04223154e-07 -7.36146207e-04
0.004079381      9.86065772e-02 5.96844232e-05 5.60140263e-01 9.89196457e-02 5.93278869e-05 5.60758275e-01 -3.13068474e-04 3.56536278e-07 -6.18011804e-04
0.004354652      1.84178234e-02 3.65466977e-05 1.00601505e-01 1.87305575e-02 3.62448985e-05 1.01186894e-01 -3.12734095e-04 3.01799214e-07 -5.85389152e-04
0.004637465      -5.38641624e-02 2.32781631e-05 -3.01922211e-01 -5.35354863e-02 2.30131311e-05 -3.01298511e-01 -3.28676097e-04 2.65031970e-07 -6.23700375e-04
0.004916404      7.70101464e-03 3.82252672e-05 3.38856146e-02 8.02596533e-03 3.80143615e-05 3.44726343e-02 -3.24950682e-04 2.10905701e-07 -5.87019665e-04
0.005199271      1.08973036e-01 6.04609821e-05 5.69528358e-01 1.09264292e-01 6.03262368e-05 5.69982894e-01 -2.91255338e-04 1.34745310e-07 -4.54536688e-04
0.005499282      7.47316882e-02 7.30048635e-05 3.83654480e-01 7.50013471e-02 7.29541750e-05 3.84025761e-01 -2.69658948e-04 5.06885907e-08 -3.71280118e-04
0.005808818      -3.98323104e-02 4.04334486e-05 -2.16669153e-01 -3.95505237e-02 4.04584956e-05 -2.16253230e-01 -2.81786721e-04 -2.50469888e-08 -4.15922700e-04
0.006113439      -2.64221723e-02 4.15852412e-05 -1.43238243e-01 -2.61353873e-02 4.16804917e-05 -1.42808645e-01 -2.86785069e-04 -9.52505835e-08 -4.29597916e-04
0.006418061      8.43191668e-02 6.26135356e-05 4.29441810e-01 8.45844418e-02 6.27930833e-05 4.29763881e-01 -2.65274958e-04 -1.79547759e-07 -3.22071499e-04
0.00673844       7.69249065e-02 5.43297582e-05 3.86974819e-01 7.71720665e-02 5.46110132e-05 3.87211269e-01 -2.47159949e-04 -2.81255056e-07 -2.36450629e-04
0.007076617      -2.56769114e-02 3.54273026e-05 -1.28981573e-01 -2.54198253e-02 3.57975650e-05 -1.28710709e-01 -2.57086125e-04 -3.70262352e-07 -2.70863360e-04
0.007414794      -7.54504741e-03 4.00767516e-05 -3.99564704e-02 -7.28688302e-03 4.05172873e-05 -3.96841025e-02 -2.58164393e-04 -4.40535742e-07 -2.72367920e-04
0.007759602      1.11525654e-01 5.34830711e-05 5.29962477e-01 1.11742255e-01 5.40114050e-05 5.30103035e-01 -2.16601123e-04 -5.28333849e-07 -1.40557702e-04
0.008111447      5.65834498e-02 4.92968130e-05 2.70247989e-01 5.67847955e-02 4.99120432e-05 2.70335947e-01 -2.01345760e-04 -6.15230141e-07 -8.79586145e-05
0.008456111      -5.90900372e-02 3.85635738e-05 -2.63824212e-01 -5.88566172e-02 3.92345071e-05 -2.63663907e-01 -2.33419918e-04 -6.70933272e-07 -1.60305384e-04
0.008823753      3.46208531e-02 3.99921777e-05 1.61876945e-01 3.48393715e-02 4.07171913e-05 1.61991177e-01 -2.18518340e-04 -7.25013653e-07 -1.14232779e-04
0.009183225      1.07396905e-01 5.01269154e-05 4.86914714e-01 1.07572346e-01 5.09209523e-05 4.86915017e-01 -1.75441127e-04 -7.94036878e-07 -3.03406505e-07
0.009534709      -1.21501550e-02 3.61533524e-05 -5.72452334e-02 -1.19708632e-02 3.69885256e-05 -5.72117165e-02 -1.79291851e-04 -8.35173215e-07 -3.35168879e-05
0.009894367      -2.54400605e-02 2.65064584e-05 -1.15735206e-01 -2.52551388e-02 2.73627785e-05 -1.15667368e-01 -1.84921763e-04 -8.56320102e-07 -6.78379715e-05
0.01027201       9.92846819e-02 3.93397854e-05 4.53065249e-01 9.94434687e-02 4.02456614e-05 4.53012842e-01 -1.58786735e-04 -9.05875902e-07 5.24074430e-05
0.01063123       5.88603166e-02 3.33156285e-05 2.69160307e-01 5.90074396e-02 3.42790452e-05 2.69058620e-01 -1.47123040e-04 -9.63416662e-07 1.01686551e-04
0.01098168       -3.46838761e-02 2.69544243e-05 -1.48820116e-01 -3.45254179e-02 2.79402725e-05 -1.48867970e-01 -1.58458205e-04 -9.85848217e-07 4.78534704e-05
0.01135059       3.98089578e-02 1.86658989e-05 1.76590000e-01 3.99535944e-02 1.96927539e-05 1.76501991e-01 -1.44636547e-04 -1.02685501e-06 8.80094150e-05
0.01171949       7.98110652e-02 3.23372586e-05 3.47397876e-01 7.99312968e-02 3.34059737e-05 3.47234166e-01 -1.20231529e-04 -1.06871504e-06 1.63709496e-04
0.01207842       -1.02342239e-02 2.22377713e-05 -3.76157731e-02 -1.01080721e-02 2.33276805e-05 -3.77508236e-02 -1.26151865e-04 -1.08990920e-06 1.35050592e-04
0.01244761       -2.46323729e-03 1.77007993e-05 -4.00084915e-03 -2.33626028e-03 1.88050386e-05 -4.12586688e-03 -1.26977002e-04 -1.10423939e-06 1.25017735e-04
0.01282799       7.77192856e-02 2.93410835e-05 3.29464129e-01 7.78200697e-02 3.04714029e-05 3.29261458e-01 -1.00784043e-04 -1.13031945e-06 2.02670989e-04
0.01319684       3.20620501e-02 2.11326914e-05 1.40973278e-01 3.21573402e-02 2.22858403e-05 1.40753333e-01 -9.52901092e-05 -1.15314891e-06 2.19944212e-04
0.01356568       -1.20438274e-02 1.45734318e-05 -3.70444822e-02 -1.19373814e-02 1.57319986e-05 -3.72414859e-02 -1.06445973e-04 -1.15856680e-06 1.97003669e-04
0.01394683       6.25972546e-02 1.85645285e-05 2.50313882e-01 6.26720711e-02 1.97355157e-05 2.50063657e-01 -7.48165240e-05 -1.17098722e-06 2.50224532e-04
0.01431527       6.30712778e-02 2.14853914e-05 2.51838446e-01 6.31201244e-02 2.26650223e-05 2.51544927e-01 -4.88466307e-05 -1.17963085e-06 2.93518883e-04
0.01468371       -2.86392765e-02 1.10360703e-05 -9.44467875e-02 -2.85629072e-02 1.22089500e-05 -9.46998897e-02 -7.63692329e-05 -1.17287975e-06 2.53102180e-04
0.01506579       2.16611936e-02 1.24374867e-05 9.78876689e-02 2.17348901e-02 1.36024426e-05 9.76172854e-02 -7.36964765e-05 -1.16495588e-06 2.70383568e-04
0.01544788       7.37500942e-02 1.89282539e-05 2.96271708e-01 7.37985034e-02 2.00949848e-05 2.95937577e-01 -4.84091693e-05 -1.16673091e-06 3.34131126e-04
0.01581527       -3.09056024e-03 9.93598314e-06 -4.51581185e-03 -3.03804472e-03 1.10876588e-05 -4.82793307e-03 -5.25155169e-05 -1.15167563e-06 3.12121218e-04
0.01619796       -1.52828962e-03 6.29578947e-06 1.62649245e-03 -1.47400674e-03 7.42465940e-06 1.32659904e-03 -5.42828828e-05 -1.12886993e-06 2.99893413e-04
0.01658066       8.35937268e-02 2.21838615e-05 3.34501912e-01 8.36272403e-02 2.32994173e-05 3.34123410e-01 -3.35135696e-05 -1.11555584e-06 3.78501894e-04
0.01694672       2.66758215e-02 1.45534110e-05 1.06227866e-01 2.66988184e-02 1.56407472e-05 1.05846821e-01 -2.29969474e-05 -1.08733627e-06 3.81044873e-04
0.01731278       -2.75856619e-02 -2.98757140e-07 -1.14403420e-01 -2.75702832e-02 7.46545105e-07 -1.14732751e-01 -1.53787511e-05 -1.04530225e-06 3.29331009e-04
0.01769714       5.50614800e-02 9.89004428e-06 2.23664182e-01 5.50721493e-02 1.09149366e-05 2.23281224e-01 -1.06693846e-05 -1.02489231e-06 3.82958029e-04
0.0180815        5.42539123e-02 1.10421655e-05 2.22167505e-01 5.42624546e-02 1.20505001e-05 2.21740883e-01 -8.54229505e-06 -1.00833457e-06 4.26621408e-04
0.01846586       -3.30700714e-02 -2.44196994e-06 -1.20513566e-01 -3.30547083e-02 -1.46792250e-06 -1.20884525e-01 -1.53631381e-05 -9.74047441e-07 3.70958922e-04
0.01885022       3.03597909e-02 1.88106373e-08 1.19497878e-01 3.03657968e-02 9.70011547e-07 1.19105012e-01 -6.00591241e-06 -9.51200909e-07 3.92865627e-04
0.01923458       7.51207127e-02 8.79767093e-06 2.86754958e-01 7.51079580e-02 9.73600575e-06 2.86300231e-01 1.27547280e-05 -9.38334821e-07 4.54726625e-04
0.01961894       -6.31679484e-03 4.29699661e-06 -1.51647393e-02 -6.32314946e-03 5.21492536e-06 -1.55925968e-02 6.35461469e-06 -9.17928755e-07 4.27857494e-04
