# Moment        
# CofR          : (6.34500000e-02 0.00000000e+00 4.00000000e-03)
#
# Time          	total_x total_y total_z	pressure_x pressure_y pressure_z	viscous_x viscous_y viscous_z
0.0005319149     1.07115121e-04 -3.78059361e-01 9.64076056e-06 1.07085556e-04 -3.77925417e-01 9.66946049e-06 2.95640643e-08 -1.33943920e-04 -2.86999268e-08
0.0006586925     -2.47189565e-06 -5.89675831e-02 1.35006966e-05 -2.50035116e-06 -5.88503959e-02 1.35377086e-05 2.84555110e-08 -1.17187204e-04 -3.70120667e-08
0.0007985851     6.16671418e-06 -2.76538421e-02 -2.16069847e-06 6.13618847e-06 -2.75450202e-02 -2.11617571e-06 3.05257036e-08 -1.08821952e-04 -4.45227622e-08
0.0009435038     4.48829240e-06 -1.64440673e-02 -4.90281060e-06 4.45615443e-06 -1.63416394e-02 -4.85390564e-06 3.21379710e-08 -1.02427881e-04 -4.89049616e-08
0.001092923      -8.35941488e-07 2.19084821e-04 -5.19898475e-06 -8.68815778e-07 3.15033939e-04 -5.14877428e-06 3.28742899e-08 -9.59491184e-05 -5.02104662e-08
0.001248164      -6.41649860e-06 1.67426831e-02 -4.70425942e-06 -6.44942820e-06 1.68314987e-02 -4.65463185e-06 3.29295965e-08 -8.88155672e-05 -4.96275672e-08
0.00141197       -1.04302407e-05 2.91783502e-02 -4.44898499e-06 -1.04625998e-05 2.92594790e-02 -4.40101654e-06 3.23591547e-08 -8.11287428e-05 -4.79684507e-08
0.001584145      -7.48774150e-06 1.96369032e-02 -3.85234572e-06 -7.51945384e-06 1.97120623e-02 -3.80649714e-06 3.17123403e-08 -7.51591518e-05 -4.58485807e-08
0.001762892      -1.95459237e-06 1.48774218e-03 -2.63559955e-06 -1.98553595e-06 1.55932149e-03 -2.59251009e-06 3.09435769e-08 -7.15793066e-05 -4.30894575e-08
0.001945861      4.93591233e-06 -1.82134798e-02 -2.89627234e-06 4.90561682e-06 -1.81431527e-02 -2.85545468e-06 3.02955128e-08 -7.03270841e-05 -4.08176659e-08
0.002130294      6.67423355e-06 -2.31384151e-02 -3.03364112e-06 6.64467761e-06 -2.30689922e-02 -2.99481494e-06 2.95559353e-08 -6.94229138e-05 -3.88261783e-08
0.002314727      -2.40958064e-07 -2.60169103e-03 -3.06890283e-06 -2.68915909e-07 -2.53569531e-03 -3.03231328e-06 2.79578450e-08 -6.59957220e-05 -3.65895512e-08
0.002503771      -7.99865492e-06 2.15245850e-02 -3.30226002e-06 -8.02420196e-06 2.15846673e-02 -3.26800293e-06 2.55470425e-08 -6.00823413e-05 -3.42570945e-08
0.002702853      -1.35843109e-05 3.80731977e-02 -3.46328283e-06 -1.36069341e-05 3.81257952e-02 -3.43175181e-06 2.26232689e-08 -5.25975540e-05 -3.15310195e-08
0.002917249      -7.47867965e-06 2.04546569e-02 -2.51101861e-06 -7.49891452e-06 2.05025234e-02 -2.48239519e-06 2.02348675e-08 -4.78665244e-05 -2.86234186e-08
0.003144906      2.43070874e-06 -8.03496246e-03 -2.87869605e-06 2.41172683e-06 -7.98773810e-03 -2.85153240e-06 1.89819102e-08 -4.72243566e-05 -2.71636520e-08
0.00337496       8.53397915e-06 -2.60906119e-02 -2.64804631e-06 8.51563091e-06 -2.60417585e-02 -2.62141394e-06 1.83482407e-08 -4.88534155e-05 -2.66323773e-08
0.00360022       7.62698835e-07 -3.60671420e-03 -3.12207249e-06 7.45968497e-07 -3.56017777e-03 -3.09661477e-06 1.67303379e-08 -4.65364310e-05 -2.54577142e-08
0.003830326      -9.85580818e-06 2.73426565e-02 -3.30708559e-06 -9.86974788e-06 2.73824517e-02 -3.28362091e-06 1.39397002e-08 -3.97951935e-05 -2.34646815e-08
0.004079381      -1.13887991e-05 3.30177548e-02 -3.66380609e-06 -1.13998122e-05 3.30503898e-02 -3.64319850e-06 1.10131153e-08 -3.26349365e-05 -2.06075951e-08
0.004354652      -1.91592332e-06 5.68100762e-03 -3.22222686e-06 -1.92491619e-06 5.71154837e-03 -3.20491125e-06 8.99287241e-09 -3.05407552e-05 -1.73156049e-08
0.004637465      6.17674422e-06 -1.82633382e-02 -3.34473781e-06 6.16861022e-06 -1.82307460e-02 -3.32955478e-06 8.13400034e-09 -3.25922302e-05 -1.51830231e-08
0.004916404      -4.75768339e-07 1.67084298e-03 -3.54053970e-06 -4.81715586e-07 1.70114642e-03 -3.52892783e-06 5.94724637e-09 -3.03034408e-05 -1.16118706e-08
0.005199271      -1.11884342e-05 3.34587162e-02 -3.56694087e-06 -1.11903688e-05 3.34812913e-02 -3.56089398e-06 1.93458976e-09 -2.25751512e-05 -6.04689083e-09
0.005499282      -6.95186165e-06 2.24745951e-02 -4.67191175e-06 -6.95084855e-06 2.24923238e-02 -4.67158655e-06 -1.01309536e-09 -1.77287503e-05 -3.25197779e-10
0.005808818      5.66959263e-06 -1.30553637e-02 -4.26877034e-06 5.67155011e-06 -1.30351028e-02 -4.27316840e-06 -1.95748050e-09 -2.02609472e-05 4.39806771e-09
0.006113439      4.12532608e-06 -8.71035295e-03 -4.19269917e-06 4.12890396e-06 -8.68936931e-03 -4.20186275e-06 -3.57787526e-09 -2.09836389e-05 9.16358046e-09
0.006418061      -7.38870138e-06 2.52295496e-02 -3.98475498e-06 -7.38140598e-06 2.52441598e-02 -4.00001782e-06 -7.29539827e-09 -1.46101884e-05 1.52628412e-08
0.00673844       -6.34580881e-06 2.27355737e-02 -3.56445248e-06 -6.33512102e-06 2.27451426e-02 -3.58669915e-06 -1.06877866e-08 -9.56883564e-06 2.22466690e-08
0.007076617      3.90131104e-06 -7.81474098e-03 -3.68534556e-06 3.91346390e-06 -7.80316627e-03 -3.71332152e-06 -1.21528589e-08 -1.15747065e-05 2.79759658e-08
0.007414794      2.03702511e-06 -2.57179648e-03 -3.68344515e-06 2.05084960e-06 -2.56012436e-03 -3.71614591e-06 -1.38244918e-08 -1.16721233e-05 3.27007662e-08
0.007759602      -9.77087965e-06 3.10357933e-02 -2.78431660e-06 -9.75305803e-06 3.10399931e-02 -2.82361624e-06 -1.78216241e-08 -4.19978873e-06 3.92996324e-08
0.008111447      -4.14876774e-06 1.57909853e-02 -3.25376844e-06 -4.12879184e-06 1.57922058e-02 -3.29867755e-06 -1.99758986e-08 -1.22046059e-06 4.49091100e-08
0.008456111      7.04030790e-06 -1.55784560e-02 -4.16622883e-06 7.06026825e-06 -1.55732659e-02 -4.21405025e-06 -1.99603421e-08 -5.19005840e-06 4.78214151e-08
0.008823753      -1.95763938e-06 9.40312906e-03 -2.88441323e-06 -1.93591819e-06 9.40571543e-03 -2.93582897e-06 -2.17211940e-08 -2.58637110e-06 5.14157434e-08
0.009183225      -8.82938132e-06 2.84988377e-02 -2.38248579e-06 -8.80484364e-06 2.84950857e-02 -2.43872662e-06 -2.45376761e-08 3.75198350e-06 5.62408316e-08
0.009534709      2.76776372e-06 -3.44836132e-03 -3.26436984e-06 2.79236421e-06 -3.45008558e-03 -3.32287761e-06 -2.46004946e-08 1.72425706e-06 5.85077720e-08
0.009894367      3.79191205e-06 -6.89420411e-03 -2.83980566e-06 3.81625585e-06 -6.89387097e-03 -2.89950162e-06 -2.43438002e-08 -3.33140283e-07 5.96959579e-08
0.01027201       -8.47658131e-06 2.64887191e-02 -1.61626083e-06 -8.44981627e-06 2.64820757e-02 -1.67933195e-06 -2.67650450e-08 6.64335347e-06 6.30711135e-08
0.01063123       -4.42948453e-06 1.57144098e-02 -1.85342699e-06 -4.40125971e-06 1.57049607e-02 -1.92018572e-06 -2.82248259e-08 9.44906070e-06 6.67587267e-08
0.01098168       4.38322619e-06 -8.82629570e-03 -2.85792106e-06 4.41096621e-06 -8.83252940e-03 -2.92587041e-06 -2.77400129e-08 6.23369301e-06 6.79493573e-08
0.01135059       -2.67905127e-06 1.02891911e-02 -1.23280697e-06 -2.65007404e-06 1.02807024e-02 -1.30356830e-06 -2.89772356e-08 8.48869784e-06 7.07613259e-08
0.01171949       -5.78385677e-06 2.03388297e-02 -1.50235027e-06 -5.75328259e-06 2.03260370e-02 -1.57611693e-06 -3.05741761e-08 1.27926982e-05 7.37666645e-08
0.01207842       1.90048867e-06 -2.26333281e-03 -2.11371170e-06 1.93081755e-06 -2.27438123e-03 -2.18863864e-06 -3.03288725e-08 1.10484162e-05 7.49269466e-08
0.01244761       1.07227972e-06 -2.99882967e-04 -1.68861048e-06 1.10271913e-06 -3.10277521e-04 -1.76457253e-06 -3.04394121e-08 1.03945545e-05 7.59620451e-08
0.01282799       -5.47111623e-06 1.92564648e-02 -1.25264137e-06 -5.43923375e-06 1.92416712e-02 -1.33087769e-06 -3.18824777e-08 1.47936346e-05 7.82363202e-08
0.01319684       -1.91372108e-06 8.20190244e-03 -1.30138866e-06 -1.88141940e-06 8.18618281e-03 -1.38099441e-06 -3.23016812e-08 1.57196272e-05 7.96057498e-08
0.01356568       1.42618578e-06 -2.24551019e-03 -1.41834553e-06 1.45820442e-06 -2.25989267e-03 -1.49801386e-06 -3.20186398e-08 1.43824866e-05 7.96683306e-08
0.01394683       -4.26434968e-06 1.45345659e-02 -6.68319942e-07 -4.23158946e-06 1.45174130e-02 -7.49400983e-07 -3.27602158e-08 1.71528841e-05 8.10810402e-08
0.01431527       -4.24545586e-06 1.46465636e-02 -7.94395614e-07 -4.21216036e-06 1.46271685e-02 -8.76542778e-07 -3.32954983e-08 1.93950955e-05 8.21471641e-08
0.01468371       2.94410994e-06 -5.47542522e-03 -1.45320562e-06 2.97657070e-06 -5.49271288e-03 -1.53447718e-06 -3.24607628e-08 1.72876638e-05 8.12715581e-08
0.01506579       -1.24127155e-06 5.70076179e-03 -7.48433048e-07 -1.20881563e-06 5.68247241e-03 -8.29373957e-07 -3.24559196e-08 1.82893780e-05 8.09409090e-08
0.01544788       -5.31542284e-06 1.72463619e-02 -3.51011093e-07 -5.28221897e-06 1.72245483e-02 -4.32724036e-07 -3.32038712e-08 2.18136553e-05 8.17129426e-08
0.01581527       9.54454593e-07 -2.71153355e-04 -9.60766037e-07 9.86750757e-07 -2.91628978e-04 -1.04160668e-06 -3.22961636e-08 2.04756233e-05 8.08406402e-08
0.01619796       5.94038195e-07 7.05914518e-05 -6.54822961e-07 6.25516754e-07 5.08828957e-05 -7.34434735e-07 -3.14785593e-08 1.97085560e-05 7.96117742e-08
0.01658066       -6.78369215e-06 1.94096854e-02 -3.19159655e-08 -6.75150744e-06 1.93855081e-02 -1.11378880e-07 -3.21847080e-08 2.41773105e-05 7.94629145e-08
0.01694672       -1.57254541e-06 6.15603145e-03 -6.35776658e-07 -1.54128470e-06 6.13189711e-03 -7.13991769e-07 -3.12607088e-08 2.41343467e-05 7.82151109e-08
0.01731278       3.20655098e-06 -6.68057041e-03 -7.30730081e-07 3.23578059e-06 -6.70138903e-03 -8.06803416e-07 -2.92296150e-08 2.08186213e-05 7.60733345e-08
0.01769714       -4.53091715e-06 1.29797353e-02 2.64576643e-07 -4.50167860e-06 1.29557271e-02 1.89411160e-07 -2.92385491e-08 2.40081932e-05 7.51654824e-08
0.0180815        -4.45366086e-06 1.29137449e-02 1.90631710e-07 -4.42469444e-06 1.28871233e-02 1.16265644e-07 -2.89664204e-08 2.66216735e-05 7.43660655e-08
0.01846586       3.28035141e-06 -6.95059726e-03 -6.15815398e-07 3.30724039e-06 -6.97390200e-03 -6.88150862e-07 -2.68889819e-08 2.33047394e-05 7.23354642e-08
0.01885022       -2.42492270e-06 6.90933643e-03 4.65852546e-07 -2.39857146e-06 6.88486227e-03 3.94531423e-07 -2.63512412e-08 2.44741585e-05 7.13211227e-08
0.01923458       -6.27565012e-06 1.65735051e-02 8.07602439e-07 -6.24907421e-06 1.65455806e-02 7.36595524e-07 -2.65759011e-08 2.79244987e-05 7.10069151e-08
0.01961894       5.54055090e-07 -8.65734696e-04 -3.56757770e-07 5.79430350e-07 -8.92073578e-04 -4.26406682e-07 -2.53752596e-08 2.63388820e-05 6.96489118e-08
