# Force         
# CofR          : (6.34000000e-02 0.00000000e+00 4.00000000e-03)
#
# Time          	total_x total_y total_z	pressure_x pressure_y pressure_z	viscous_x viscous_y viscous_z
0.00144          -1.89150104e-01 6.23634623e-06 -1.02379659e-01 -1.88806445e-01 6.24463879e-06 -1.02359341e-01 -3.43659221e-04 -8.29255865e-09 -2.03181205e-05
0.0028224        7.24628697e-03 -1.76282085e-06 4.20917329e-03 7.53590651e-03 -1.75163446e-06 4.22464453e-03 -2.89619540e-04 -1.11863963e-08 -1.54712413e-05
0.004330473      2.00722919e-02 2.94342317e-06 1.12328237e-02 2.03152034e-02 2.95232478e-06 1.12422293e-02 -2.42911539e-04 -8.90161093e-09 -9.40562068e-06
0.00599729       2.03737498e-02 2.75883112e-06 1.10859949e-02 2.05727064e-02 2.76451377e-06 1.10976094e-02 -1.98956658e-04 -5.68265540e-09 -1.16145068e-05
0.007872459      2.19684792e-02 -9.20006264e-07 1.19370794e-02 2.21214178e-02 -9.14519580e-07 1.19501627e-02 -1.52938530e-04 -5.48668332e-09 -1.30833172e-05
0.01003612       2.26295095e-02 2.88828295e-06 1.21795191e-02 2.27319509e-02 2.88853408e-06 1.21956132e-02 -1.02441423e-04 -2.51134762e-10 -1.60940861e-05
0.0126325        2.36317748e-02 -1.93307275e-06 1.25434536e-02 2.36735432e-02 -1.93339550e-06 1.25646736e-02 -4.17683285e-05 3.22744578e-10 -2.12200187e-05
0.01555344       2.34685921e-02 -7.99813610e-07 1.22005873e-02 2.34470162e-02 -8.03200584e-07 1.22310887e-02 2.15758460e-05 3.38697423e-09 -3.05014560e-05
0.0189612        2.48621839e-02 -3.74177802e-06 1.26870545e-02 2.47674487e-02 -3.74255876e-06 1.27268679e-02 9.47352302e-05 7.80739956e-10 -3.98133465e-05
0.021801         3.06327163e-02 -5.60025588e-06 1.51951188e-02 3.04677645e-02 -5.59982270e-06 1.52489828e-02 1.64951827e-04 -4.33175913e-10 -5.38639825e-05
0.02382943       3.37381775e-02 -7.42930246e-07 1.63512647e-02 3.35254981e-02 -7.48696529e-07 1.64189745e-02 2.12679422e-04 5.76628255e-09 -6.77098435e-05
0.02556808       3.42739742e-02 -7.00536433e-06 1.63208220e-02 3.40238991e-02 -7.01306128e-06 1.63980102e-02 2.50075051e-04 7.69695415e-09 -7.71882184e-05
0.02705836       3.38902085e-02 -1.76072791e-07 1.55915400e-02 3.36098377e-02 -1.92483074e-07 1.56826923e-02 2.80370720e-04 1.64102825e-08 -9.11522920e-05
0.02833573       3.34702345e-02 -1.61120011e-05 1.53361605e-02 3.31693958e-02 -1.61266944e-05 1.54355548e-02 3.00838635e-04 1.46933229e-08 -9.93942758e-05
0.02961311       3.45140022e-02 1.01536359e-05 1.54578028e-02 3.41900778e-02 1.01203269e-05 1.55660538e-02 3.23924449e-04 3.33090243e-08 -1.08251010e-04
0.03067759       3.84533200e-02 -3.78764146e-06 1.69150062e-02 3.81085406e-02 -3.82839256e-06 1.70331378e-02 3.44779397e-04 4.07510963e-08 -1.18131524e-04
0.03174207       3.49745796e-02 2.67099154e-06 1.48699559e-02 3.46127011e-02 2.61552174e-06 1.49991617e-02 3.61878443e-04 5.54697953e-08 -1.29205871e-04
0.03280656       3.53329546e-02 1.15480278e-05 1.49075952e-02 3.49548512e-02 1.14592588e-05 1.50460872e-02 3.78103390e-04 8.87690149e-08 -1.38491996e-04
0.03387104       3.64897711e-02 -2.21162014e-05 1.52804937e-02 3.60955714e-02 -2.22061877e-05 1.54268495e-02 3.94199764e-04 8.99862788e-08 -1.46355804e-04
0.03493552       3.74645675e-02 -1.74441338e-05 1.51716001e-02 3.70529017e-02 -1.75397516e-05 1.53297434e-02 4.11665797e-04 9.56177515e-08 -1.58143260e-04
0.036            3.80385076e-02 -3.19160363e-06 1.55169168e-02 3.76116390e-02 -3.30392169e-06 1.56821450e-02 4.26868532e-04 1.12318057e-07 -1.65228175e-04
0.03685714       4.38916350e-02 -5.19329458e-06 1.75605471e-02 4.34492469e-02 -5.31954167e-06 1.77359531e-02 4.42388062e-04 1.26247090e-07 -1.75405934e-04
0.03769388       3.73378332e-02 -1.66294350e-05 1.41857195e-02 3.68871607e-02 -1.67646498e-05 1.43712704e-02 4.50672511e-04 1.35214789e-07 -1.85550958e-04
0.03851069       4.24249994e-02 5.12470064e-06 1.62152316e-02 4.19612523e-02 4.96889143e-06 1.64107268e-02 4.63747115e-04 1.55809206e-07 -1.95495216e-04
0.03930805       4.65065900e-02 8.03632946e-06 1.80321197e-02 4.60293013e-02 7.85986319e-06 1.82331614e-02 4.77288642e-04 1.76466278e-07 -2.01041714e-04
0.04008643       4.18315225e-02 2.35494538e-05 1.55640212e-02 4.13452148e-02 2.33466555e-05 1.57736103e-02 4.86307742e-04 2.02798319e-07 -2.09589154e-04
0.04082861       4.01279846e-02 8.57215642e-06 1.42010557e-02 3.96341662e-02 8.35136676e-06 1.44206967e-02 4.93818401e-04 2.20789662e-07 -2.19641065e-04
0.04157079       3.84605049e-02 6.60925445e-06 1.34551754e-02 3.79606424e-02 6.37125077e-06 1.36832770e-02 4.99862473e-04 2.38003688e-07 -2.28101568e-04
0.04229529       3.09823356e-02 1.78242162e-05 1.03521380e-02 3.04816039e-02 1.75669723e-05 1.05857320e-02 5.00731722e-04 2.57243981e-07 -2.33594003e-04
0.04300255       1.40422389e-02 -6.49618170e-06 2.48285177e-03 1.35535242e-02 -6.75793653e-06 2.72124429e-03 4.88714704e-04 2.61754826e-07 -2.38392523e-04
0.04372748       1.40935132e-02 -7.41318181e-06 2.51730583e-03 1.36147405e-02 -7.68115934e-06 2.75967284e-03 4.78772681e-04 2.67977524e-07 -2.42367010e-04
0.04445242       1.50187373e-02 1.61839930e-06 2.57778460e-03 1.45464790e-02 1.34111649e-06 2.82710962e-03 4.72258278e-04 2.77282806e-07 -2.49325021e-04
0.04517736       1.80432013e-02 -4.10150603e-05 4.01953367e-03 1.75751249e-02 -4.12844631e-05 4.27395691e-03 4.68076403e-04 2.69402769e-07 -2.54423237e-04
0.04590229       2.07223603e-02 -1.30552755e-06 5.59882590e-03 2.02582803e-02 -1.58205889e-06 5.85259236e-03 4.64080021e-04 2.76531340e-07 -2.53766458e-04
0.04662723       1.57428095e-02 8.13912960e-06 2.58501559e-03 1.52827785e-02 7.85308241e-06 2.84759625e-03 4.60031027e-04 2.86047187e-07 -2.62580657e-04
0.04735216       1.56836471e-02 3.48444216e-05 3.32987521e-03 1.52310175e-02 3.45384813e-05 3.59171337e-03 4.52629560e-04 3.05940221e-07 -2.61838163e-04
0.0480771        1.14205158e-02 5.53305600e-05 1.39437106e-03 1.09759712e-02 5.49987560e-05 1.66092726e-03 4.44544601e-04 3.31804003e-07 -2.66556202e-04
0.04880204       1.23422321e-02 1.98063519e-05 1.40856746e-03 1.19034699e-02 1.94639645e-05 1.68111661e-03 4.38762262e-04 3.42387367e-07 -2.72549144e-04
0.04955036       1.73287632e-02 -5.00475408e-05 3.79009725e-03 1.68924259e-02 -5.03728674e-05 4.06510493e-03 4.36337241e-04 3.25326579e-07 -2.75007681e-04
0.05029868       1.77706173e-02 3.28926470e-05 3.79547278e-03 1.73367485e-02 3.25532132e-05 4.07341963e-03 4.33868838e-04 3.39433858e-07 -2.77946847e-04
0.051047         1.17904561e-02 8.65403368e-06 1.31230312e-03 1.13641162e-02 8.31281468e-06 1.59302323e-03 4.26339917e-04 3.41219000e-07 -2.80720109e-04
0.05179532       1.40804128e-02 1.74986363e-05 1.98897420e-03 1.36573099e-02 1.71532205e-05 2.27639104e-03 4.23102873e-04 3.45415777e-07 -2.87416842e-04
0.05254364       1.78025534e-02 1.35151232e-05 4.02305557e-03 1.73812002e-02 1.31686878e-05 4.31202280e-03 4.21353133e-04 3.46435327e-07 -2.88967225e-04
0.05329197       1.59948205e-02 1.27981560e-05 3.33799291e-03 1.55771822e-02 1.24535154e-05 3.62775264e-03 4.17638249e-04 3.44640546e-07 -2.89759724e-04
0.05404029       9.56562247e-03 -2.30965887e-05 1.44771861e-05 9.15461569e-03 -2.34218265e-05 3.11127474e-04 4.11006777e-04 3.25237776e-07 -2.96650288e-04
0.05478861       2.01366766e-02 7.68524137e-05 5.05147648e-03 1.97264671e-02 7.65016458e-05 5.34536737e-03 4.10209530e-04 3.50767908e-07 -2.93890889e-04
0.05553693       9.06157535e-03 1.07511774e-04 -1.24584158e-05 8.65824694e-03 1.07125844e-04 2.88479809e-04 4.03328407e-04 3.85930148e-07 -3.00938224e-04
0.05628525       1.55020743e-02 -1.26451929e-05 2.53409743e-03 1.51006840e-02 -1.30180092e-05 2.83827840e-03 4.01390296e-04 3.72816246e-07 -3.04180968e-04
0.05703357       1.40410438e-02 -5.43692136e-06 2.18320207e-03 1.36435835e-02 -5.79799363e-06 2.48963758e-03 3.97460315e-04 3.61072269e-07 -3.06435508e-04
0.05778189       1.18325820e-02 -1.87732675e-05 1.30010479e-03 1.14400171e-02 -1.91183070e-05 1.60892822e-03 3.92564887e-04 3.45039572e-07 -3.08823435e-04
0.05853021       1.65850135e-02 1.28960666e-05 3.08426719e-03 1.61933603e-02 1.25538633e-05 3.39563303e-03 3.91653238e-04 3.42203271e-07 -3.11365848e-04
0.05927854       1.44403524e-02 1.45532945e-05 1.84088961e-03 1.40499642e-02 1.42135907e-05 2.15929790e-03 3.90388203e-04 3.39703834e-07 -3.18408292e-04
0.06002686       1.31690922e-02 8.91943443e-06 2.24011158e-03 1.27844706e-02 8.58382105e-06 2.55650067e-03 3.84621650e-04 3.35613379e-07 -3.16389089e-04
0.06077518       1.58874386e-02 4.71461814e-05 2.79912600e-03 1.55045188e-02 4.67973575e-05 3.11656744e-03 3.82919781e-04 3.48823901e-07 -3.17441439e-04
0.0615235        1.24066774e-02 2.57252453e-05 1.10166688e-03 1.20273947e-02 2.53728568e-05 1.42404485e-03 3.79282685e-04 3.52388590e-07 -3.22377971e-04
0.06227182       1.05285768e-02 4.04607396e-06 6.60143009e-04 1.01538766e-02 3.69968254e-06 9.87828998e-04 3.74700241e-04 3.46391422e-07 -3.27685989e-04
0.06302014       1.64855384e-02 3.12294919e-05 2.95038445e-03 1.61112830e-02 3.08760113e-05 3.27944295e-03 3.74255442e-04 3.53480619e-07 -3.29058492e-04
0.06376846       1.94588551e-02 2.17238432e-05 4.31753041e-03 1.90849230e-02 2.13665235e-05 4.64384802e-03 3.73932065e-04 3.57319645e-07 -3.26317612e-04
0.06451679       9.27020544e-03 5.23023212e-06 -1.11634667e-04 8.90220690e-03 4.87732195e-06 2.21294779e-04 3.67998545e-04 3.52910167e-07 -3.32929446e-04
0.06526511       1.40125501e-02 -1.16853204e-04 1.90561850e-03 1.36460523e-02 -1.17152266e-04 2.24151846e-03 3.66497787e-04 2.99062127e-07 -3.35899958e-04
0.06601343       1.41712959e-02 1.48005447e-04 1.96367424e-03 1.38077057e-02 1.47651662e-04 2.30146549e-03 3.63590189e-04 3.53784303e-07 -3.37791253e-04
0.06676175       1.13328683e-02 -6.35812216e-05 9.60145026e-04 1.09736171e-02 -6.39034480e-05 1.30006456e-03 3.59251140e-04 3.22226378e-07 -3.39919532e-04
0.06751007       1.74208446e-02 2.31511032e-05 3.10015134e-03 1.70615381e-02 2.28240224e-05 3.44205065e-03 3.59306435e-04 3.27080775e-07 -3.41899307e-04
0.06825839       1.44240792e-02 -1.25692817e-05 1.57546159e-03 1.40653875e-02 -1.28846092e-05 1.92415610e-03 3.58691722e-04 3.15327457e-07 -3.48694509e-04
0.06900671       1.35594687e-02 3.15965988e-05 1.78736191e-03 1.32052789e-02 3.12719807e-05 2.13373565e-03 3.54189755e-04 3.24618157e-07 -3.46373741e-04
0.06975504       8.94705980e-03 1.09056891e-05 -1.72371469e-04 8.59859964e-03 1.05806602e-05 1.78798360e-04 3.48460159e-04 3.25028954e-07 -3.51169829e-04
0.07050336       1.70288544e-02 3.14754208e-05 2.82500262e-03 1.66798273e-02 3.11419629e-05 3.17780062e-03 3.49027081e-04 3.33457937e-07 -3.52797992e-04
0.07125168       2.00296429e-02 4.65466549e-05 3.97315036e-03 1.96792683e-02 4.61987960e-05 4.32520380e-03 3.50374653e-04 3.47858938e-07 -3.52053442e-04
0.072            2.59231787e-03 2.31689936e-05 -2.29126824e-03 2.25239383e-03 2.28167382e-05 -1.93236497e-03 3.39924036e-04 3.52255472e-07 -3.58903271e-04
0.0728           2.22972626e-02 1.07218246e-05 4.12937783e-03 2.19512782e-02 1.03700571e-05 4.48988644e-03 3.45984358e-04 3.51767443e-07 -3.60508603e-04
0.0736           1.33819219e-02 1.95592555e-05 1.83113527e-03 1.30407972e-02 1.92052214e-05 2.18910992e-03 3.41124690e-04 3.54034097e-07 -3.57974649e-04
0.0744           8.27054443e-03 -1.52220317e-06 -3.05897651e-04 7.93519684e-03 -1.86899200e-06 5.76797020e-05 3.35347597e-04 3.46788826e-07 -3.63577353e-04
0.0752           1.42855436e-02 6.39368099e-06 1.66776906e-03 1.39514348e-02 6.05003476e-06 2.03446452e-03 3.34108746e-04 3.43646234e-07 -3.66695454e-04
0.076            1.75703730e-02 -7.85030459e-06 2.63757063e-03 1.72357033e-02 -8.18456281e-06 3.00564525e-03 3.34669680e-04 3.34258219e-07 -3.68074621e-04
0.0768           1.26950666e-02 5.90753409e-05 1.10775488e-03 1.23629823e-02 5.87214476e-05 1.47989034e-03 3.32084268e-04 3.53893298e-07 -3.72135463e-04
0.0776           1.08411768e-02 -3.68753182e-09 4.48869540e-04 1.05130677e-02 -3.51291487e-07 8.25165100e-04 3.28109067e-04 3.47603955e-07 -3.76295560e-04
0.0784           1.83275203e-02 1.47622784e-06 3.17418546e-03 1.79987750e-02 1.13360815e-06 3.54787901e-03 3.28745250e-04 3.42619695e-07 -3.73693556e-04
0.0792           1.64817073e-02 -1.95550017e-07 2.23801412e-03 1.61532435e-02 -5.32204188e-07 2.61393647e-03 3.28463841e-04 3.36654171e-07 -3.75922347e-04
0.08             1.15806143e-02 1.41555471e-06 8.09708640e-04 1.12571541e-02 1.08424590e-06 1.18742574e-03 3.23460268e-04 3.31308813e-07 -3.77717095e-04
0.0808           8.33129184e-03 4.71416454e-06 -5.83707643e-04 8.01325861e-03 4.38762210e-06 -1.99572819e-04 3.18033226e-04 3.26542447e-07 -3.84134824e-04
0.08162424       2.10980661e-02 1.03753568e-05 3.22442190e-03 2.07749888e-02 1.00498796e-05 3.61114753e-03 3.23077316e-04 3.25477196e-07 -3.86725628e-04
0.08242351       9.80725766e-03 7.59646535e-05 4.54250007e-04 9.49117206e-03 7.56115266e-05 8.39134466e-04 3.16085600e-04 3.53126850e-07 -3.84884459e-04
0.08322277       1.53639211e-02 -5.74525052e-05 1.67872190e-03 1.50482626e-02 -5.77737377e-05 2.06650486e-03 3.15658525e-04 3.21232502e-07 -3.87782964e-04
0.08402204       1.78241911e-02 -3.24545913e-06 2.00813214e-03 1.75070911e-02 -3.56058673e-06 2.40068158e-03 3.17100036e-04 3.15127600e-07 -3.92549441e-04
0.0848213        1.06567665e-02 4.62341916e-05 5.98891913e-04 1.03451887e-02 4.59037848e-05 9.91548078e-04 3.11577843e-04 3.30406766e-07 -3.92656164e-04
0.08562057       1.27856846e-02 -2.01027820e-05 1.24515392e-03 1.24777196e-02 -2.04191272e-05 1.63648423e-03 3.07964994e-04 3.16345281e-07 -3.91330310e-04
0.08644944       1.54401357e-02 -1.84939960e-05 1.37699569e-03 1.51316442e-02 -1.87980776e-05 1.77476320e-03 3.08491490e-04 3.04081554e-07 -3.97767507e-04
0.0872783        1.64175835e-02 -5.71327440e-06 1.84333196e-03 1.61088821e-02 -6.01086093e-06 2.24267362e-03 3.08701456e-04 2.97586537e-07 -3.99341659e-04
0.08807529       1.12568687e-02 -4.04964825e-05 4.02202291e-04 1.09531297e-02 -4.07726147e-05 8.03560751e-04 3.03739002e-04 2.76132214e-07 -4.01358460e-04
0.08890549       1.66537072e-02 -2.35421545e-05 2.05091528e-03 1.63494583e-02 -2.38051741e-05 2.45357047e-03 3.04248918e-04 2.63019603e-07 -4.02655189e-04
0.08973569       1.03121359e-02 5.09696513e-05 -2.39008196e-04 1.00123627e-02 5.06869134e-05 1.70118418e-04 2.99773190e-04 2.82737941e-07 -4.09126614e-04
0.09056588       1.62313661e-02 3.85870380e-06 1.78443636e-03 1.59321628e-02 3.57750301e-06 2.19275898e-03 2.99203317e-04 2.81200791e-07 -4.08322625e-04
0.09139608       1.80029682e-02 3.57065826e-05 2.08221870e-03 1.77028889e-02 3.54120599e-05 2.49039630e-03 3.00079390e-04 2.94522653e-07 -4.08177603e-04
0.09222627       1.31649935e-02 8.02269518e-06 7.00699997e-04 1.28675967e-02 7.72798271e-06 1.11396308e-03 2.97396793e-04 2.94712468e-07 -4.13263083e-04
0.09305647       1.09619331e-02 -4.09145966e-05 3.89498428e-04 1.06697383e-02 -4.11869664e-05 8.04926134e-04 2.92194736e-04 2.72369815e-07 -4.15427706e-04
0.09388667       1.61752138e-02 -1.54983227e-05 1.84189919e-03 1.58834635e-02 -1.57612909e-05 2.25550003e-03 2.91750288e-04 2.62968219e-07 -4.13600845e-04
0.09471686       1.93437271e-02 1.83756867e-05 2.07086904e-03 1.90487451e-02 1.81064618e-05 2.48789812e-03 2.94982032e-04 2.69224952e-07 -4.17029081e-04
0.09554706       1.00562908e-02 -8.70226049e-06 -5.26354064e-04 9.76696896e-03 -8.96323104e-06 -1.03968303e-04 2.89321874e-04 2.60970546e-07 -4.22385761e-04
0.09637725       1.36757656e-02 1.36864169e-05 1.17840534e-03 1.33900733e-02 1.34216051e-05 1.59833341e-03 2.85692219e-04 2.64811857e-07 -4.19928071e-04
0.09720745       1.58849770e-02 -4.57425909e-06 1.06843372e-03 1.55986042e-02 -4.83452138e-06 1.49481222e-03 2.86372782e-04 2.60262285e-07 -4.26378498e-04
0.09803765       1.72364696e-02 -3.96485832e-06 1.57920632e-03 1.69496056e-02 -4.22006246e-06 2.00728792e-03 2.86864037e-04 2.55204144e-07 -4.28081598e-04
0.09886784       1.28212523e-02 5.61370311e-05 8.25413153e-04 1.25387938e-02 5.58610038e-05 1.25067767e-03 2.82458496e-04 2.76027317e-07 -4.25264520e-04
0.09969804       9.43479211e-03 1.43282698e-05 -4.88716766e-04 9.15759159e-03 1.40498510e-05 -5.74666699e-05 2.77200522e-04 2.78418782e-07 -4.31250096e-04
0.1005282        2.17535483e-02 -3.37141360e-07 2.33483639e-03 2.14713720e-02 -6.12003536e-07 2.76835946e-03 2.82176310e-04 2.74862176e-07 -4.33523069e-04
0.1013584        1.51055178e-02 -3.74607717e-05 1.01845853e-03 1.48254298e-02 -3.77137073e-05 1.45367549e-03 2.80087968e-04 2.52935547e-07 -4.35216957e-04
0.1021886        9.92179190e-03 -2.05009512e-07 -1.97147663e-04 9.64705485e-03 -4.53594135e-07 2.40065856e-04 2.74737045e-04 2.48584624e-07 -4.37213519e-04
0.1030188        1.52878181e-02 4.88454317e-06 8.51351243e-04 1.50144091e-02 4.63790728e-06 1.29035211e-03 2.73408986e-04 2.46635887e-07 -4.39000865e-04
0.103849         1.80065351e-02 8.21148840e-06 1.52844358e-03 1.77320056e-02 7.96503183e-06 1.96909655e-03 2.74529441e-04 2.46456571e-07 -4.40652971e-04
0.1046792        1.53393591e-02 -6.63482089e-06 8.13442695e-04 1.50661723e-02 -6.87486194e-06 1.25595690e-03 2.73186815e-04 2.40041045e-07 -4.42514206e-04
0.1055094        1.05311765e-02 1.07785314e-05 -9.64416687e-05 1.02631448e-02 1.05367487e-05 3.47982660e-04 2.68031760e-04 2.41782677e-07 -4.44424329e-04
0.1063396        1.38183342e-02 4.73452594e-06 3.92254836e-04 1.35527051e-02 4.49424815e-06 8.38512556e-04 2.65629150e-04 2.40277792e-07 -4.46257721e-04
0.1071698        2.30462183e-02 6.76728016e-05 2.28229726e-03 2.27750935e-02 6.74055043e-05 2.73012040e-03 2.71124865e-04 2.67297297e-07 -4.47823136e-04
0.108            1.09119511e-02 -8.23936330e-06 -3.47975061e-05 1.06461726e-02 -8.49824999e-06 4.14908703e-04 2.65778501e-04 2.58886697e-07 -4.49706209e-04
0.1088182        1.16698275e-02 2.07406689e-05 3.69398883e-05 1.14084348e-02 2.04768949e-05 4.88449504e-04 2.61392702e-04 2.63774003e-07 -4.51509616e-04
0.1096364        1.68030043e-02 -6.12077381e-05 9.30415828e-04 1.65410771e-02 -6.14400967e-05 1.38362209e-03 2.61927192e-04 2.32358628e-07 -4.53206262e-04
0.1104545        1.85902694e-02 -1.45513216e-05 1.11829934e-03 1.83272779e-02 -1.47750079e-05 1.57291774e-03 2.62991458e-04 2.23686319e-07 -4.54618402e-04
0.1112727        1.18468293e-02 -2.40111837e-05 -2.66025378e-04 1.15874659e-02 -2.42227347e-05 1.94478559e-04 2.59363345e-04 2.11550922e-07 -4.60503938e-04
0.1120909        1.10419606e-02 -1.76200533e-05 -1.80876540e-04 1.07875788e-02 -1.78221240e-05 2.79704507e-04 2.54381831e-04 2.02070680e-07 -4.60581047e-04
0.1129091        1.95614192e-02 3.72224575e-05 1.34348267e-03 1.93048904e-02 3.70054469e-05 1.80320093e-03 2.56528873e-04 2.17010608e-07 -4.59718255e-04
0.1137273        1.85505767e-02 5.08791382e-06 8.70364123e-04 1.82924611e-02 4.87003641e-06 1.33428376e-03 2.58115667e-04 2.17877404e-07 -4.63919636e-04
0.1145455        1.04363409e-02 9.86862604e-06 -3.35631708e-04 1.01836512e-02 9.64741673e-06 1.31767723e-04 2.52689648e-04 2.21209310e-07 -4.67399431e-04
0.1153636        1.35737899e-02 7.27870297e-07 4.22110713e-04 1.33242061e-02 5.09786959e-07 8.87102156e-04 2.49583745e-04 2.18083338e-07 -4.64991443e-04
0.1161818        1.82269469e-02 -1.71466704e-05 7.43837870e-04 1.79761213e-02 -1.73536990e-05 1.21133306e-03 2.50825638e-04 2.07028627e-07 -4.67495194e-04
0.117            1.70048988e-02 8.71043934e-06 4.13846635e-04 1.67537147e-02 8.50137521e-06 8.87316301e-04 2.51184052e-04 2.09064132e-07 -4.73469666e-04
0.1178182        1.24916820e-02 3.02114339e-05 2.36561349e-06 1.22450661e-02 2.99890188e-05 4.73031057e-04 2.46615813e-04 2.22415133e-07 -4.70665443e-04
0.1186364        1.84166922e-02 -1.40579259e-05 9.01508516e-04 1.81690879e-02 -1.42719814e-05 1.37342424e-03 2.47604299e-04 2.14055462e-07 -4.71915721e-04
0.1194545        1.13261007e-02 1.47599655e-06 -6.92320642e-04 1.10827508e-02 1.26364108e-06 -2.14065434e-04 2.43349857e-04 2.12355473e-07 -4.78255208e-04
0.1202727        1.72308612e-02 -2.36803158e-05 8.97525857e-04 1.69873786e-02 -2.38793641e-05 1.37406987e-03 2.43482623e-04 1.99048316e-07 -4.76544011e-04
0.1210909        1.29595602e-02 1.86398288e-06 -1.89888195e-04 1.27191815e-02 1.66593931e-06 2.90339119e-04 2.40378691e-04 1.98043573e-07 -4.80227315e-04
0.1219091        1.50768082e-02 -1.80735121e-05 8.04399135e-05 1.48380132e-02 -1.82617017e-05 5.61742241e-04 2.38794944e-04 1.88189650e-07 -4.81302328e-04
0.1227273        1.86276721e-02 1.63480713e-07 5.45388622e-04 1.83876406e-02 -2.37156829e-08 1.02771099e-03 2.40031465e-04 1.87196396e-07 -4.82322370e-04
0.1235455        1.53955091e-02 -5.95092297e-06 -2.39754566e-05 1.51567746e-02 -6.13383830e-06 4.62033537e-04 2.38734556e-04 1.82915335e-07 -4.86008994e-04
0.1243636        1.37408191e-02 2.62485046e-05 2.64010831e-05 1.35056191e-02 2.60555939e-05 5.11034474e-04 2.35200035e-04 1.92910724e-07 -4.84633391e-04
0.1251818        1.66744224e-02 3.64049919e-06 -2.55844350e-04 1.64387940e-02 3.44805550e-06 2.34685342e-04 2.35628409e-04 1.92443692e-07 -4.90529693e-04
0.126            1.28765215e-02 9.21125614e-06 3.41816203e-05 1.26452576e-02 9.01733411e-06 5.21737221e-04 2.31263880e-04 1.93922036e-07 -4.87555601e-04
0.1268182        1.75134482e-02 1.66617368e-05 -8.94479429e-05 1.72811664e-02 1.64615287e-05 4.04650206e-04 2.32281775e-04 2.00208140e-07 -4.94098149e-04
0.1276364        1.26758011e-02 7.09336286e-05 -7.59256394e-05 1.24479150e-02 7.07052467e-05 4.15189968e-04 2.27886099e-04 2.28381825e-07 -4.91115607e-04
0.1284545        1.60979499e-02 -4.66126697e-05 -2.02334026e-04 1.58700176e-02 -4.68176011e-05 2.94466608e-04 2.27932244e-04 2.04931419e-07 -4.96800634e-04
0.1292727        1.93382157e-02 9.06161874e-06 3.89788260e-04 1.91090901e-02 8.85403683e-06 8.85138636e-04 2.29125578e-04 2.07581903e-07 -4.95350376e-04
0.1300909        1.38705233e-02 7.17213153e-05 -3.43171141e-04 1.36446089e-02 7.14830788e-05 1.55797980e-04 2.25914395e-04 2.38236571e-07 -4.98969121e-04
0.1309091        1.55438814e-02 2.25000489e-05 -2.90813981e-04 1.53193488e-02 2.22541888e-05 2.09243753e-04 2.24532562e-04 2.45860102e-07 -5.00057734e-04
0.1317273        1.58353818e-02 5.56488324e-05 -2.12292957e-04 1.56122363e-02 5.53814039e-05 2.88841721e-04 2.23145518e-04 2.67428469e-07 -5.01134679e-04
0.1325455        1.25592691e-02 -5.40666031e-05 -4.73877791e-04 1.23394311e-02 -5.43070414e-05 3.07587702e-05 2.19837973e-04 2.40438356e-07 -5.04636561e-04
0.1333636        1.89394724e-02 -5.12061811e-06 1.71399659e-04 1.87184246e-02 -5.35720343e-06 6.74550928e-04 2.21047760e-04 2.36585314e-07 -5.03151268e-04
0.1341818        1.68908203e-02 -2.94607169e-05 -4.77774688e-04 1.66699347e-02 -2.96828125e-05 3.11335349e-05 2.20885616e-04 2.22095635e-07 -5.08908223e-04
0.135            1.30454272e-02 1.43926524e-05 -3.83142579e-04 1.28291212e-02 1.41663650e-05 1.22817841e-04 2.16305995e-04 2.26287416e-07 -5.05960420e-04
0.1358182        1.21264289e-02 -1.25308729e-05 -8.09362700e-04 1.19143704e-02 -1.27502357e-05 -3.01578372e-04 2.12058486e-04 2.19362834e-07 -5.07784327e-04
0.1366364        1.71284992e-02 4.70210808e-06 -6.19443791e-04 1.69158317e-02 4.48186213e-06 -1.05294694e-04 2.12667515e-04 2.20245952e-07 -5.14149097e-04
0.1374545        1.96589379e-02 -7.79145758e-08 1.61754592e-05 1.94451159e-02 -2.96801157e-07 5.27886063e-04 2.13821997e-04 2.18886582e-07 -5.11710604e-04
0.1382727        1.34238277e-02 6.12338062e-06 -9.48365004e-04 1.32137945e-02 5.90359541e-06 -4.31756245e-04 2.10033167e-04 2.19785206e-07 -5.16608759e-04
0.1390909        1.67514845e-02 1.95945650e-07 -3.50119618e-04 1.65423481e-02 -2.19672999e-08 1.66145901e-04 2.09136378e-04 2.17912950e-07 -5.16265519e-04
0.1399091        1.91371229e-02 7.54737109e-05 -3.64142477e-04 1.89268563e-02 7.52243201e-05 1.54405379e-04 2.10266614e-04 2.49390821e-07 -5.18547856e-04
0.1407273        1.60753981e-02 1.14686758e-05 -7.34279618e-04 1.58668105e-02 1.12168366e-05 -2.13146726e-04 2.08587670e-04 2.51839179e-07 -5.21132892e-04
0.1415455        1.21233913e-02 2.96167395e-06 -7.59383352e-04 1.19197263e-02 2.71039017e-06 -2.40118853e-04 2.03665018e-04 2.51283783e-07 -5.19264499e-04
0.1423636        1.42758878e-02 -3.51989630e-05 -8.75189038e-04 1.40743207e-02 -3.54299301e-05 -3.52908524e-04 2.01567050e-04 2.30967133e-07 -5.22280514e-04
0.1431818        2.29338223e-02 -1.82329310e-05 -8.00707269e-04 2.27274627e-02 -1.84546642e-05 -2.72981889e-04 2.06359559e-04 2.21733203e-07 -5.27725380e-04
0.144            6.41652040e-03 1.75868203e-06 -1.02807377e-03 6.22033134e-03 1.53972902e-06 -5.03292478e-04 1.96189061e-04 2.18953007e-07 -5.24781296e-04
0.1448182        2.44831636e-02 1.36038456e-06 -4.19475624e-04 2.42803994e-02 1.14261583e-06 1.07117298e-04 2.02764190e-04 2.17768730e-07 -5.26592923e-04
0.1456178        1.27638184e-02 7.05395651e-05 -1.07101435e-03 1.25656059e-02 7.02942369e-05 -5.42991730e-04 1.98212571e-04 2.45328158e-07 -5.28022622e-04
0.1464174        1.11504678e-02 -1.04791999e-05 -1.58427994e-03 1.09570262e-02 -1.07163504e-05 -1.05008326e-03 1.93441646e-04 2.37150468e-07 -5.34196683e-04
0.1472169        1.68630322e-02 2.50922896e-05 -8.49448993e-04 1.66699929e-02 2.48466725e-05 -3.15975531e-04 1.93039277e-04 2.45617138e-07 -5.33473463e-04
0.1480165        1.96901887e-02 1.84563603e-06 -7.13945839e-04 1.94960150e-02 1.60194191e-06 -1.80785583e-04 1.94173699e-04 2.43694122e-07 -5.33160255e-04
0.1488161        1.60629550e-02 -1.39333814e-05 -1.10789710e-03 1.58706972e-02 -1.41677247e-05 -5.72764083e-04 1.92257785e-04 2.34343220e-07 -5.35133013e-04
0.1496157        1.46695950e-02 1.86825101e-05 -1.19065431e-03 1.44803431e-02 1.84440752e-05 -6.53819199e-04 1.89251916e-04 2.38434951e-07 -5.36835109e-04
0.1504153        1.87190739e-02 -1.24137251e-05 -1.05582357e-03 1.85294810e-02 -1.26427674e-05 -5.17355563e-04 1.89592963e-04 2.29042370e-07 -5.38468005e-04
0.1512149        1.31101685e-02 -1.80418790e-05 -1.31122588e-03 1.29249239e-02 -1.82603986e-05 -7.71052857e-04 1.85244605e-04 2.18519512e-07 -5.40173027e-04
0.1520145        1.90992337e-02 -7.90992058e-05 -1.17624042e-03 1.89128916e-02 -7.92791636e-05 -6.34398040e-04 1.86342079e-04 1.79957778e-07 -5.41842377e-04
0.152814         1.28660945e-02 1.78918496e-05 -1.37762215e-03 1.26842496e-02 1.77039472e-05 -8.34068199e-04 1.81844902e-04 1.87902411e-07 -5.43553947e-04
0.1536136        1.81521417e-02 -3.61818759e-06 -1.46101014e-03 1.79701669e-02 -3.80336537e-06 -9.15648385e-04 1.81974774e-04 1.85177779e-07 -5.45361758e-04
0.1544132        2.07246769e-02 2.19472417e-06 -1.34119165e-03 2.05414616e-02 2.00908021e-06 -7.94145370e-04 1.83215302e-04 1.85643953e-07 -5.47046282e-04
0.1552128        1.66838447e-02 7.19470881e-06 -1.53949502e-03 1.65031644e-02 7.00728846e-06 -9.90713106e-04 1.80680248e-04 1.87420350e-07 -5.48781911e-04
0.1560124        1.54120597e-02 -5.88838278e-06 -1.41717177e-03 1.52336233e-02 -6.07211548e-06 -8.66572231e-04 1.78436340e-04 1.83732699e-07 -5.50599542e-04
0.156812         1.64623192e-02 4.05436031e-05 -1.31187261e-03 1.62845915e-02 4.03427653e-05 -7.61072200e-04 1.77727738e-04 2.00837832e-07 -5.50800407e-04
0.1576116        1.15222136e-02 -3.03488307e-05 -9.83487221e-04 1.13489230e-02 -3.05352471e-05 -4.34468652e-04 1.73290587e-04 1.86416406e-07 -5.49018569e-04
0.1584112        1.90362941e-02 -2.77690073e-06 -2.04379952e-03 1.88620845e-02 -2.96242454e-06 -1.48818663e-03 1.74209608e-04 1.85523804e-07 -5.55612887e-04
0.1592107        1.93482715e-02 2.06675755e-05 -1.26565978e-03 1.91734483e-02 2.04718309e-05 -7.08675589e-04 1.74823257e-04 1.95744608e-07 -5.56984186e-04
0.1600103        1.45038955e-02 -7.00230528e-07 -1.23839141e-03 1.43333152e-02 -8.94701611e-07 -6.84508992e-04 1.70580349e-04 1.94471083e-07 -5.53882420e-04
0.1608099        1.20887439e-02 -1.55124361e-06 -1.93179955e-03 1.19231355e-02 -1.74371454e-06 -1.37268028e-03 1.65608405e-04 1.92470934e-07 -5.59119261e-04
0.1616095        2.09164621e-02 1.70325151e-05 -1.76746413e-03 2.07471290e-02 1.68323607e-05 -1.20532035e-03 1.69333119e-04 2.00154454e-07 -5.62143782e-04
0.1624091        1.26924149e-02 -3.47776392e-06 -1.70284697e-03 1.25274818e-02 -3.67499974e-06 -1.14188260e-03 1.64933081e-04 1.97235815e-07 -5.60964364e-04
0.1632087        1.33625146e-02 9.15221485e-05 -1.67436764e-03 1.32011197e-02 9.12848878e-05 -1.11443791e-03 1.61394830e-04 2.37260654e-07 -5.59929735e-04
0.1640083        2.44640406e-02 4.87476571e-05 -2.04284620e-03 2.42986343e-02 4.84912638e-05 -1.47958315e-03 1.65406295e-04 2.56393298e-07 -5.63263044e-04
0.1648079        1.35203164e-02 1.66457034e-05 -2.18268662e-03 1.33600746e-02 1.63848003e-05 -1.61439500e-03 1.60241835e-04 2.60903093e-07 -5.68291621e-04
0.1656074        1.33970013e-02 1.73862752e-05 -1.64379443e-03 1.32408233e-02 1.71207421e-05 -1.07847655e-03 1.56178002e-04 2.65533026e-07 -5.65317872e-04
0.166407         1.99045977e-02 -2.14223005e-05 -2.16200238e-03 1.97473800e-02 -2.16762580e-05 -1.59471439e-03 1.57217740e-04 2.53957443e-07 -5.67287989e-04
0.1672066        2.04305935e-02 1.27830603e-05 -1.99804443e-03 2.02725502e-02 1.25257654e-05 -1.42953475e-03 1.58043303e-04 2.57294942e-07 -5.68509685e-04
0.1680062        1.46628305e-02 1.11542727e-05 -2.31666921e-03 1.45088643e-02 1.08944394e-05 -1.74217813e-03 1.53966182e-04 2.59833317e-07 -5.74491078e-04
0.1688058        1.81853997e-02 6.47108820e-05 -2.03860689e-03 1.80321319e-02 6.44253410e-05 -1.46476377e-03 1.53267794e-04 2.85541023e-07 -5.73843118e-04
0.1696054        2.01979572e-02 -1.27444725e-04 -2.03383377e-03 2.00437939e-02 -1.27673041e-04 -1.46050505e-03 1.54163227e-04 2.28316072e-07 -5.73328717e-04
0.170405         1.63157090e-02 8.47393050e-06 -2.11540311e-03 1.61634827e-02 8.24208181e-06 -1.54008512e-03 1.52226275e-04 2.31848691e-07 -5.75317985e-04
0.1712045        1.22902162e-02 -7.67986430e-06 -1.94798214e-03 1.21429348e-02 -7.90706998e-06 -1.37238332e-03 1.47281342e-04 2.27205681e-07 -5.75598827e-04
0.1720041        1.36014262e-02 -9.70049031e-06 -2.13014192e-03 1.34577201e-02 -9.92141350e-06 -1.55603737e-03 1.43706040e-04 2.20923182e-07 -5.74104545e-04
0.1728037        1.99208387e-02 5.94033568e-06 -2.91786535e-03 1.97760505e-02 5.71810681e-06 -2.33729030e-03 1.44788253e-04 2.22228871e-07 -5.80575042e-04
0.1736033        1.97966078e-02 5.27724765e-06 -2.67389202e-03 1.96513193e-02 5.05341774e-06 -2.09159802e-03 1.45288501e-04 2.23829904e-07 -5.82293998e-04
0.1744029        1.34717020e-02 4.71519678e-06 -2.07041291e-03 1.33311367e-02 4.49025299e-06 -1.49108237e-03 1.40565223e-04 2.24943799e-07 -5.79330536e-04
0.1752025        1.86112878e-02 -1.82552066e-05 -2.82750350e-03 1.84709092e-02 -1.84715028e-05 -2.24305735e-03 1.40378622e-04 2.16296266e-07 -5.84446151e-04
0.1760021        2.06210030e-02 7.89509277e-05 -2.93954477e-03 2.04797430e-02 7.87013065e-05 -2.35179725e-03 1.41259963e-04 2.49621221e-07 -5.87747521e-04
0.1768017        1.57607417e-02 -6.68317687e-06 -2.38687411e-03 1.56222018e-02 -6.92815805e-06 -1.80032531e-03 1.38539889e-04 2.44981172e-07 -5.86548800e-04
0.1776012        1.24209099e-02 3.96921354e-06 -2.31040606e-03 1.22874056e-02 3.72443287e-06 -1.72492052e-03 1.33504369e-04 2.44780672e-07 -5.85485547e-04
0.1784008        1.55811315e-02 3.37944886e-06 -2.99055733e-03 1.54504382e-02 3.13504154e-06 -2.40155186e-03 1.30693306e-04 2.44407319e-07 -5.89005467e-04
0.1792004        2.03287063e-02 -8.87264786e-06 -3.28988855e-03 2.01970461e-02 -9.11149590e-06 -2.69578415e-03 1.31660193e-04 2.38848035e-07 -5.94104394e-04
0.18             1.92478543e-02 3.83981554e-07 -2.78773170e-03 1.91160801e-02 1.46918888e-07 -2.19661716e-03 1.31774217e-04 2.37062667e-07 -5.91114538e-04
0.1807826        1.38136610e-02 -3.97604369e-05 -2.61920557e-03 1.36868006e-02 -3.99764798e-05 -2.02621516e-03 1.26860371e-04 2.16042881e-07 -5.92990411e-04
0.1815652        1.89678391e-02 5.75013747e-05 -3.09794261e-03 1.88407207e-02 5.72619098e-05 -2.50328344e-03 1.27118415e-04 2.39464838e-07 -5.94659165e-04
0.1823478        2.09912098e-02 -2.08637878e-06 -3.08689207e-03 2.08632724e-02 -2.32312507e-06 -2.49074813e-03 1.27937417e-04 2.36746290e-07 -5.96143948e-04
0.1831304        1.58612925e-02 7.64887713e-05 -3.09641590e-03 1.57366239e-02 7.62187139e-05 -2.49825734e-03 1.24668524e-04 2.70057428e-07 -5.98158558e-04
0.183913         1.53932749e-02 -3.58452332e-06 -2.87415062e-03 1.52710249e-02 -3.85110832e-06 -2.27658955e-03 1.22250037e-04 2.66584991e-07 -5.97561067e-04
0.1846957        1.85215878e-02 7.77601535e-06 -3.17684654e-03 1.83999773e-02 7.50789009e-06 -2.57957583e-03 1.21610528e-04 2.68125258e-07 -5.97270718e-04
0.1854783        1.45925863e-02 1.35596849e-05 -3.07254176e-03 1.44751544e-02 1.32875230e-05 -2.46940806e-03 1.17431872e-04 2.72161978e-07 -6.03133702e-04
0.1862609        2.03029862e-02 9.21299771e-05 -3.69549035e-03 2.01846501e-02 9.18233971e-05 -3.09088221e-03 1.18336173e-04 3.06579994e-07 -6.04608134e-04
0.1870435        1.33336530e-02 -2.55005449e-05 -2.72204444e-03 1.32202585e-02 -2.57953187e-05 -2.12020020e-03 1.13394540e-04 2.94773852e-07 -6.01844242e-04
0.1878261        1.87030201e-02 -8.42811432e-05 -3.56571879e-03 1.85895627e-02 -8.45382428e-05 -2.96271850e-03 1.13457403e-04 2.57099624e-07 -6.03000295e-04
0.1886087        2.12120012e-02 -1.91492833e-05 -4.05468747e-03 2.10977488e-02 -1.93952003e-05 -3.44615829e-03 1.14252450e-04 2.45916965e-07 -6.08529179e-04
0.1893913        1.65851462e-02 -1.71538068e-05 -3.48891313e-03 1.64735488e-02 -1.73911443e-05 -2.87954333e-03 1.11597406e-04 2.37337451e-07 -6.09369807e-04
0.1901739        1.27682155e-02 7.23009374e-06 -2.89767174e-03 1.26617230e-02 6.99093877e-06 -2.28955936e-03 1.06492486e-04 2.39154964e-07 -6.08112387e-04
0.1909565        1.68022748e-02 2.90831333e-06 -3.63601793e-03 1.66977209e-02 2.66933188e-06 -3.02575991e-03 1.04553944e-04 2.38981450e-07 -6.10258016e-04
0.1917391        2.59455275e-02 7.04720145e-06 -4.42285882e-03 2.58357646e-02 6.80635660e-06 -3.81101654e-03 1.09762918e-04 2.40844851e-07 -6.11842275e-04
0.1925217        1.40908457e-02 1.69484042e-05 -3.53095287e-03 1.39864658e-02 1.67009782e-05 -2.91735836e-03 1.04379945e-04 2.47426098e-07 -6.13594511e-04
0.1933043        1.39771909e-02 -3.53260995e-05 -3.21269497e-03 1.38773916e-02 -3.55559747e-05 -2.59720480e-03 9.97992874e-05 2.29875272e-07 -6.15490171e-04
0.194087         1.79830749e-02 -1.15485160e-05 -3.56511131e-03 1.78835776e-02 -1.17727372e-05 -2.95224662e-03 9.94972970e-05 2.24221259e-07 -6.12864698e-04
0.1948696        2.16984787e-02 2.85632470e-07 -4.34220745e-03 2.15980961e-02 6.25027729e-08 -3.72544764e-03 1.00382667e-04 2.23129697e-07 -6.16759820e-04
0.1956522        1.62582846e-02 6.03344758e-05 -3.49305109e-03 1.61606367e-02 6.00865230e-05 -2.87518150e-03 9.76479777e-05 2.47952810e-07 -6.17869586e-04
0.1964348        1.64127940e-02 1.04150654e-04 -3.81380468e-03 1.63180584e-02 1.03855926e-04 -3.19580675e-03 9.47356177e-05 2.94728038e-07 -6.17997934e-04
0.1972174        1.93413330e-02 -7.27130663e-05 -4.58927666e-03 1.92468176e-02 -7.29694943e-05 -3.96617984e-03 9.45154419e-05 2.56428005e-07 -6.23096819e-04
0.198            1.28745322e-02 -4.18422385e-06 -3.13989628e-03 1.27849117e-02 -4.43750873e-06 -2.51984171e-03 8.96204947e-05 2.53284879e-07 -6.20054576e-04
0.1987826        2.07738554e-02 9.15784759e-06 -4.67923512e-03 2.06835387e-02 8.90204954e-06 -4.05713039e-03 9.03167373e-05 2.55798053e-07 -6.22104735e-04
0.1995652        2.06219571e-02 -7.93434644e-06 -4.64850789e-03 2.05310998e-02 -8.18540742e-06 -4.02469434e-03 9.08573424e-05 2.51060979e-07 -6.23813544e-04
0.2003478        1.51675872e-02 2.89916866e-05 -3.85877926e-03 1.50809557e-02 2.87280878e-05 -3.23339464e-03 8.66315534e-05 2.63598795e-07 -6.25384623e-04
0.2011304        1.84594866e-02 1.70600415e-05 -4.44230610e-03 1.83739498e-02 1.67910733e-05 -3.81524738e-03 8.55367448e-05 2.68968173e-07 -6.27058720e-04
0.201913         1.70960613e-02 2.42565803e-06 -4.37702507e-03 1.70125689e-02 2.15788606e-06 -3.74805495e-03 8.34923879e-05 2.67771967e-07 -6.28970116e-04
0.2026957        1.56513769e-02 2.74736255e-05 -4.21397926e-03 1.55714114e-02 2.71969611e-05 -3.58457362e-03 7.99654496e-05 2.76664456e-07 -6.29405647e-04
0.2034783        1.94929119e-02 4.17789876e-05 -4.49628097e-03 1.94123557e-02 4.14858560e-05 -3.86864978e-03 8.05561886e-05 2.93131667e-07 -6.27631188e-04
0.2042609        2.17584992e-02 -7.40795322e-05 -5.60685127e-03 2.16776476e-02 -7.43326515e-05 -4.97261465e-03 8.08515550e-05 2.53119263e-07 -6.34236613e-04
0.2050435        1.40878794e-02 4.41575847e-05 -3.66624196e-03 1.40118058e-02 4.38857031e-05 -3.03509400e-03 7.60735735e-05 2.71881510e-07 -6.31147962e-04
0.2058261        1.28193659e-02 4.00749117e-06 -3.63481353e-03 1.27485211e-02 3.73655057e-06 -3.00241350e-03 7.08448561e-05 2.70940597e-07 -6.32400032e-04
0.2066087        2.37331559e-02 3.85513119e-05 -5.34111094e-03 2.36586941e-02 3.82671062e-05 -4.70712539e-03 7.44617748e-05 2.84205761e-07 -6.33985555e-04
0.2073913        2.04734537e-02 -1.19378709e-04 -5.00040007e-03 2.03994435e-02 -1.19611745e-04 -4.36491196e-03 7.40102346e-05 2.33035867e-07 -6.35488108e-04
0.2081739        1.36187531e-02 7.10999985e-06 -4.03756451e-03 1.35501917e-02 6.87286441e-06 -3.40056518e-03 6.85613656e-05 2.37135433e-07 -6.36999324e-04
0.2089565        1.55855935e-02 2.18633641e-05 -4.66748192e-03 1.55203952e-02 2.16180841e-05 -4.02869559e-03 6.51982710e-05 2.45279978e-07 -6.38786331e-04
0.2097391        2.14306410e-02 5.21280716e-05 -5.38022286e-03 2.13645619e-02 5.18632919e-05 -4.73985266e-03 6.60791651e-05 2.64779681e-07 -6.40370205e-04
0.2105217        2.06078790e-02 -1.82285139e-05 -5.51399757e-03 2.05416449e-02 -1.84836748e-05 -4.87182493e-03 6.62341076e-05 2.55160862e-07 -6.42172639e-04
0.2113043        1.28841841e-02 -6.28806431e-07 -4.02344129e-03 1.28231943e-02 -8.82447323e-07 -3.38397498e-03 6.09897190e-05 2.53640893e-07 -6.39466309e-04
0.212087         2.04039537e-02 3.50630812e-06 -5.60458732e-03 2.03427598e-02 3.25297981e-06 -4.96421140e-03 6.11939158e-05 2.53328319e-07 -6.40375916e-04
0.2128696        1.72233138e-02 -3.88901766e-05 -5.33536625e-03 1.71654373e-02 -3.91231915e-05 -4.68965099e-03 5.78764493e-05 2.33014945e-07 -6.45715258e-04
0.2136522        1.74917080e-02 -1.25348541e-05 -5.40404347e-03 1.74360824e-02 -1.27593293e-05 -4.75681683e-03 5.56256161e-05 2.24475220e-07 -6.47226636e-04
0.2144348        2.00691724e-02 3.79293621e-06 -5.56481906e-03 2.00130314e-02 3.56840290e-06 -4.91905801e-03 5.61410128e-05 2.24533311e-07 -6.45761046e-04
0.2152174        1.98347075e-02 -4.89376590e-06 -5.88837731e-03 1.97793249e-02 -5.11557448e-06 -5.24119316e-03 5.53826030e-05 2.21808578e-07 -6.47184153e-04
0.216            1.30626187e-02 1.35033761e-05 -4.52933309e-03 1.30124230e-02 1.32771801e-05 -3.88453269e-03 5.01957515e-05 2.26195937e-07 -6.44800408e-04
0.216766         2.23063666e-02 3.40883305e-05 -6.44320634e-03 2.22551397e-02 3.38500615e-05 -5.79210453e-03 5.12269187e-05 2.38269066e-07 -6.51101814e-04
0.2175156        1.48760141e-02 3.26207831e-05 -4.97801424e-03 1.48295948e-02 3.23725555e-05 -4.32494715e-03 4.64193428e-05 2.48227609e-07 -6.53067090e-04
0.2182653        1.80336898e-02 4.02553762e-05 -5.31606638e-03 1.79882606e-02 3.99936973e-05 -4.66487911e-03 4.54292060e-05 2.61678890e-07 -6.51187276e-04
0.2190149        2.09366745e-02 6.42393056e-06 -6.18754375e-03 2.08907110e-02 6.16159613e-06 -5.53668279e-03 4.59634952e-05 2.62334435e-07 -6.50860962e-04
0.2197646        1.88401668e-02 -1.57515212e-05 -5.77093060e-03 1.87955564e-02 -1.60060897e-05 -5.11831182e-03 4.46104202e-05 2.54568517e-07 -6.52618779e-04
0.2205143        1.52178127e-02 -9.79297533e-06 -4.85156438e-03 1.51777580e-02 -1.00418628e-05 -4.19769160e-03 4.00546697e-05 2.48887457e-07 -6.53872782e-04
0.2212639        2.09141548e-02 7.65874154e-06 -6.52890464e-03 2.08733281e-02 7.40927523e-06 -5.87342782e-03 4.08266263e-05 2.49466305e-07 -6.55476814e-04
0.2220136        1.50525657e-02 5.02296271e-05 -5.28585183e-03 1.50165010e-02 4.99629090e-05 -4.62889159e-03 3.60646977e-05 2.66718112e-07 -6.56960241e-04
0.2227632        1.85409387e-02 9.07794348e-06 -6.27658669e-03 1.85058748e-02 8.80791956e-06 -5.61765203e-03 3.50638858e-05 2.70023916e-07 -6.58934662e-04
0.2235129        2.05929397e-02 1.17337122e-06 -6.49410267e-03 2.05574719e-02 9.04663449e-07 -5.83579369e-03 3.54678099e-05 2.68707767e-07 -6.58308974e-04
0.2242626        1.86197448e-02 6.70911990e-06 -6.16353669e-03 1.85856929e-02 6.43713557e-06 -5.50679164e-03 3.40519698e-05 2.71984327e-07 -6.56745055e-04
0.2250122        1.50211304e-02 4.58231790e-06 -5.44975899e-03 1.49916351e-02 4.31003561e-06 -4.79094784e-03 2.94953527e-05 2.72282291e-07 -6.58811146e-04
0.2257619        2.20982815e-02 5.10735878e-05 -7.76748101e-03 2.20680421e-02 5.07829856e-05 -7.10221720e-03 3.02393755e-05 2.90602214e-07 -6.65263811e-04
0.2265115        1.39510589e-02 -3.60780865e-07 -5.05818167e-03 1.39257328e-02 -6.46663235e-07 -4.39557237e-03 2.53260511e-05 2.85882371e-07 -6.62609296e-04
0.2272612        1.86831352e-02 4.41091726e-05 -6.47553466e-03 1.86588155e-02 4.38078872e-05 -5.81198112e-03 2.43197530e-05 3.01285383e-07 -6.63553544e-04
0.2280109        2.13970700e-02 -1.16663819e-04 -7.05687229e-03 2.13721924e-02 -1.16916338e-04 -6.39395229e-03 2.48775805e-05 2.52519112e-07 -6.62920007e-04
0.2287605        1.85482757e-02 -3.23248731e-05 -6.34265116e-03 1.85248186e-02 -3.25646296e-05 -5.68026898e-03 2.34571169e-05 2.39756444e-07 -6.62382172e-04
0.2295102        1.59317554e-02 -2.27248105e-05 -5.81404785e-03 1.59128872e-02 -2.29548162e-05 -5.14627257e-03 1.88682603e-05 2.30005677e-07 -6.67775288e-04
0.2302598        1.92171011e-02 -3.16833877e-05 -6.53306218e-03 1.91977489e-02 -3.18993233e-05 -5.86886011e-03 1.93522033e-05 2.15935584e-07 -6.64202074e-04
0.2310095        1.69084600e-02 1.99701254e-05 -6.79924488e-03 1.68936336e-02 1.97456260e-05 -6.12902624e-03 1.48264089e-05 2.24499434e-07 -6.70218644e-04
0.2317592        1.82335181e-02 5.40790794e-05 -6.54547117e-03 1.82198804e-02 5.38339944e-05 -5.87611067e-03 1.36376436e-05 2.45085036e-07 -6.69360495e-04
0.2325088        2.10189693e-02 -5.05368789e-06 -7.31920639e-03 2.10048419e-02 -5.29802197e-06 -6.65036578e-03 1.41273540e-05 2.44334085e-07 -6.68840612e-04
0.2332585        1.93616117e-02 -6.45992380e-05 -7.14191558e-03 1.93487586e-02 -6.48172547e-05 -6.47219424e-03 1.28530473e-05 2.18016702e-07 -6.69721338e-04
0.2340081        1.10807863e-02 3.72248859e-05 -4.83070269e-03 1.10740711e-02 3.69900915e-05 -4.16404844e-03 6.71522474e-06 2.34794386e-07 -6.66654250e-04
0.2347578        -2.80690221e-03 -1.40176365e-05 -4.84235411e-04 -2.80061549e-03 -1.42455657e-05 1.77236799e-04 -6.28672330e-06 2.27929222e-07 -6.61472210e-04
0.2355075        -1.96077391e-03 3.14195134e-06 -3.42312240e-04 -1.94735981e-03 2.91431867e-06 3.05434764e-04 -1.34141051e-05 2.27632668e-07 -6.47747004e-04
0.2362928        -1.21845335e-02 2.00911271e-05 2.64147402e-03 -1.21561988e-02 1.98609641e-05 3.27435373e-03 -2.83346893e-05 2.30162934e-07 -6.32879707e-04
0.2370782        -1.24768490e-02 3.31005654e-05 2.73440403e-03 -1.24348974e-02 3.28593300e-05 3.35529208e-03 -4.19516325e-05 2.41235397e-07 -6.20888047e-04
0.2379072        -1.21098704e-02 1.97306372e-05 2.51057800e-03 -1.20547687e-02 1.94894551e-05 3.11945281e-03 -5.51017762e-05 2.41182125e-07 -6.08874812e-04
0.2387362        -1.69669348e-02 3.06491187e-05 4.09787335e-03 -1.68964499e-02 3.04044940e-05 4.69125504e-03 -7.04849837e-05 2.44624722e-07 -5.93381690e-04
0.2396204        -1.10188740e-02 2.30293747e-05 2.45158712e-03 -1.09387881e-02 2.27840700e-05 3.03069698e-03 -8.00859284e-05 2.45304650e-07 -5.79109859e-04
0.2405047        -9.09171514e-03 1.14108416e-05 1.77498891e-03 -9.00357588e-03 1.11696217e-05 2.34231979e-03 -8.81392577e-05 2.41219983e-07 -5.67330875e-04
0.2414626        -1.86024290e-02 1.34620075e-05 4.79653729e-03 -1.84973180e-02 1.32256692e-05 5.34689318e-03 -1.05111045e-04 2.36338357e-07 -5.50355888e-04
0.2424206        -1.73564183e-02 6.33189189e-06 4.40287697e-03 -1.72378702e-02 6.10709849e-06 4.93613638e-03 -1.18548104e-04 2.24793395e-07 -5.33259414e-04
0.2434849        -1.64201373e-02 -3.16228966e-05 4.13521174e-03 -1.62878387e-02 -3.18101697e-05 4.65249947e-03 -1.32298647e-04 1.87273105e-07 -5.17287727e-04
0.2445493        -1.22945664e-02 -8.86513423e-06 2.80560479e-03 -1.21536307e-02 -9.03001047e-06 3.31032503e-03 -1.40935715e-04 1.64876243e-07 -5.04720245e-04
0.2456137        -2.32275761e-02 1.15137893e-05 6.60719105e-03 -2.30687876e-02 1.13654598e-05 7.09009132e-03 -1.58788490e-04 1.48329522e-07 -4.82900270e-04
0.2466781        -1.55877645e-02 -2.15706666e-05 3.95227614e-03 -1.54210033e-02 -2.16894497e-05 4.42011285e-03 -1.66761139e-04 1.18783162e-07 -4.67836711e-04
0.2477425        -2.19840332e-02 -3.18193089e-06 6.04460056e-03 -2.18015622e-02 -3.28936060e-06 6.49789056e-03 -1.82471026e-04 1.07429714e-07 -4.53290003e-04
0.2488069        -1.89967452e-02 -1.05812796e-05 5.14130042e-03 -1.88051479e-02 -1.06735275e-05 5.57539396e-03 -1.91597301e-04 9.22478991e-08 -4.34093543e-04
0.2498712        -2.28577992e-02 -1.10610746e-05 6.43677428e-03 -2.26535319e-02 -1.11384576e-05 6.85125216e-03 -2.04267265e-04 7.73829514e-08 -4.14477880e-04
0.2509356        -1.91185617e-02 -8.88210066e-06 4.96913592e-03 -1.89060548e-02 -8.94713891e-06 5.36785512e-03 -2.12506943e-04 6.50382433e-08 -3.98719200e-04
0.252            -2.62869689e-02 -7.72092361e-06 7.16035631e-03 -2.60580451e-02 -7.77139861e-06 7.54503043e-03 -2.28923741e-04 5.04749948e-08 -3.84674127e-04
0.2529           -2.22880259e-02 -2.46442559e-06 6.22549105e-03 -2.20538190e-02 -2.50899674e-06 6.59263911e-03 -2.34206941e-04 4.45711487e-08 -3.67148060e-04
0.2537775        -2.55600616e-02 2.72741797e-05 7.23326672e-03 -2.53170432e-02 2.72201489e-05 7.58405218e-03 -2.43018373e-04 5.40308445e-08 -3.50785461e-04
0.2546331        -2.45688266e-02 1.57623264e-05 6.37015577e-03 -2.43175796e-02 1.57031908e-05 6.70976122e-03 -2.51247035e-04 5.91356633e-08 -3.39605453e-04
0.2554886        -2.68233792e-02 1.02592201e-05 7.38413756e-03 -2.65636547e-02 1.02006195e-05 7.70790074e-03 -2.59724490e-04 5.86006097e-08 -3.23763179e-04
0.2563223        -2.61943379e-02 -1.42890314e-06 6.86707583e-03 -2.59262775e-02 -1.47988703e-06 7.17970750e-03 -2.68060385e-04 5.09838909e-08 -3.12631664e-04
0.2571559        -2.19549862e-02 7.12572745e-06 5.63078778e-03 -2.16839230e-02 7.07689082e-06 5.92847539e-03 -2.71063228e-04 4.88366258e-08 -2.97687602e-04
0.2579676        -3.10349434e-02 -4.48352323e-06 8.31532064e-03 -3.07523052e-02 -4.52257350e-06 8.60145078e-03 -2.82638196e-04 3.90502770e-08 -2.86130145e-04
0.2587793        -2.66590139e-02 4.23569597e-06 7.18707664e-03 -2.63705544e-02 4.20111947e-06 7.45947281e-03 -2.88459525e-04 3.45765030e-08 -2.72396170e-04
0.259569         -2.57398301e-02 3.30003396e-06 6.65092652e-03 -2.54464541e-02 3.26959412e-06 6.91100490e-03 -2.93375965e-04 3.04398380e-08 -2.60078378e-04
0.2603587        -2.87931880e-02 4.93993259e-06 7.53262405e-03 -2.84920521e-02 4.91337427e-06 7.78118759e-03 -3.01135891e-04 2.65583200e-08 -2.48563543e-04
0.2611266        -3.09324252e-02 2.91997671e-05 8.45053562e-03 -3.06239788e-02 2.91664199e-05 8.68455997e-03 -3.08446374e-04 3.33472139e-08 -2.34024347e-04
0.2618944        -3.08677537e-02 1.47285767e-06 8.42338494e-03 -3.05523809e-02 1.44492989e-06 8.64376237e-03 -3.15372805e-04 2.79277767e-08 -2.20377436e-04
0.2626622        -2.09273562e-02 -8.29752242e-07 4.26519213e-03 -2.06109049e-02 -8.50748675e-07 4.48130884e-03 -3.16451377e-04 2.09964332e-08 -2.16116705e-04
0.2634074        -3.99178579e-02 4.68892708e-07 1.20989382e-02 -3.95891025e-02 4.54449884e-07 1.22966970e-02 -3.28755415e-04 1.44428239e-08 -1.97758735e-04
0.2641526        -2.93280460e-02 7.01902493e-06 7.65302327e-03 -2.89955629e-02 7.00906151e-06 7.83959445e-03 -3.32483173e-04 9.96341981e-09 -1.86571174e-04
0.2648979        -2.83947550e-02 1.25974442e-06 7.08032127e-03 -2.80582726e-02 1.25613195e-06 7.25819973e-03 -3.36482388e-04 3.61247149e-09 -1.77878463e-04
0.2656431        -3.13566103e-02 8.79090046e-06 8.00332591e-03 -3.10144147e-02 8.79092372e-06 8.17103666e-03 -3.42195605e-04 -2.32619375e-11 -1.67710743e-04
0.2663643        -2.93417893e-02 4.70231663e-06 7.65387770e-03 -2.89978300e-02 4.70627821e-06 7.80841655e-03 -3.43959310e-04 -3.96157466e-09 -1.54538846e-04
0.2670855        -4.25865074e-02 7.97869533e-06 1.21024657e-02 -4.22305652e-02 7.98667346e-06 1.22435474e-02 -3.55942200e-04 -7.97812967e-09 -1.41081687e-04
0.2678067        -2.81760590e-02 2.28722177e-06 6.52606432e-03 -2.78185637e-02 2.30056722e-06 6.66270548e-03 -3.57495331e-04 -1.33454497e-08 -1.36641157e-04
0.2685279        -3.34881636e-02 -1.41945551e-05 8.76745603e-03 -3.31266230e-02 -1.41700104e-05 8.89216059e-03 -3.61540596e-04 -2.45447275e-08 -1.24704555e-04
0.2692233        -3.94979259e-02 2.33315146e-06 1.10515268e-02 -3.91301677e-02 2.36239767e-06 1.11614465e-02 -3.67758164e-04 -2.92462063e-08 -1.09919775e-04
0.2699187        -3.60503165e-02 2.40393380e-06 9.24955615e-03 -3.56774625e-02 2.43807253e-06 9.35219168e-03 -3.72853949e-04 -3.41387294e-08 -1.02635535e-04
0.2706142        -3.04212169e-02 3.94313753e-06 7.26141771e-03 -3.00480539e-02 3.98162968e-06 7.35640839e-03 -3.73163059e-04 -3.84921498e-08 -9.49906833e-05
0.2713096        -3.74286345e-02 -1.20792143e-06 9.91228846e-03 -3.70509272e-02 -1.16269149e-06 9.99584875e-03 -3.77707269e-04 -4.52299400e-08 -8.35602823e-05
0.272005         -3.94594558e-02 4.58523412e-06 1.04828200e-02 -3.90764206e-02 4.63550987e-06 1.05560746e-02 -3.83035205e-04 -5.02757498e-08 -7.32546301e-05
0.2726715        -3.94828613e-02 4.22314818e-06 1.02088056e-02 -3.90952010e-02 4.27905265e-06 1.02743705e-02 -3.87660282e-04 -5.59044641e-08 -6.55649160e-05
0.2733379        -4.25695881e-02 6.66544384e-06 1.15524653e-02 -4.21769044e-02 6.72543606e-06 1.16060890e-02 -3.92683713e-04 -5.99922202e-08 -5.36237601e-05
0.2740044        -3.56267886e-02 6.25706605e-06 8.73191881e-03 -3.52335328e-02 6.32098713e-06 8.77792093e-03 -3.93255767e-04 -6.39210791e-08 -4.60021229e-05
0.2746709        -3.77043927e-02 7.29000097e-06 9.50133880e-03 -3.73094576e-02 7.35923041e-06 9.53805290e-03 -3.94935050e-04 -6.92294402e-08 -3.67141056e-05
0.2753373        -4.22597720e-02 8.85793839e-06 1.11654125e-02 -4.18608281e-02 8.93258911e-06 1.11908979e-02 -3.98943927e-04 -7.46507172e-08 -2.54854448e-05
0.2760038        -2.22840609e-02 4.28516158e-06 1.87087106e-03 -2.18858407e-02 4.36572506e-06 1.91101439e-03 -3.98220142e-04 -8.05634744e-08 -4.01433284e-05
0.2766702        -2.23536006e-02 6.47033602e-06 2.05250716e-03 -2.19560535e-02 6.55552071e-06 2.10187572e-03 -3.97547062e-04 -8.51846940e-08 -4.93685536e-05
0.2773367        -1.95271224e-02 5.19510704e-06 1.08027360e-03 -1.91320870e-02 5.28290227e-06 1.13774619e-03 -3.95035376e-04 -8.77952333e-08 -5.74725940e-05
0.2780031        -1.49544065e-02 5.27774701e-06 -5.42331453e-04 -1.45646547e-02 5.36844445e-06 -4.76807598e-04 -3.89751845e-04 -9.06974434e-08 -6.55238550e-05
0.2786696        -2.64475151e-02 9.29451941e-06 3.02925764e-03 -2.60527105e-02 9.38662560e-06 3.10607889e-03 -3.94804560e-04 -9.21061876e-08 -7.68212530e-05
0.2793361        -1.69020786e-02 8.35976414e-06 -3.42837403e-04 -1.65099469e-02 8.45355077e-06 -2.54776478e-04 -3.92131691e-04 -9.37866220e-08 -8.80609246e-05
0.2800025        -1.45059173e-02 8.52743297e-06 -1.21167960e-03 -1.41174017e-02 8.62057412e-06 -1.11259684e-03 -3.88515638e-04 -9.31411436e-08 -9.90827694e-05
0.280669         -1.94647354e-02 8.19272272e-06 4.43210335e-04 -1.90756112e-02 8.28448060e-06 5.53173925e-04 -3.89124207e-04 -9.17578805e-08 -1.09963590e-04
0.2813354        -2.16965501e-02 9.51545390e-06 1.52781000e-03 -2.13066676e-02 9.60532969e-06 1.64471938e-03 -3.89882433e-04 -8.98757876e-08 -1.16909384e-04
0.2820019        -1.70283286e-02 9.50160405e-06 -6.48915725e-05 -1.66412494e-02 9.58903998e-06 5.88858273e-05 -3.87079194e-04 -8.74359299e-08 -1.23777400e-04
0.2826683        -1.69652609e-02 7.71667261e-06 -1.73578945e-04 -1.65801955e-02 7.80154842e-06 -4.21125853e-05 -3.85065365e-04 -8.48758142e-08 -1.31466360e-04
0.2833348        -2.63910570e-02 1.00593929e-05 2.75034453e-03 -2.59998567e-02 1.01420912e-05 2.89224900e-03 -3.91200307e-04 -8.26982750e-08 -1.41904465e-04
0.2840013        -1.34177710e-02 7.71434113e-06 -1.75214988e-03 -1.30306770e-02 7.79458022e-06 -1.59953137e-03 -3.87093954e-04 -8.02390848e-08 -1.52618518e-04
0.2846677        -1.73044046e-02 9.09291535e-06 -1.81372833e-04 -1.69183701e-02 9.16976964e-06 -2.10514435e-05 -3.86034494e-04 -7.68542893e-08 -1.60321390e-04
0.2853342        -2.20218960e-02 1.09098068e-05 1.53946206e-03 -2.16338751e-02 1.09820888e-05 1.70630391e-03 -3.88020844e-04 -7.22820766e-08 -1.66841854e-04
0.2860006        -2.69198186e-02 9.71151120e-06 2.87353166e-03 -2.65253988e-02 9.77806800e-06 3.05043599e-03 -3.94419723e-04 -6.65567909e-08 -1.76904325e-04
0.2866671        -7.69386831e-03 4.45735508e-06 -3.78417674e-03 -7.30742955e-03 4.51732447e-06 -3.59681806e-03 -3.86438758e-04 -5.99693898e-08 -1.87358685e-04
0.2873335        -1.68707074e-02 9.22624391e-06 -3.89644759e-04 -1.64846281e-02 9.27699337e-06 -1.94622982e-04 -3.86079336e-04 -5.07494594e-08 -1.95021777e-04
0.288            -2.71693001e-02 1.23241033e-05 3.29630934e-03 -2.67770488e-02 1.23643091e-05 3.49679241e-03 -3.92251273e-04 -4.02057883e-08 -2.00483076e-04
0.2886429        -2.12942658e-02 1.19304946e-05 1.28313814e-03 -2.09013861e-02 1.19593193e-05 1.48910094e-03 -3.92879640e-04 -2.88247132e-08 -2.05962799e-04
0.2892857        -2.00836979e-02 5.30520353e-06 5.55346831e-04 -1.96895052e-02 5.32366085e-06 7.70019708e-04 -3.94192624e-04 -1.84573188e-08 -2.14672877e-04
0.2899286        -1.71370316e-02 2.96273696e-05 -5.03676538e-04 -1.67431769e-02 2.96266204e-05 -2.79738814e-04 -3.93854732e-04 7.49180721e-10 -2.23937724e-04
0.2905714        -1.27098700e-02 2.55001572e-05 -1.98040721e-03 -1.23190694e-02 2.54813131e-05 -1.74730158e-03 -3.90800554e-04 1.88440354e-08 -2.33105621e-04
0.2912143        -2.03944864e-02 1.23592475e-05 1.04131066e-03 -2.00021482e-02 1.23282576e-05 1.27912949e-03 -3.92338191e-04 3.09898621e-08 -2.37818825e-04
0.2918571        -2.37951154e-02 1.68964413e-05 1.93485217e-03 -2.33984061e-02 1.68526189e-05 2.18021090e-03 -3.96709314e-04 4.38224216e-08 -2.45358739e-04
0.2925           -2.41785334e-02 1.26715550e-05 2.05843131e-03 -2.37772643e-02 1.26165757e-05 2.31228996e-03 -4.01269074e-04 5.49793201e-08 -2.53858652e-04
0.2931429        -1.44198140e-02 2.08306143e-05 -9.96822428e-04 -1.40222753e-02 2.07615279e-05 -7.38305700e-04 -3.97538701e-04 6.90864399e-08 -2.58516728e-04
0.2937994        -1.82555841e-02 2.30450913e-05 5.91624421e-05 -1.78567763e-02 2.29622725e-05 3.26302394e-04 -3.98807795e-04 8.28188478e-08 -2.67139952e-04
0.2944559        -1.96125850e-02 2.01703342e-05 7.70241989e-04 -1.92118413e-02 2.00742828e-05 1.04478156e-03 -4.00743778e-04 9.60514158e-08 -2.74539568e-04
0.2951125        -2.06430519e-02 1.34499043e-05 1.50054664e-03 -2.02405456e-02 1.33442960e-05 1.77978913e-03 -4.02506281e-04 1.05608255e-07 -2.79242494e-04
0.295769         -2.18681123e-02 1.52451947e-05 1.93076120e-03 -2.14632709e-02 1.51293783e-05 2.21463946e-03 -4.04841340e-04 1.15816423e-07 -2.83878257e-04
0.2964255        -1.51284143e-02 1.64764547e-05 -7.99510237e-04 -1.47252191e-02 1.63496981e-05 -5.07813168e-04 -4.03195221e-04 1.26756602e-07 -2.91697068e-04
0.2970821        -1.55156481e-02 2.94021991e-05 -7.78459771e-04 -1.51126880e-02 2.92592621e-05 -4.77920967e-04 -4.02960153e-04 1.42937063e-07 -3.00538804e-04
0.2977386        -2.58073613e-02 2.03974082e-05 2.63117270e-03 -2.53972021e-02 2.02428809e-05 2.94056127e-03 -4.10159233e-04 1.54527370e-07 -3.09388573e-04
0.2983951        -2.35300641e-02 1.74877434e-05 2.61047346e-03 -2.31179059e-02 1.73229073e-05 2.92057883e-03 -4.12158244e-04 1.64836100e-07 -3.10105369e-04
0.2990517        -2.14369908e-02 -3.40417804e-05 1.49529666e-03 -2.10228407e-02 -3.41959342e-05 1.81098096e-03 -4.14150017e-04 1.54153864e-07 -3.15684298e-04
0.2997082        -1.85547791e-02 1.26463264e-05 2.44387084e-04 -1.81392807e-02 1.24841621e-05 5.69197527e-04 -4.15498375e-04 1.62164242e-07 -3.24810443e-04
0.3003647        -1.11874704e-02 3.61338173e-05 -2.49566496e-03 -1.07753440e-02 3.59550355e-05 -2.16171717e-03 -4.12126437e-04 1.78781758e-07 -3.33947798e-04
0.3010213        -2.56854362e-02 1.99686290e-05 2.80423992e-03 -2.52669366e-02 1.97828034e-05 3.14321502e-03 -4.18499615e-04 1.85825601e-07 -3.38975100e-04
0.3016778        -2.22493173e-02 -7.19917080e-06 1.82342402e-03 -2.18281219e-02 -7.38170600e-06 2.16706784e-03 -4.21195333e-04 1.82535198e-07 -3.43643822e-04
0.3023343        -1.50253697e-02 1.56987455e-05 -5.18934664e-04 -1.46066713e-02 1.55115626e-05 -1.70245102e-04 -4.18698397e-04 1.87182899e-07 -3.48689562e-04
0.3030114        -2.50631970e-02 1.25987453e-05 2.57926685e-03 -2.46371186e-02 1.24105014e-05 2.93724918e-03 -4.26078404e-04 1.88243859e-07 -3.57982332e-04
0.3036673        -2.50211354e-02 -3.87082648e-05 2.99691002e-03 -2.45915736e-02 -3.88792640e-05 3.35677893e-03 -4.29561776e-04 1.70999200e-07 -3.59868906e-04
0.304345         -1.93270937e-02 -5.25193729e-07 1.03670940e-03 -1.88971327e-02 -6.92847640e-07 1.40144974e-03 -4.29961022e-04 1.67653911e-07 -3.64740348e-04
0.3050228        -1.11134368e-02 2.44134125e-06 -2.38322511e-03 -1.06859793e-02 2.27188155e-06 -2.00495144e-03 -4.27457534e-04 1.69459706e-07 -3.78273676e-04
0.3057006        -3.02701407e-02 4.99755584e-06 4.98705000e-03 -2.98345580e-02 4.82690310e-06 5.36498509e-03 -4.35582781e-04 1.70652734e-07 -3.77935087e-04
0.3063783        -2.45450885e-02 5.33468620e-06 2.87118432e-03 -2.41059755e-02 5.16220208e-06 3.25286504e-03 -4.39112983e-04 1.72484123e-07 -3.81680722e-04
0.3070561        -1.90282200e-02 7.61901719e-06 8.12126516e-04 -1.85887097e-02 7.44362304e-06 1.20031415e-03 -4.39510290e-04 1.75394155e-07 -3.88187636e-04
0.3077338        -1.39144677e-02 1.31056217e-06 -1.03366481e-03 -1.34770397e-02 1.13392019e-06 -6.36627252e-04 -4.37428015e-04 1.76641977e-07 -3.97037555e-04
0.3084116        -2.87051872e-02 1.35274944e-05 4.10444342e-03 -2.82598153e-02 1.33468098e-05 4.50560590e-03 -4.45371907e-04 1.80684607e-07 -4.01162474e-04
0.3090893        -2.38238788e-02 9.63051732e-06 2.58117665e-03 -2.33753226e-02 9.44592790e-06 2.98670940e-03 -4.48556180e-04 1.84589420e-07 -4.05532745e-04
0.3097671        -2.11030359e-02 2.65029985e-05 1.93814147e-03 -2.06525012e-02 2.63069947e-05 2.34969311e-03 -4.50534758e-04 1.96003769e-07 -4.11551641e-04
0.3104449        -2.04779218e-02 1.10149920e-05 1.09868370e-03 -2.00250754e-02 1.08142052e-05 1.51879465e-03 -4.52846489e-04 2.00786820e-07 -4.20110949e-04
0.3111226        -2.46836202e-02 1.49065223e-05 3.15430183e-03 -2.42280020e-02 1.46988450e-05 3.57442478e-03 -4.55618165e-04 2.07677235e-07 -4.20122949e-04
0.3118004        -2.27545605e-02 1.11239857e-05 2.37956123e-03 -2.22967905e-02 1.09103505e-05 2.80338651e-03 -4.57770020e-04 2.13635172e-07 -4.23825284e-04
0.3124781        -2.40984691e-02 1.70628238e-05 2.36922489e-03 -2.36365175e-02 1.68421243e-05 2.79953550e-03 -4.61951579e-04 2.20699529e-07 -4.30310608e-04
0.3131559        -2.61322837e-02 8.17709928e-05 2.83127682e-03 -2.56639573e-02 8.15167586e-05 3.26999488e-03 -4.68326342e-04 2.54234251e-07 -4.38718059e-04
0.3138336        -1.79994970e-02 2.11968331e-05 1.07774267e-03 -1.75343209e-02 2.09336777e-05 1.51621632e-03 -4.65176106e-04 2.63155444e-07 -4.38473653e-04
0.3145114        -2.62271113e-02 1.73127523e-05 3.07487138e-03 -2.57559656e-02 1.70449064e-05 3.52057090e-03 -4.71145756e-04 2.67845979e-07 -4.45699521e-04
0.3151892        -2.32955239e-02 2.06498831e-05 2.01127110e-03 -2.28212344e-02 2.03761215e-05 2.46412375e-03 -4.74289493e-04 2.73761665e-07 -4.52852641e-04
0.3158669        -1.75586692e-02 -5.10796463e-06 5.54538375e-04 -1.70863418e-02 -5.37921723e-06 1.01160331e-03 -4.72327442e-04 2.71252602e-07 -4.57064937e-04
0.3165447        -3.27882040e-02 2.30396718e-05 5.71908848e-03 -3.23076236e-02 2.27624249e-05 6.17616203e-03 -4.80580468e-04 2.77246847e-07 -4.57073546e-04
0.3172224        -2.53075586e-02 1.93833031e-05 2.94705950e-03 -2.48244339e-02 1.91008392e-05 3.40804105e-03 -4.83124721e-04 2.82463829e-07 -4.60981556e-04
0.3179002        -2.62494031e-02 -3.19040705e-05 3.02049968e-03 -2.57620296e-02 -3.21724877e-05 3.48804291e-03 -4.87373505e-04 2.68417182e-07 -4.67543228e-04
0.3185779        -2.84510239e-02 2.48608640e-05 3.55647931e-03 -2.79573490e-02 2.45865807e-05 4.03206792e-03 -4.93674926e-04 2.74283339e-07 -4.75588605e-04
0.3192557        -1.83409847e-02 4.42824981e-05 1.28215984e-03 -1.78507419e-02 4.39908635e-05 1.75780587e-03 -4.90242883e-04 2.91634521e-07 -4.75646037e-04
0.3199335        -2.88147266e-02 -2.11496403e-05 3.93572551e-03 -2.83184552e-02 -2.14326144e-05 4.41583731e-03 -4.96271359e-04 2.82974094e-07 -4.80111801e-04
0.3206112        -2.90947121e-02 4.55013837e-05 3.94682636e-03 -2.85935458e-02 4.52034563e-05 4.42994871e-03 -5.01166269e-04 2.97927475e-07 -4.83122347e-04
0.321289         -2.62568111e-02 1.79403759e-05 3.34843610e-03 -2.57537220e-02 1.76373669e-05 3.83294091e-03 -5.03089073e-04 3.03008993e-07 -4.84504812e-04
0.3219667        -2.30092842e-02 6.33143143e-05 1.65062514e-03 -2.25040382e-02 6.29899477e-05 2.14506146e-03 -5.05245981e-04 3.24366520e-07 -4.94436322e-04
0.3226445        -2.63994092e-02 2.11466688e-05 3.19842442e-03 -2.58916195e-02 2.08168565e-05 3.69446745e-03 -5.07789667e-04 3.29812264e-07 -4.96043029e-04
0.3233222        -2.58200091e-02 5.52802338e-06 3.05498248e-03 -2.53099921e-02 5.19709468e-06 3.55373533e-03 -5.10017008e-04 3.30928699e-07 -4.98752844e-04
0.324            -2.59210053e-02 5.41649649e-06 2.96259293e-03 -2.54083234e-02 5.08678149e-06 3.46643219e-03 -5.12681876e-04 3.29714998e-07 -5.03839256e-04
0.3246792        -3.19154803e-02 -7.35497004e-06 4.83129927e-03 -3.13957611e-02 -7.67798879e-06 5.34007273e-03 -5.19719148e-04 3.23018754e-07 -5.08773461e-04
0.3253585        -2.84359251e-02 2.86721917e-05 3.82610379e-03 -2.79139612e-02 2.83422087e-05 4.33614173e-03 -5.21963815e-04 3.29982947e-07 -5.10037940e-04
0.3260377        -3.07362526e-02 1.82317905e-05 4.47587945e-03 -3.02098054e-02 1.78999984e-05 4.98899752e-03 -5.26447140e-04 3.31792045e-07 -5.13118069e-04
0.326717         -3.20459866e-02 5.64404724e-05 4.67484653e-03 -3.15139838e-02 5.60929494e-05 5.19271514e-03 -5.32002776e-04 3.47523012e-07 -5.17868608e-04
0.3273962        -2.14506818e-02 2.52605235e-05 1.81842729e-03 -2.09223292e-02 2.49080330e-05 2.33711600e-03 -5.28352658e-04 3.52490528e-07 -5.18688714e-04
0.3280755        -3.26032410e-02 -4.11501664e-05 4.64468561e-03 -3.20685291e-02 -4.14799843e-05 5.16835247e-03 -5.34711921e-04 3.29817901e-07 -5.23666860e-04
0.3287547        -3.14758404e-02 2.87179647e-06 4.50181755e-03 -3.09371127e-02 2.54503079e-06 5.02841495e-03 -5.38727705e-04 3.26765680e-07 -5.26597405e-04
0.329434         -2.98954989e-02 1.20384943e-05 4.13364716e-03 -2.93545324e-02 1.17114275e-05 4.66188746e-03 -5.40966557e-04 3.27066717e-07 -5.28240303e-04
0.3301132        -3.54225977e-02 1.27538046e-05 5.36045966e-03 -3.48743758e-02 1.24264295e-05 5.89439319e-03 -5.48221947e-04 3.27375092e-07 -5.33933535e-04
0.3307774        -2.46915590e-02 1.97888977e-05 2.74706204e-03 -2.41459750e-02 1.94574570e-05 3.28231586e-03 -5.45584063e-04 3.31440672e-07 -5.35253822e-04
0.331457         -2.93048411e-02 1.38813073e-05 3.78529502e-03 -2.87568885e-02 1.35481926e-05 4.32405328e-03 -5.47952596e-04 3.33114781e-07 -5.38758261e-04
0.3321366        -3.54910574e-02 1.55618361e-05 5.22323259e-03 -3.49363170e-02 1.52273362e-05 5.76684674e-03 -5.54740342e-04 3.34499878e-07 -5.43614150e-04
0.3328           -3.81119430e-02 2.14515065e-05 6.29935254e-03 -3.75509808e-02 2.11149179e-05 6.84406719e-03 -5.60962198e-04 3.36588584e-07 -5.44714654e-04
0.3334634        -3.17089552e-02 1.00669372e-06 4.59317950e-03 -3.11463673e-02 6.77286553e-07 5.13919499e-03 -5.62587891e-04 3.29407165e-07 -5.46015496e-04
0.3341268        -3.14521314e-02 3.00300604e-05 4.25180414e-03 -3.08879213e-02 2.96964576e-05 4.80142879e-03 -5.64210105e-04 3.33602769e-07 -5.49624648e-04
0.3347736        -3.06135947e-02 4.97256751e-05 3.84364985e-03 -3.00477402e-02 4.93816124e-05 4.39845779e-03 -5.65854543e-04 3.44062743e-07 -5.54807938e-04
0.3354205        -3.17762148e-02 -1.51889157e-05 4.48069753e-03 -3.12090870e-02 -1.55205636e-05 5.03715221e-03 -5.67127815e-04 3.31647837e-07 -5.56454680e-04
0.3360673        -3.93018397e-02 -1.26739038e-05 7.03394408e-03 -3.87293454e-02 -1.29919567e-05 7.58845539e-03 -5.72494381e-04 3.18052947e-07 -5.54511308e-04
0.3366971        -3.89352391e-02 1.69196927e-05 6.58139273e-03 -3.83584543e-02 1.66044220e-05 7.13616754e-03 -5.76784772e-04 3.15270671e-07 -5.54774813e-04
0.3373269        -3.09853673e-02 1.47544350e-05 3.76154905e-03 -3.04080187e-02 1.44426919e-05 4.32235873e-03 -5.77348571e-04 3.11743159e-07 -5.60809679e-04
0.3379567        -3.02916783e-02 2.75795663e-05 3.41283379e-03 -2.97135526e-02 2.72657107e-05 3.97957883e-03 -5.78125682e-04 3.13855561e-07 -5.66745042e-04
0.3385865        -3.69053052e-02 2.07251817e-05 5.53451515e-03 -3.63235442e-02 2.04117996e-05 6.10283270e-03 -5.81761008e-04 3.13382045e-07 -5.68317544e-04
0.3391983        -4.41210454e-02 2.54671483e-05 7.86558122e-03 -4.35334618e-02 2.51532018e-05 8.43153457e-03 -5.87583630e-04 3.13946556e-07 -5.65953351e-04
0.3398101        -3.38291021e-02 2.89588379e-05 4.68166897e-03 -3.32413925e-02 2.86446962e-05 5.24999445e-03 -5.87709616e-04 3.14141759e-07 -5.68325479e-04
0.340422         -3.85800227e-02 3.07602597e-05 5.91459226e-03 -3.79887494e-02 3.04462195e-05 6.48485757e-03 -5.91273291e-04 3.14040221e-07 -5.70265313e-04
0.3410338        -4.20264595e-02 2.75895158e-05 6.75398023e-03 -4.14302174e-02 2.72782691e-05 7.32614815e-03 -5.96242089e-04 3.11246679e-07 -5.72167919e-04
0.3416265        -3.57697920e-02 2.86309080e-05 5.11818507e-03 -3.51732132e-02 2.83216566e-05 5.69181350e-03 -5.96578746e-04 3.09251343e-07 -5.73628434e-04
0.3422192        -3.36221521e-02 -2.59914682e-06 4.35732473e-03 -3.30246991e-02 -2.89703060e-06 4.93567434e-03 -5.97452922e-04 2.97883784e-07 -5.78349612e-04
0.3428119        -3.26805757e-02 2.40282358e-05 3.74440662e-03 -3.20823269e-02 2.37311364e-05 4.32906914e-03 -5.98248756e-04 2.97099420e-07 -5.84662521e-04
0.3434046        -2.36975600e-02 3.28522025e-05 1.72811787e-03 -2.31047836e-02 3.25524723e-05 2.31482478e-03 -5.92776337e-04 2.99730184e-07 -5.86706909e-04
0.3439972        -3.05838946e-02 6.52301113e-05 3.00991905e-03 -2.99902106e-02 6.49151313e-05 3.60388702e-03 -5.93683962e-04 3.14980084e-07 -5.93967968e-04
0.3445899        -3.45764297e-02 -1.91921751e-05 3.14354865e-03 -3.39786148e-02 -1.94936867e-05 3.74781506e-03 -5.97814919e-04 3.01511582e-07 -6.04266411e-04
0.3451826        -3.32827126e-02 4.59828350e-05 4.36044475e-03 -3.26852731e-02 4.56764560e-05 4.96239652e-03 -5.97439523e-04 3.06378983e-07 -6.01951768e-04
0.3457753        -3.11641136e-02 -5.46487873e-05 3.39598433e-03 -3.05667933e-02 -5.49283357e-05 4.00332261e-03 -5.97320301e-04 2.79548345e-07 -6.07338282e-04
0.3463443        -2.85216829e-02 1.31312471e-04 1.99391238e-03 -2.79245238e-02 1.30993938e-04 2.61190077e-03 -5.97159091e-04 3.18533271e-07 -6.17988382e-04
0.3469133        -3.14296311e-02 4.94976135e-05 3.38214753e-03 -3.08323795e-02 4.91699375e-05 4.00216373e-03 -5.97251533e-04 3.27676043e-07 -6.20016202e-04
0.3474823        -3.11568064e-02 6.32456733e-06 3.65628441e-03 -3.05595290e-02 6.00344550e-06 4.28014770e-03 -5.97277381e-04 3.21121834e-07 -6.23863294e-04
0.3480513        -2.95331062e-02 4.93737115e-05 2.46945547e-03 -2.89362314e-02 4.90445685e-05 3.10018240e-03 -5.96874890e-04 3.29142985e-07 -6.30726931e-04
0.3486203        -3.76095942e-02 -3.60742242e-05 5.10156019e-03 -3.70087549e-02 -3.63858490e-05 5.73484279e-03 -6.00839257e-04 3.11624835e-07 -6.33282603e-04
0.3491893        -3.63361931e-02 1.30356268e-04 4.52409509e-03 -3.57330395e-02 1.30011647e-04 5.16067460e-03 -6.03153611e-04 3.44621023e-07 -6.36579509e-04
0.3497582        -2.15568371e-02 5.30214142e-05 7.94275110e-04 -2.09594059e-02 5.26666896e-05 1.43783853e-03 -5.97431243e-04 3.54724670e-07 -6.43563422e-04
0.3503272        -3.54376804e-02 5.38620394e-05 4.24054758e-03 -3.48375413e-02 5.34972445e-05 4.88742234e-03 -6.00139107e-04 3.64794818e-07 -6.46874760e-04
0.3508962        -4.06194575e-02 2.36306084e-05 5.14096670e-03 -4.00148229e-02 2.32655609e-05 5.79051221e-03 -6.04634530e-04 3.65047535e-07 -6.49545516e-04
0.3514652        -2.27321289e-02 -3.86525096e-05 5.55103873e-04 -2.21326988e-02 -3.90016013e-05 1.21174950e-03 -5.99430109e-04 3.49091703e-07 -6.56645627e-04
0.3520342        -3.21276090e-02 5.83288253e-05 3.06189169e-03 -3.15272983e-02 5.79646859e-05 3.72289391e-03 -6.00310780e-04 3.64139398e-07 -6.61002217e-04
0.3526032        -4.14445735e-02 -4.17829561e-05 5.46580528e-03 -4.08389140e-02 -4.21314059e-05 6.12923198e-03 -6.05659499e-04 3.48449866e-07 -6.63426700e-04
0.3531722        -3.44283747e-02 -1.88460583e-05 4.13445135e-03 -3.38224591e-02 -1.91869804e-05 4.80078973e-03 -6.05915646e-04 3.40922095e-07 -6.66338384e-04
0.3537411        -3.32831655e-02 4.82742531e-05 3.71514024e-03 -3.26770443e-02 4.79219773e-05 4.38439249e-03 -6.06121269e-04 3.52275757e-07 -6.69252253e-04
0.3543101        -3.32701138e-02 5.06654473e-05 3.53949654e-03 -3.26640829e-02 5.03003428e-05 4.21126163e-03 -6.06030896e-04 3.65104511e-07 -6.71765089e-04
0.3548791        -3.89464270e-02 -1.12368299e-04 4.66115326e-03 -3.83364140e-02 -1.12696301e-04 5.33877921e-03 -6.10013067e-04 3.28001801e-07 -6.77625943e-04
0.3554481        -3.84172188e-02 1.54649069e-04 4.49463850e-03 -3.78039389e-02 1.54279610e-04 5.17770071e-03 -6.13279892e-04 3.69458629e-07 -6.83062207e-04
0.3559539        -2.78944496e-02 -1.36789947e-04 2.85250595e-03 -2.72861726e-02 -1.37117735e-04 3.53370226e-03 -6.08277058e-04 3.27788065e-07 -6.81196315e-04
0.3564596        -3.60390514e-02 2.33605677e-04 4.23407038e-03 -3.54300567e-02 2.33218868e-04 4.91784261e-03 -6.08994741e-04 3.86808893e-07 -6.83772231e-04
0.3569654        -4.19477787e-02 3.41570545e-05 4.89236859e-03 -4.13337050e-02 3.37708601e-05 5.58284968e-03 -6.14073750e-04 3.86194396e-07 -6.90481099e-04
0.3574712        -3.63054746e-02 6.93101980e-05 3.57215880e-03 -3.56906075e-02 6.89124355e-05 4.26598617e-03 -6.14867108e-04 3.97762510e-07 -6.93827370e-04
0.3579769        -3.53870285e-02 8.62992568e-05 3.25704831e-03 -3.47720612e-02 8.58859847e-05 3.95349061e-03 -6.14967320e-04 4.13272170e-07 -6.96442300e-04
0.3584827        -3.57420741e-02 6.66537909e-05 3.84221189e-03 -3.51266009e-02 6.62291806e-05 4.54137353e-03 -6.15473251e-04 4.24610330e-07 -6.99161645e-04
0.3589885        -3.69832817e-02 -4.22210158e-05 4.03057824e-03 -3.63671010e-02 -4.26245486e-05 4.73247295e-03 -6.16180767e-04 4.03532876e-07 -7.01894709e-04
0.3594942        -3.42444768e-02 1.62943168e-04 3.14191240e-03 -3.36282792e-02 1.62505387e-04 3.84712498e-03 -6.16197546e-04 4.37781064e-07 -7.05212578e-04
0.36             -3.94875809e-02 -8.91745460e-05 4.69420714e-03 -3.88695672e-02 -8.95776245e-05 5.40120494e-03 -6.18013709e-04 4.03078559e-07 -7.06997799e-04
0.3605217        -4.67594678e-02 2.89112533e-06 7.00437006e-03 -4.61364785e-02 2.49787496e-06 7.70957742e-03 -6.22989309e-04 3.93250372e-07 -7.05207366e-04
0.3610359        -3.94474508e-02 2.67109203e-05 4.54570648e-03 -3.88230697e-02 2.63201206e-05 5.25490011e-03 -6.24381050e-04 3.90799782e-07 -7.09193630e-04
0.3615501        -3.47702316e-02 2.09752033e-05 3.29741657e-03 -3.41456235e-02 2.05883737e-05 4.01359743e-03 -6.24608136e-04 3.86829653e-07 -7.16180858e-04
0.3620643        -3.15476228e-02 2.71261479e-05 3.04454949e-03 -3.09260921e-02 2.67409924e-05 3.76076166e-03 -6.21530700e-04 3.85155438e-07 -7.16212170e-04
0.3625784        -3.22043195e-02 -1.73470503e-05 3.28928963e-03 -3.15848904e-02 -1.77186046e-05 4.00533990e-03 -6.19429077e-04 3.71554322e-07 -7.16050274e-04
0.3630926        -5.35162841e-02 -2.15560017e-06 7.36190073e-03 -5.28870481e-02 -2.51731718e-06 8.08098720e-03 -6.29236015e-04 3.61717010e-07 -7.19086464e-04
0.3635989        -4.64853271e-02 1.74468254e-05 5.75295853e-03 -4.58524609e-02 1.70908836e-05 6.47493011e-03 -6.32866286e-04 3.55941856e-07 -7.21971576e-04
0.3641052        -2.78933210e-02 7.39956486e-05 1.82418254e-03 -2.72656895e-02 7.36297266e-05 2.54972662e-03 -6.27631537e-04 3.65921977e-07 -7.25544079e-04
0.3646114        -3.54857435e-02 4.61738013e-05 3.98086048e-03 -3.48584815e-02 4.58053040e-05 4.70732033e-03 -6.27262041e-04 3.68497245e-07 -7.26459856e-04
0.3651177        -3.96329289e-02 2.34473942e-05 4.24035967e-03 -3.90048390e-02 2.30828543e-05 4.96630504e-03 -6.28089918e-04 3.64539885e-07 -7.25945376e-04
0.365624         -4.47328599e-02 1.19024389e-05 5.36394055e-03 -4.41010522e-02 1.15452298e-05 6.09248665e-03 -6.31807668e-04 3.57209080e-07 -7.28546103e-04
0.3661219        -4.71324964e-02 2.11805691e-05 5.89716844e-03 -4.64966129e-02 2.08294607e-05 6.62863921e-03 -6.35883447e-04 3.51108417e-07 -7.31470762e-04
0.3666199        -3.99002565e-02 1.92704970e-05 4.25927230e-03 -3.92642207e-02 1.89277026e-05 4.99389177e-03 -6.36035815e-04 3.42794345e-07 -7.34619467e-04
0.3671179        -3.84448040e-02 -3.93373932e-05 3.87572963e-03 -3.78084447e-02 -3.96578915e-05 4.61282367e-03 -6.36359368e-04 3.20498285e-07 -7.37094043e-04
0.3676158        -4.06580490e-02 -9.18301134e-06 4.69641218e-03 -4.00210232e-02 -9.48966248e-06 5.43323832e-03 -6.37025858e-04 3.06651142e-07 -7.36826135e-04
