# Moment        
# CofR          : (6.34000000e-02 0.00000000e+00 4.00000000e-03)
#
# Time          	total_x total_y total_z	pressure_x pressure_y pressure_z	viscous_x viscous_y viscous_z
0.00144          3.92583642e-07 1.37980550e-02 -1.03623489e-07 3.93187594e-07 1.37768195e-02 -1.03635006e-07 -6.03951910e-10 2.12355133e-05 1.15173561e-11
0.0028224        4.62307835e-08 -7.97900408e-04 8.03511946e-08 4.69471012e-08 -8.15193880e-04 8.03042756e-08 -7.16317672e-10 1.72934724e-05 4.69190106e-11
0.004330473      2.52644890e-07 -1.66154589e-03 2.42797093e-08 2.53123129e-07 -1.67549663e-03 2.42142051e-08 -4.78239105e-10 1.39507362e-05 6.55041486e-11
0.00599729       2.07341884e-07 -1.66317218e-03 1.09585327e-08 2.07522206e-07 -1.67390886e-03 1.08737030e-08 -1.80321882e-10 1.07366858e-05 8.48297061e-11
0.007872459      -7.20389994e-08 -1.77244178e-03 1.07836472e-08 -7.19196663e-08 -1.77982145e-03 1.06773022e-08 -1.19333131e-10 7.37966804e-06 1.06344979e-10
0.01003612       1.81183691e-07 -1.81462513e-03 -1.04884580e-08 1.80909655e-07 -1.81831219e-03 -1.05943044e-08 2.74035233e-10 3.68705721e-06 1.05846345e-10
0.0126325        -1.64031357e-07 -1.88086153e-03 1.47946243e-10 -1.64332371e-07 -1.88012563e-03 4.45996120e-11 3.01014040e-10 -7.35901766e-07 1.03346631e-10
0.01555344       -7.87394061e-08 -1.86971621e-03 -1.85744663e-09 -7.92331007e-08 -1.86429267e-03 -1.95311864e-09 4.93694596e-10 -5.42354111e-06 9.56720173e-11
0.0189612        -3.04380896e-07 -1.96613519e-03 -1.02268491e-09 -3.04608878e-07 -1.95534735e-03 -1.10000023e-09 2.27982769e-10 -1.07878418e-05 7.73153207e-11
0.021801         -4.06711292e-07 -2.41022397e-03 2.35753459e-08 -4.06806855e-07 -2.39427515e-03 2.35066639e-08 9.55635704e-11 -1.59488185e-05 6.86820269e-11
0.02382943       -8.39618410e-08 -2.65331235e-03 -5.18194565e-09 -8.44312030e-08 -2.63382012e-03 -5.19901367e-09 4.69362064e-10 -1.94922294e-05 1.70680207e-11
0.02556808       -4.86853699e-07 -2.67724309e-03 4.67954314e-08 -4.87425178e-07 -2.65504531e-03 4.68015393e-08 5.71478830e-10 -2.21977825e-05 -6.10791387e-12
0.02705836       -4.52916833e-08 -2.64857305e-03 -7.27526441e-09 -4.64037758e-08 -2.62413840e-03 -7.18129064e-09 1.11209250e-09 -2.44346427e-05 -9.39737705e-11
0.02833573       -1.20328130e-06 -2.62006327e-03 6.06442662e-08 -1.20416274e-06 -2.59410594e-03 6.07948579e-08 8.81439090e-10 -2.59573297e-05 -1.50591681e-10
0.02961311       6.62659336e-07 -2.67962908e-03 -6.67458136e-08 6.60534657e-07 -2.65200477e-03 -6.64455093e-08 2.12467950e-09 -2.76243123e-05 -3.00304312e-10
0.03067759       -5.74519988e-07 -2.98107701e-03 -1.21236596e-07 -5.76918158e-07 -2.95192966e-03 -1.20749198e-07 2.39817022e-09 -2.91473446e-05 -4.87397734e-10
0.03174207       9.05911801e-08 -2.71467148e-03 -4.93712065e-08 8.72399873e-08 -2.68424835e-03 -4.87324313e-08 3.35119283e-09 -3.04231254e-05 -6.38775188e-10
0.03280656       7.26838425e-07 -2.73933334e-03 -9.58779711e-08 7.21150128e-07 -2.70770099e-03 -9.49874654e-08 5.68829643e-09 -3.16323503e-05 -8.90505651e-10
0.03387104       -1.67283437e-06 -2.81927607e-03 8.97347885e-08 -1.67848460e-06 -2.78645582e-03 9.07280160e-08 5.65023215e-09 -3.28202489e-05 -9.93227504e-10
0.03493552       -1.43271472e-06 -2.88967684e-03 2.33981532e-08 -1.43860046e-06 -2.85554215e-03 2.45463212e-08 5.88574266e-09 -3.41346967e-05 -1.14816800e-09
0.036            -2.52220465e-07 -2.92730361e-03 2.41389170e-08 -2.59271177e-07 -2.89204690e-03 2.54474505e-08 7.05071265e-09 -3.52567144e-05 -1.30853345e-09
0.03685714       -4.85517179e-07 -3.36853810e-03 -1.52591450e-09 -4.93484138e-07 -3.33212406e-03 -5.50792645e-11 7.96695879e-09 -3.64140354e-05 -1.47083524e-09
0.03769388       -1.25450813e-06 -2.88846312e-03 9.86047581e-08 -1.26305853e-06 -2.85136504e-03 1.00195610e-07 8.55039425e-09 -3.70980737e-05 -1.59085200e-09
0.03851069       4.82559420e-07 -3.24993345e-03 4.43902099e-08 4.72487880e-07 -3.21185086e-03 4.61331405e-08 1.00715397e-08 -3.80825904e-05 -1.74293054e-09
0.03930805       5.34850196e-07 -3.53314185e-03 -5.07948610e-08 5.23325975e-07 -3.49409807e-03 -4.88537830e-08 1.15242214e-08 -3.90437823e-05 -1.94107793e-09
0.04008643       1.62120861e-06 -3.19926829e-03 -1.61466104e-07 1.60782655e-06 -3.15951334e-03 -1.59285796e-07 1.33820586e-08 -3.97549476e-05 -2.18030789e-09
0.04082861       4.95510551e-07 -3.08486623e-03 -1.00736122e-07 4.80887972e-07 -3.04447147e-03 -9.83554568e-08 1.46225791e-08 -4.03947608e-05 -2.38066481e-09
0.04157079       3.50591303e-07 -2.93908114e-03 -9.16581488e-08 3.34774460e-07 -2.89819940e-03 -8.90813998e-08 1.58168428e-08 -4.08817359e-05 -2.57674905e-09
0.04229529       1.18574338e-06 -2.32565358e-03 -1.60206992e-07 1.16856733e-06 -2.28475047e-03 -1.57429630e-07 1.71760547e-08 -4.09031083e-05 -2.77736178e-09
0.04300255       -1.08327615e-06 -1.09057146e-03 -2.53614855e-07 -1.10051739e-06 -1.05050026e-03 -2.50631060e-07 1.72412420e-08 -4.00711983e-05 -2.98379562e-09
0.04372748       -5.56579993e-07 -1.09731909e-03 5.26790766e-08 -5.74291912e-07 -1.05793111e-03 5.57421787e-08 1.77119193e-08 -3.93879843e-05 -3.06310215e-09
0.04445242       4.51773278e-08 -1.16459499e-03 -4.47591164e-08 2.67879749e-08 -1.12562733e-03 -4.15824575e-08 1.83893529e-08 -3.89676615e-05 -3.17665887e-09
0.04517736       -2.99313239e-06 -1.37283525e-03 3.16856254e-07 -3.01095175e-06 -1.33415549e-03 3.20012175e-07 1.78193683e-08 -3.86797568e-05 -3.15592082e-09
0.04590229       -1.56683730e-07 -1.55208068e-03 -2.28168578e-08 -1.75026666e-07 -1.51374395e-03 -1.95636075e-08 1.83429363e-08 -3.83367278e-05 -3.25325029e-09
0.04662723       5.74973040e-07 -1.20415344e-03 -9.23195736e-08 5.55909114e-07 -1.16603566e-03 -8.89575553e-08 1.90639262e-08 -3.81177730e-05 -3.36201831e-09
0.04735216       2.52678490e-06 -1.19508921e-03 -3.07693737e-07 2.50622068e-06 -1.15751262e-03 -3.04148708e-07 2.05642191e-08 -3.75765911e-05 -3.54502905e-09
0.0480771        3.83400204e-06 -8.97303173e-04 -5.72397426e-07 3.81156420e-06 -8.60230388e-04 -5.68588389e-07 2.24378393e-08 -3.70727849e-05 -3.80903667e-09
0.04880204       1.32531811e-06 -9.63472209e-04 -2.39996282e-07 1.30211656e-06 -9.26735791e-04 -2.36050427e-07 2.32015437e-08 -3.67364181e-05 -3.94585500e-09
0.04955036       -3.31481513e-06 -1.30486074e-03 5.61776543e-07 -3.33690650e-06 -1.26829629e-03 5.65562670e-07 2.20913771e-08 -3.65644440e-05 -3.78612695e-09
0.05029868       2.39179434e-06 -1.33507624e-03 -3.24181262e-07 2.36865273e-06 -1.29867533e-03 -3.20228363e-07 2.31416182e-08 -3.64009114e-05 -3.95289890e-09
0.051047         5.93364358e-07 -9.17723338e-04 -1.22265236e-07 5.70092817e-07 -8.81797649e-04 -1.18250519e-07 2.32715403e-08 -3.59256895e-05 -4.01471721e-09
0.05179532       1.26161595e-06 -1.08085666e-03 -1.96854175e-07 1.23803350e-06 -1.04507693e-03 -1.92757883e-07 2.35824492e-08 -3.57797308e-05 -4.09629237e-09
0.05254364       9.61502526e-07 -1.33107032e-03 -1.67238124e-07 9.37844862e-07 -1.29541501e-03 -1.63085227e-07 2.36576642e-08 -3.56553094e-05 -4.15289730e-09
0.05329197       9.44460342e-07 -1.19591279e-03 -1.49782314e-07 9.20897207e-07 -1.16051466e-03 -1.45618114e-07 2.35631350e-08 -3.53981287e-05 -4.16420026e-09
0.05404029       -2.20651378e-06 -7.63616851e-04 -1.79168208e-08 -2.22842735e-06 -7.28559531e-04 -1.38058824e-08 2.19135675e-08 -3.50573201e-05 -4.11093841e-09
0.05478861       5.52948209e-06 -1.48833019e-03 -8.37937674e-07 5.50567194e-06 -1.45339178e-03 -8.33537214e-07 2.38101468e-08 -3.49384128e-05 -4.40045989e-09
0.05553693       7.73009422e-06 -7.23747300e-04 -1.19938741e-06 7.70370053e-06 -6.89155045e-04 -1.19457957e-06 2.63936975e-08 -3.45922548e-05 -4.80783626e-09
0.05628525       -8.55611564e-07 -1.17252437e-03 1.44759446e-07 -8.81083477e-07 -1.13802476e-03 1.49460275e-07 2.54719137e-08 -3.44996074e-05 -4.70082933e-09
0.05703357       -5.65647076e-07 -1.06741623e-03 -5.16839427e-08 -5.90180132e-07 -1.03314442e-03 -4.70198124e-08 2.45330565e-08 -3.42718128e-05 -4.66413024e-09
0.05778189       -1.37662984e-06 -9.12630932e-04 1.67123626e-07 -1.39999454e-06 -8.78643176e-04 1.71665824e-07 2.33646986e-08 -3.39877564e-05 -4.54219790e-09
0.05853021       9.17004573e-07 -1.24018774e-03 -1.85874157e-07 8.93849267e-07 -1.20623337e-03 -1.81307360e-07 2.31553061e-08 -3.39543751e-05 -4.56679791e-09
0.05927854       1.03291740e-06 -1.09340793e-03 -2.13501627e-07 1.00995124e-06 -1.05943516e-03 -2.08900514e-07 2.29661641e-08 -3.39727694e-05 -4.60111299e-09
0.06002686       6.87885854e-07 -9.97376482e-04 -1.20002295e-07 6.65197549e-07 -9.63802780e-04 -1.15395237e-07 2.26883053e-08 -3.35737028e-05 -4.60705832e-09
0.06077518       3.64073652e-06 -1.19020877e-03 -5.00361606e-07 3.61695376e-06 -1.15673443e-03 -4.95585788e-07 2.37827640e-08 -3.34743405e-05 -4.77581777e-09
0.0615235        1.98632753e-06 -9.52741662e-04 -2.98295990e-07 1.96223294e-06 -9.19419941e-04 -2.93427396e-07 2.40945922e-08 -3.33217211e-05 -4.86859435e-09
0.06227182       1.47434175e-07 -8.21371698e-04 -1.35423319e-07 1.23830631e-07 -7.88249621e-04 -1.30536719e-07 2.36035440e-08 -3.31220766e-05 -4.88659946e-09
0.06302014       2.37353545e-06 -1.22684314e-03 -3.79410103e-07 2.34936269e-06 -1.19373148e-03 -3.74382981e-07 2.41727594e-08 -3.31116613e-05 -5.02712168e-09
0.06376846       1.55350060e-06 -1.42375987e-03 -3.06735466e-07 1.52906200e-06 -1.39071979e-03 -3.01583684e-07 2.44386004e-08 -3.30400741e-05 -5.15178181e-09
0.06451679       2.39142694e-07 -7.38377481e-04 -1.46232075e-07 2.15095594e-07 -7.05591780e-04 -1.41038850e-07 2.40470995e-08 -3.27857011e-05 -5.19322447e-09
0.06526511       -8.38441588e-06 -1.05245868e-03 1.53351444e-06 -8.40447376e-06 -1.01971642e-03 1.53810618e-06 2.00578794e-08 -3.27422627e-05 -4.59173984e-09
0.06601343       1.02247910e-05 -1.06660819e-03 -2.21351341e-06 1.02008944e-05 -1.03401001e-03 -2.20806476e-06 2.38966744e-08 -3.25981807e-05 -5.44865511e-09
0.06676175       -4.54635742e-06 -8.72810806e-04 8.64340005e-07 -4.56796195e-06 -8.40439554e-04 8.69431014e-07 2.16045300e-08 -3.23712513e-05 -5.09100913e-09
0.06751007       1.68219052e-06 -1.29549250e-03 -3.33216669e-07 1.66022921e-06 -1.26307540e-03 -3.27996269e-07 2.19613129e-08 -3.24171035e-05 -5.22039971e-09
0.06825839       -1.01802465e-06 -1.08426624e-03 9.42857720e-08 -1.03907014e-06 -1.05176233e-03 9.94384478e-08 2.10454977e-08 -3.25039111e-05 -5.15267589e-09
0.06900671       2.39158895e-06 -1.02048265e-03 -4.34832146e-07 2.36981519e-06 -9.88288844e-04 -4.29498546e-07 2.17737580e-08 -3.21938070e-05 -5.33359938e-09
0.06975504       7.80263468e-07 -7.18187361e-04 -1.90212004e-07 7.58459455e-07 -6.86245345e-04 -1.84811899e-07 2.18040129e-08 -3.19420156e-05 -5.40010477e-09
0.07050336       2.10265503e-06 -1.25814045e-03 -5.37533926e-07 2.08027986e-06 -1.22612297e-03 -5.31939262e-07 2.23751681e-08 -3.20174773e-05 -5.59466423e-09
0.07125168       3.44154601e-06 -1.45656080e-03 -6.80784200e-07 3.41806341e-06 -1.42446554e-03 -6.74932835e-07 2.34825941e-08 -3.20952572e-05 -5.85136519e-09
0.072            1.81980779e-06 -2.87074202e-04 -3.11208345e-07 1.79592011e-06 -2.55473718e-04 -3.05252780e-07 2.38876826e-08 -3.16004834e-05 -5.95556466e-09
0.0728           7.75092206e-07 -1.61662724e-03 -1.81763686e-07 7.51230095e-07 -1.58461186e-03 -1.75739068e-07 2.38621114e-08 -3.20153828e-05 -6.02461831e-09
0.0736           1.30673049e-06 -9.98056443e-04 -3.58516474e-07 1.28274053e-06 -9.66372621e-04 -3.52365894e-07 2.39899547e-08 -3.16838224e-05 -6.15057977e-09
0.0744           -1.25511681e-07 -6.59297723e-04 -4.67651646e-10 -1.48979424e-07 -6.27842355e-04 5.64467805e-09 2.34677425e-08 -3.14553677e-05 -6.11232969e-09
0.0752           3.81148662e-07 -1.07415256e-03 -1.47141923e-07 3.57931131e-07 -1.04268954e-03 -1.40996099e-07 2.32175314e-08 -3.14630130e-05 -6.14582405e-09
0.076            -6.00275911e-07 -1.29214196e-03 8.95658501e-08 -6.22803210e-07 -1.26059725e-03 9.56420459e-08 2.25272989e-08 -3.15447042e-05 -6.07619576e-09
0.0768           3.99099723e-06 -9.54623220e-04 -1.06655248e-06 3.96712709e-06 -9.23136822e-04 -1.06006142e-06 2.38701387e-08 -3.14863980e-05 -6.49106546e-09
0.0776           -3.54020552e-08 -8.36714851e-04 -2.86547714e-08 -5.88135614e-08 -8.05362878e-04 -2.21944444e-08 2.34115062e-08 -3.13519734e-05 -6.46032703e-09
0.0784           5.58707388e-08 -1.33206782e-03 -5.64072513e-08 3.28310875e-08 -1.30070755e-03 -4.99566379e-08 2.30396513e-08 -3.13602629e-05 -6.45061340e-09
0.0792           -8.94910964e-08 -1.21406956e-03 -3.75039031e-08 -1.12082787e-07 -1.18265851e-03 -3.10813033e-08 2.25916910e-08 -3.14110525e-05 -6.42259974e-09
0.08             3.92741802e-08 -8.88273496e-04 -6.16306188e-08 1.70874876e-08 -8.57101463e-04 -5.52289211e-08 2.21866926e-08 -3.11720330e-05 -6.40169768e-09
0.0808           3.09534975e-07 -6.76243427e-04 -1.09387866e-07 2.87681463e-07 -6.45236034e-04 -1.03007738e-07 2.18535127e-08 -3.10073929e-05 -6.38012810e-09
0.08162424       6.44352246e-07 -1.52316859e-03 -2.19842710e-07 6.22601449e-07 -1.49177590e-03 -2.13411895e-07 2.17507966e-08 -3.13926872e-05 -6.43081535e-09
0.08242351       5.33377066e-06 -7.56528323e-04 -1.39136152e-06 5.31002947e-06 -7.25569638e-04 -1.38438375e-06 2.37411933e-08 -3.09586848e-05 -6.97776425e-09
0.08322277       -4.20295221e-06 -1.13963983e-03 9.93760178e-07 -4.22433595e-06 -1.10861564e-03 1.00024908e-06 2.13837452e-08 -3.10241869e-05 -6.48889826e-09
0.08402204       -2.22068975e-07 -1.31360502e-03 5.39278264e-08 -2.43007224e-07 -1.28236086e-03 6.03633916e-08 2.09382495e-08 -3.12441616e-05 -6.43556513e-09
0.0848213        3.17206494e-06 -8.15677304e-04 -8.92288022e-07 3.15007776e-06 -7.84732586e-04 -8.85508010e-07 2.19871818e-08 -3.09447187e-05 -6.78001274e-09
0.08562057       -1.45655299e-06 -9.57613885e-04 3.50673353e-07 -1.47750691e-06 -9.26883269e-04 3.57258612e-07 2.09539228e-08 -3.07306165e-05 -6.58525841e-09
0.08644944       -1.22667279e-06 -1.14595714e-03 3.69356152e-07 -1.24675124e-06 -1.11501994e-03 3.75764062e-07 2.00784530e-08 -3.09371952e-05 -6.40791037e-09
0.0872783        -4.43927309e-07 -1.19989894e-03 8.97495437e-08 -4.63496829e-07 -1.16888275e-03 9.60988026e-08 1.95695206e-08 -3.10161929e-05 -6.34925886e-09
0.08807529       -2.83897068e-06 -8.63167197e-04 7.78077479e-07 -2.85698500e-06 -8.32368901e-04 7.84071110e-07 1.80143252e-08 -3.07982966e-05 -5.99363091e-09
0.08890549       -1.57621049e-06 -1.21326092e-03 4.67377910e-07 -1.59327841e-06 -1.18236802e-03 4.73170860e-07 1.70679230e-08 -3.08928932e-05 -5.79294944e-09
0.08973569       3.45229923e-06 -8.10109032e-04 -1.07639873e-06 3.43390915e-06 -7.79297913e-04 -1.07014417e-06 1.83900729e-08 -3.08111191e-05 -6.25456038e-09
0.09056588       2.25241800e-07 -1.19069883e-03 -1.04480455e-07 2.07005792e-07 -1.15990086e-03 -9.81985644e-08 1.82360082e-08 -3.07979693e-05 -6.28189079e-09
0.09139608       2.35461118e-06 -1.30350863e-03 -7.63761297e-07 2.33550948e-06 -1.27262726e-03 -7.57153474e-07 1.91017063e-08 -3.08813716e-05 -6.60782324e-09
0.09222627       4.62170442e-07 -9.88407427e-04 -2.01824185e-07 4.43115638e-07 -9.57529674e-04 -1.95154312e-07 1.90548042e-08 -3.08777530e-05 -6.66987257e-09
0.09305647       -2.90141656e-06 -8.45464948e-04 8.18049665e-07 -2.91882961e-06 -8.14801498e-04 8.24321544e-07 1.74130464e-08 -3.06634495e-05 -6.27187942e-09
0.09388667       -1.08959171e-06 -1.17418633e-03 3.11202505e-07 -1.10630296e-06 -1.14355452e-03 3.17327703e-07 1.67112526e-08 -3.06318103e-05 -6.12519797e-09
0.09471686       1.13984615e-06 -1.39214179e-03 -4.29472846e-07 1.12278740e-06 -1.36120188e-03 -4.23158164e-07 1.70587480e-08 -3.09399110e-05 -6.31468211e-09
0.09554706       -8.87884639e-07 -7.90244904e-04 1.04396538e-07 -9.04206540e-07 -7.59471159e-04 1.10612081e-07 1.63219004e-08 -3.07737444e-05 -6.21554324e-09
0.09637725       1.12492139e-06 -1.01678489e-03 -2.65277054e-07 1.10826194e-06 -9.86239217e-04 -2.58960032e-07 1.66594477e-08 -3.05456754e-05 -6.31702198e-09
0.09720745       -3.06112856e-07 -1.16866768e-03 9.31774894e-08 -3.22403775e-07 -1.13788265e-03 9.94409450e-08 1.62909188e-08 -3.07850246e-05 -6.26345566e-09
0.09803765       -2.66022499e-07 -1.24965771e-03 8.04736386e-08 -2.81927752e-07 -1.21876124e-03 8.66673407e-08 1.59052535e-08 -3.08964706e-05 -6.19370202e-09
0.09886784       3.80178246e-06 -9.51694381e-04 -1.27554275e-06 3.78446702e-06 -9.21085555e-04 -1.26884658e-06 1.73154469e-08 -3.06088263e-05 -6.69617124e-09
0.09969804       9.74042596e-07 -7.47226946e-04 -3.38704877e-07 9.56607699e-07 -7.16731926e-04 -3.31910059e-07 1.74348968e-08 -3.04950192e-05 -6.79481825e-09
0.1005282        2.61414881e-08 -1.55376609e-03 6.54723879e-09 8.97235217e-09 -1.52287625e-03 1.33028519e-08 1.71691360e-08 -3.08898472e-05 -6.75561316e-09
0.1013584        -2.74676978e-06 -1.10627463e-03 8.35483887e-07 -2.76229866e-06 -1.07542184e-03 8.41788956e-07 1.55288782e-08 -3.08527930e-05 -6.30506928e-09
0.1021886        -6.84903551e-08 -7.66860792e-04 -2.03950727e-08 -8.36750580e-08 -7.36226299e-04 -1.41498741e-08 1.51847029e-08 -3.06344922e-05 -6.24519857e-09
0.1030188        2.51156336e-07 -1.13058306e-03 -1.49060375e-07 2.36166796e-07 -1.09992958e-03 -1.42815217e-07 1.49895394e-08 -3.06534741e-05 -6.24515775e-09
0.103849         4.69790934e-07 -1.29987844e-03 -2.27809088e-07 4.54886919e-07 -1.26907031e-03 -2.21522650e-07 1.49040151e-08 -3.08081309e-05 -6.28643768e-09
0.1046792        -5.05674040e-07 -1.12352557e-03 1.33244462e-07 -5.20094170e-07 -1.09270211e-03 1.39415177e-07 1.44201297e-08 -3.08234632e-05 -6.17071519e-09
0.1055094        7.81349615e-07 -8.05811912e-04 -2.68188865e-07 7.66820758e-07 -7.75191555e-04 -2.61947278e-07 1.45288566e-08 -3.06203570e-05 -6.24158649e-09
0.1063396        3.55732794e-07 -1.03458076e-03 -1.27378428e-07 3.41333469e-07 -1.00399849e-03 -1.21137568e-07 1.43993245e-08 -3.05822630e-05 -6.24086086e-09
0.1071698        4.50212595e-06 -1.62436237e-03 -1.71297703e-06 4.48593495e-06 -1.59337330e-03 -1.70602644e-06 1.61909970e-08 -3.09890646e-05 -6.95059201e-09
0.108            -7.74164505e-07 -8.22784296e-04 1.55196087e-07 -7.89632454e-07 -7.92009873e-04 1.61992149e-07 1.54679496e-08 -3.07744226e-05 -6.79606240e-09
0.1088182        1.27921210e-06 -8.88838674e-04 -5.59060544e-07 1.26349545e-06 -8.58216900e-04 -5.52098657e-07 1.57166546e-08 -3.06217739e-05 -6.96188752e-09
0.1096364        -4.17132179e-06 -1.21781871e-03 1.51331788e-06 -4.18481948e-06 -1.18707155e-03 1.51953626e-06 1.34976895e-08 -3.07471596e-05 -6.21837974e-09
0.1104545        -9.97627669e-07 -1.33504596e-03 3.53030718e-07 -1.01047579e-06 -1.30415004e-03 3.59059809e-07 1.28481221e-08 -3.08959160e-05 -6.02909038e-09
0.1112727        -1.53448888e-06 -8.96715181e-04 6.14741540e-07 -1.54647994e-06 -8.65818063e-04 6.20481016e-07 1.19910631e-08 -3.08971182e-05 -5.73947678e-09
0.1120909        -1.12045959e-06 -8.46410452e-04 4.51023404e-07 -1.13176920e-06 -8.15743003e-04 4.56539618e-07 1.13096150e-08 -3.06674486e-05 -5.51621477e-09
0.1129091        2.55556289e-06 -1.39476156e-03 -9.77473313e-07 2.54325130e-06 -1.36394241e-03 -9.71551244e-07 1.23115920e-08 -3.08191476e-05 -5.92206922e-09
0.1137273        3.87996433e-07 -1.32847341e-03 -1.32558929e-07 3.75656481e-07 -1.29739743e-03 -1.26597253e-07 1.23399514e-08 -3.10759837e-05 -5.96167646e-09
0.1145455        6.84025279e-07 -8.02287451e-04 -2.79514051e-07 6.71509264e-07 -7.71371191e-04 -2.73441763e-07 1.25160149e-08 -3.09162603e-05 -6.07228764e-09
0.1153636        -1.53670257e-07 -9.99656618e-04 -7.70315373e-08 -1.65805778e-07 -9.68931913e-04 -7.09940380e-08 1.21355213e-08 -3.07247055e-05 -6.03749934e-09
0.1161818        -1.20502754e-06 -1.30996471e-03 4.39438601e-07 -1.21633394e-06 -1.27904348e-03 4.45211106e-07 1.13063959e-08 -3.09212348e-05 -5.77250497e-09
0.117            6.14470469e-07 -1.23233728e-03 -2.50718341e-07 6.03062261e-07 -1.20117151e-03 -2.44869175e-07 1.14082079e-08 -3.11657714e-05 -5.84916538e-09
0.1178182        2.28852216e-06 -9.27120314e-04 -8.00232897e-07 2.27613140e-06 -8.96241804e-04 -7.94019878e-07 1.23907607e-08 -3.08785098e-05 -6.21301940e-09
0.1186364        -9.12189000e-07 -1.31790490e-03 3.74846155e-07 -9.23960901e-07 -1.28687830e-03 3.80856581e-07 1.17719016e-08 -3.10265972e-05 -6.01042618e-09
0.1194545        7.49735351e-08 -8.67166820e-04 -7.06711156e-08 6.33804171e-08 -8.36140679e-04 -6.46787090e-08 1.15931181e-08 -3.10261414e-05 -5.99240659e-09
0.1202727        -1.75719368e-06 -1.22946307e-03 6.10322973e-07 -1.76773377e-06 -1.19842405e-03 6.15989298e-07 1.05400839e-08 -3.10390196e-05 -5.66632491e-09
0.1210909        1.13298933e-07 -9.64580890e-04 -7.45729077e-08 1.02888662e-07 -9.33553353e-04 -6.89086765e-08 1.04102714e-08 -3.10275367e-05 -5.66423118e-09
0.1219091        -1.16291472e-06 -1.09889204e-03 4.85811372e-07 -1.17261517e-06 -1.06786563e-03 4.91227537e-07 9.70045437e-09 -3.10264121e-05 -5.41616443e-09
0.1227273        2.12465451e-07 -1.33092151e-03 1.56795086e-09 2.02800434e-07 -1.29973871e-03 6.96971888e-09 9.66501662e-09 -3.11828024e-05 -5.40176802e-09
0.1235455        -3.29404087e-07 -1.11998347e-03 1.57388512e-07 -3.38762476e-07 -1.08870862e-03 1.62686334e-07 9.35838911e-09 -3.12748516e-05 -5.29782216e-09
0.1243636        1.89028770e-06 -1.01174404e-03 -7.62431933e-07 1.88021225e-06 -9.80650354e-04 -7.56836379e-07 1.00754530e-08 -3.10936858e-05 -5.59555386e-09
0.1251818        1.81093566e-07 -1.21480243e-03 -1.38691039e-07 1.71118081e-07 -1.18344893e-03 -1.33078673e-07 9.97548494e-09 -3.13535018e-05 -5.61236623e-09
0.126            6.63446347e-07 -9.46211589e-04 -2.86402746e-07 6.53367805e-07 -9.15134253e-04 -2.80727944e-07 1.00785417e-08 -3.10773356e-05 -5.67480167e-09
0.1268182        1.23945418e-06 -1.26701296e-03 -5.00553494e-07 1.22892426e-06 -1.23561881e-03 -4.94673485e-07 1.05299200e-08 -3.13941450e-05 -5.88000916e-09
0.1276364        4.46881203e-06 -9.34964699e-04 -2.14831894e-06 4.45649486e-06 -9.03847873e-04 -2.14157313e-06 1.23171671e-08 -3.11168258e-05 -6.74581366e-09
0.1284545        -3.06875216e-06 -1.16913288e-03 1.37888157e-06 -3.07945355e-06 -1.13777826e-03 1.38495847e-06 1.07013916e-08 -3.13546192e-05 -6.07689397e-09
0.1292727        5.33809999e-07 -1.36903799e-03 -3.00987064e-07 5.22988670e-07 -1.33760334e-03 -2.94800642e-07 1.08213298e-08 -3.14346462e-05 -6.18642219e-09
0.1300909        4.79029903e-06 -1.01993353e-03 -2.17243242e-06 4.77741755e-06 -9.88503964e-04 -2.16530591e-06 1.28814799e-08 -3.14295630e-05 -7.12651282e-09
0.1309091        1.36031646e-06 -1.12764200e-03 -7.30078475e-07 1.34700530e-06 -1.09619549e-03 -7.22680073e-07 1.33111637e-08 -3.14465136e-05 -7.39840190e-09
0.1317273        3.60133250e-06 -1.14512569e-03 -1.74326647e-06 3.58666102e-06 -1.11366191e-03 -1.73516601e-06 1.46714844e-08 -3.14637798e-05 -8.10046674e-09
0.1325455        -3.87483954e-06 -9.23572616e-04 1.63295134e-06 -3.88753355e-06 -8.92122595e-04 1.64026455e-06 1.26940112e-08 -3.14500208e-05 -7.31320956e-09
0.1333636        -3.62854408e-07 -1.33768887e-03 1.39835133e-07 -3.75235319e-07 -1.30616046e-03 1.47065109e-07 1.23809109e-08 -3.15284169e-05 -7.22997551e-09
0.1341818        -1.92422139e-06 -1.21570024e-03 9.09521437e-07 -1.93558342e-06 -1.18393794e-03 9.16333000e-07 1.13620292e-08 -3.17623044e-05 -6.81156286e-09
0.135            8.33901278e-07 -9.58470942e-04 -4.85720693e-07 8.22345561e-07 -9.26995060e-04 -4.78736399e-07 1.15557172e-08 -3.14758823e-05 -6.98429450e-09
0.1358182        -6.41169999e-07 -9.15058394e-04 3.98157397e-07 -6.52313962e-07 -8.83691124e-04 4.04949911e-07 1.11439626e-08 -3.13672699e-05 -6.79251466e-09
0.1366364        3.65560053e-07 -1.24014850e-03 -1.64423249e-07 3.54393503e-07 -1.20847656e-03 -1.57565362e-07 1.11665504e-08 -3.16719379e-05 -6.85788688e-09
0.1374545        2.29329728e-08 -1.38661836e-03 -1.26382212e-08 1.18966111e-08 -1.35490135e-03 -5.78690797e-09 1.10363617e-08 -3.17170115e-05 -6.85131327e-09
0.1382727        4.21636062e-07 -1.00019262e-03 -2.15707188e-07 4.10580593e-07 -9.68457279e-04 -2.08788956e-07 1.10554692e-08 -3.17353401e-05 -6.91823196e-09
0.1390909        1.00932184e-07 -1.20516625e-03 -2.55680421e-08 9.00108031e-08 -1.17342575e-03 -1.86693407e-08 1.09213810e-08 -3.17405056e-05 -6.89870148e-09
0.1399091        4.78875335e-06 -1.35810223e-03 -2.50257474e-06 4.77583730e-06 -1.32616195e-03 -2.49460035e-06 1.29160472e-08 -3.19402861e-05 -7.97438838e-09
0.1407273        7.43621156e-07 -1.16553665e-03 -3.88738956e-07 7.30576178e-07 -1.13353803e-03 -3.80643034e-07 1.30449789e-08 -3.19986247e-05 -8.09592171e-09
0.1415455        3.85539052e-07 -9.03293991e-04 -8.34914386e-08 3.72452109e-07 -8.71560429e-04 -7.53852000e-08 1.30869435e-08 -3.17335617e-05 -8.10623859e-09
0.1423636        -2.66310966e-06 -1.04739827e-03 1.09445879e-06 -2.67463284e-06 -1.01561202e-03 1.10195887e-06 1.15231738e-08 -3.17862506e-05 -7.50008483e-09
0.1431818        -1.05948306e-06 -1.61692209e-03 6.01679985e-07 -1.07037359e-06 -1.58462903e-03 6.08914311e-07 1.08905226e-08 -3.22930671e-05 -7.23432585e-09
0.144            -1.20879434e-07 -5.25561512e-04 -9.27931605e-08 -1.31481004e-07 -4.93853583e-04 -8.56093732e-08 1.06015705e-08 -3.17079288e-05 -7.18378735e-09
0.1448182        3.50676433e-08 -1.69823357e-03 -6.33085280e-08 2.46109789e-08 -1.66604806e-03 -5.61201502e-08 1.04566644e-08 -3.21855137e-05 -7.18837781e-09
0.1456178        4.41036106e-06 -9.40798111e-04 -2.42510344e-06 4.39817671e-06 -9.08750096e-04 -2.41693574e-06 1.21843520e-08 -3.20480149e-05 -8.16769582e-09
0.1464174        -7.78379321e-07 -8.56457079e-04 3.47822065e-07 -7.89955943e-07 -8.24387920e-04 3.55751432e-07 1.15766218e-08 -3.20691592e-05 -7.92936773e-09
0.1472169        1.70374518e-06 -1.21009446e-03 -8.70572107e-07 1.69160489e-06 -1.17800739e-03 -8.62310041e-07 1.21402892e-08 -3.20870722e-05 -8.26206695e-09
0.1480165        1.35728133e-07 -1.38650483e-03 -7.50347303e-08 1.23743221e-07 -1.35430603e-03 -6.67939224e-08 1.19849122e-08 -3.21987992e-05 -8.24080792e-09
0.1488161        -8.16439530e-07 -1.15970116e-03 4.66177346e-07 -8.27812788e-07 -1.12747312e-03 4.74141303e-07 1.13732584e-08 -3.22280393e-05 -7.96395728e-09
0.1496157        1.12686742e-06 -1.07505970e-03 -6.71454397e-07 1.11527845e-06 -1.04286593e-03 -6.63300280e-07 1.15889775e-08 -3.21937664e-05 -8.15411697e-09
0.1504153        -9.66293401e-07 -1.33457753e-03 4.28730599e-07 -9.77162869e-07 -1.30224281e-03 4.36598895e-07 1.08694679e-08 -3.23347149e-05 -7.86829596e-09
0.1512149        -1.13832041e-06 -9.77820995e-04 6.23178811e-07 -1.14848257e-06 -9.45588304e-04 6.30718558e-07 1.01621665e-08 -3.22326911e-05 -7.53974668e-09
0.1520145        -5.52830631e-06 -1.35739715e-03 2.80082025e-06 -5.53568602e-06 -1.32498251e-03 2.80703343e-06 7.37971389e-09 -3.24146436e-05 -6.21317460e-09
0.152814         1.30402466e-06 -9.61169599e-04 -6.49522983e-07 1.29607100e-06 -9.28862884e-04 -6.42992330e-07 7.95365580e-09 -3.23067141e-05 -6.53065300e-09
0.1536136        -2.82852508e-07 -1.30367979e-03 1.04758906e-07 -2.90577811e-07 -1.27123486e-03 1.11233836e-07 7.72530289e-09 -3.24449297e-05 -6.47493019e-09
0.1544132        9.85903855e-08 -1.46654777e-03 -9.11983107e-08 9.08800790e-08 -1.43390945e-03 -8.46701793e-08 7.71030650e-09 -3.26383215e-05 -6.52813140e-09
0.1552128        2.64777791e-07 -1.22145793e-03 -2.88595873e-07 2.57066577e-07 -1.18881858e-03 -2.81961751e-07 7.71121408e-09 -3.26393408e-05 -6.63412205e-09
0.1560124        -5.36016776e-07 -1.12569331e-03 1.96953305e-07 -5.43403894e-07 -1.09303743e-03 2.03490314e-07 7.38711754e-09 -3.26558727e-05 -6.53700906e-09
0.156812         2.41604931e-06 -1.17104524e-03 -1.48616054e-06 2.40762779e-06 -1.13835737e-03 -1.47896622e-06 8.42151141e-09 -3.26878643e-05 -7.19432257e-09
0.1576116        -1.77274475e-06 -8.34103052e-04 1.07987898e-06 -1.78028700e-06 -8.01654005e-04 1.08658884e-06 7.54225342e-09 -3.24490475e-05 -6.70986316e-09
0.1584112        -1.83571282e-08 -1.36963627e-03 8.08274627e-08 -2.58994193e-08 -1.33683037e-03 8.75433303e-08 7.54229107e-09 -3.28058985e-05 -6.71586763e-09
0.1592107        1.63797102e-06 -1.35276139e-03 -7.84125713e-07 1.62961467e-06 -1.31981003e-03 -7.76993727e-07 8.35635339e-09 -3.29513662e-05 -7.13198569e-09
0.1600103        1.20851496e-08 -1.05509544e-03 5.48508738e-09 3.79173066e-09 -1.02241129e-03 1.26068885e-08 8.29341899e-09 -3.26841468e-05 -7.12180116e-09
0.1608099        -7.52099567e-08 -9.24230318e-04 3.80030313e-08 -8.33664603e-08 -8.91536137e-04 4.50871386e-08 8.15650362e-09 -3.26941804e-05 -7.08410734e-09
0.1616095        1.17710683e-06 -1.46117952e-03 -6.61635305e-07 1.16842053e-06 -1.42812047e-03 -6.54222909e-07 8.68630626e-09 -3.30590584e-05 -7.41239593e-09
0.1624091        -2.89727875e-07 -9.46375743e-04 1.13851194e-07 -2.98193308e-07 -9.13524384e-04 1.21189449e-07 8.46543352e-09 -3.28513586e-05 -7.33825494e-09
0.1632087        5.91336260e-06 -9.93994156e-04 -3.49546066e-06 5.90225579e-06 -9.61295630e-04 -3.48656366e-06 1.11068102e-08 -3.26985257e-05 -8.89700016e-09
0.1640083        2.77874795e-06 -1.71275967e-03 -1.87554286e-06 2.76653975e-06 -1.67965894e-03 -1.86587352e-06 1.22082038e-08 -3.31007319e-05 -9.66934392e-09
0.1648079        8.72863772e-07 -1.01673907e-03 -6.54295725e-07 8.60431608e-07 -9.83640420e-04 -6.44411581e-07 1.24321639e-08 -3.30986483e-05 -9.88414394e-09
0.1656074        9.30643417e-07 -9.87879523e-04 -6.83104757e-07 9.17978101e-07 -9.55032753e-04 -6.72999496e-07 1.26653162e-08 -3.28467696e-05 -1.01052614e-08
0.166407         -1.35049607e-06 -1.42141224e-03 8.18142277e-07 -1.36240357e-06 -1.38836548e-03 8.27842116e-07 1.19075039e-08 -3.30467633e-05 -9.69983947e-09
0.1672066        6.83354250e-07 -1.44300724e-03 -5.08682160e-07 6.71295757e-07 -1.40980374e-03 -4.98811142e-07 1.20584935e-08 -3.32035007e-05 -9.87101811e-09
0.1680062        5.89755873e-07 -1.09296375e-03 -4.45987585e-07 5.77590176e-07 -1.05966270e-03 -4.35979179e-07 1.21656970e-08 -3.33010526e-05 -1.00084059e-08
0.1688058        3.88178024e-06 -1.30337871e-03 -2.55865397e-06 3.86804719e-06 -1.27006669e-03 -2.54759097e-06 1.37330497e-08 -3.33120194e-05 -1.10630052e-08
0.1696054        -7.80361441e-06 -1.41712138e-03 5.03804412e-06 -7.81376117e-06 -1.38371889e-03 5.04687824e-06 1.01467634e-08 -3.34024929e-05 -8.83412195e-09
0.170405         5.18475841e-07 -1.16543801e-03 -3.45752230e-07 5.08127670e-07 -1.13199274e-03 -3.36744765e-07 1.03481710e-08 -3.34452666e-05 -9.00746494e-09
0.1712045        -4.84642931e-07 -9.08016377e-04 2.90125798e-07 -4.94668730e-07 -8.74742646e-04 2.98980714e-07 1.00257985e-08 -3.32737309e-05 -8.85491617e-09
0.1720041        -6.35642833e-07 -1.00648079e-03 3.63762099e-07 -6.45229876e-07 -9.73375998e-04 3.72398931e-07 9.58704304e-09 -3.31047909e-05 -8.63683165e-09
0.1728037        3.87515588e-07 -1.43209667e-03 -2.61332753e-07 3.77876640e-07 -1.39861061e-03 -2.52607465e-07 9.63894842e-09 -3.34860602e-05 -8.72528802e-09
0.1736033        3.21696733e-07 -1.41132633e-03 -2.29420643e-07 3.11975912e-07 -1.37768008e-03 -2.20596122e-07 9.72082132e-09 -3.36462502e-05 -8.82452074e-09
0.1744029        3.00997613e-07 -9.97259221e-04 -2.10160804e-07 2.91205535e-07 -9.63896042e-04 -2.01256731e-07 9.79207789e-09 -3.33631790e-05 -8.90407294e-09
0.1752025        -1.05482470e-06 -1.34403917e-03 7.28135633e-07 -1.06408566e-06 -1.31041011e-03 7.36720880e-07 9.26096486e-09 -3.36290598e-05 -8.58524747e-09
0.1760021        4.58147134e-06 -1.46802327e-03 -3.26589484e-06 4.57024740e-06 -1.43414894e-03 -3.25590217e-06 1.12239378e-08 -3.38743272e-05 -9.99267326e-09
0.1768017        -3.43469219e-07 -1.14217477e-03 2.51327466e-07 -3.54425589e-07 -1.10841643e-03 2.61165517e-07 1.09563704e-08 -3.37583493e-05 -9.83805060e-09
0.1776012        1.93359200e-07 -9.35492580e-04 -1.77037692e-07 1.82440367e-07 -9.01955739e-04 -1.67175995e-07 1.09188323e-08 -3.35368416e-05 -9.86169637e-09
0.1784008        1.86006057e-07 -1.16525229e-03 -1.57402102e-07 1.75135323e-07 -1.13163494e-03 -1.47521467e-07 1.08707342e-08 -3.36173493e-05 -9.88063464e-09
0.1792004        -5.40611071e-07 -1.46154189e-03 3.62610914e-07 -5.51109541e-07 -1.42759724e-03 3.72289610e-07 1.04984693e-08 -3.39446527e-05 -9.67869684e-09
0.18             -8.05787314e-08 -1.36960866e-03 -1.93118325e-08 -9.08940419e-08 -1.33571194e-03 -9.68180380e-09 1.03153105e-08 -3.38967190e-05 -9.63002875e-09
0.1807826        -2.92830928e-06 -1.03343185e-03 1.72128927e-06 -2.93707226e-06 -9.99626595e-04 1.73003371e-06 8.76297245e-09 -3.38052575e-05 -8.74444288e-09
0.1815652        3.25546095e-06 -1.36186577e-03 -2.43358704e-06 3.24536610e-06 -1.32791019e-03 -2.42382805e-06 1.00948441e-08 -3.39555843e-05 -9.75898993e-09
0.1823478        -1.97456263e-07 -1.48372606e-03 8.04291634e-08 -2.07335324e-07 -1.44960031e-03 9.00989330e-08 9.87906092e-09 -3.41257525e-05 -9.66976962e-09
0.1831304        4.81965204e-06 -1.17147743e-03 -3.30462787e-06 4.80760936e-06 -1.13735681e-03 -3.29348977e-06 1.20426768e-08 -3.41206232e-05 -1.11381029e-08
0.183913         -2.14839437e-07 -1.12250177e-03 1.34008408e-07 -2.26657903e-07 -1.08845664e-03 1.45031819e-07 1.18184661e-08 -3.40451296e-05 -1.10234106e-08
0.1846957        4.48673371e-07 -1.33217921e-03 -3.52721262e-07 4.36785476e-07 -1.29810680e-03 -3.41597637e-07 1.18878951e-08 -3.40724078e-05 -1.11236255e-08
0.1854783        8.50066196e-07 -1.08801123e-03 -6.09867619e-07 8.37933548e-07 -1.05382219e-03 -5.98533354e-07 1.21326483e-08 -3.41890451e-05 -1.13342650e-08
0.1862609        4.63034374e-06 -1.45758342e-03 -3.93698440e-06 4.61643687e-06 -1.42321816e-03 -3.92414389e-06 1.39068643e-08 -3.43652543e-05 -1.28405022e-08
0.1870435        -1.04869734e-06 -9.99915236e-04 1.06089411e-06 -1.06199923e-06 -9.65830687e-04 1.07326279e-06 1.33018900e-08 -3.40845498e-05 -1.23686774e-08
0.1878261        -4.84304072e-06 -1.35512405e-03 3.66027656e-06 -4.85409035e-06 -1.32091626e-03 3.67103014e-06 1.10496310e-08 -3.42077945e-05 -1.07535826e-08
0.1886087        -1.44927864e-06 -1.52311383e-03 8.69307062e-07 -1.45946741e-06 -1.48856289e-03 8.79579082e-07 1.01887755e-08 -3.45509382e-05 -1.02720194e-08
0.1893913        -1.04936481e-06 -1.22047319e-03 7.36421596e-07 -1.05899192e-06 -1.18594220e-03 7.46344979e-07 9.62710977e-09 -3.45309915e-05 -9.92338311e-09
0.1901739        3.00450761e-07 -9.70931521e-04 -3.31807937e-07 2.90786845e-07 -9.36622083e-04 -3.21777740e-07 9.66391609e-09 -3.43094375e-05 -1.00301968e-08
0.1909565        2.01385590e-07 -1.23952306e-03 -1.52191424e-07 1.91752293e-07 -1.20513970e-03 -1.42139244e-07 9.63329732e-09 -3.43833565e-05 -1.00521804e-08
0.1917391        3.65952523e-07 -1.80936835e-03 -3.29988598e-07 3.56249733e-07 -1.77460303e-03 -3.19822964e-07 9.70279019e-09 -3.47653113e-05 -1.01656334e-08
0.1925217        9.82624534e-07 -1.06885202e-03 -7.84229978e-07 9.72550324e-07 -1.03419331e-03 -7.73735752e-07 1.00742103e-08 -3.46587050e-05 -1.04942264e-08
0.1933043        -2.20070153e-06 -1.05460804e-03 1.56749086e-06 -2.20964938e-06 -1.02000515e-03 1.57722233e-06 8.94784475e-09 -3.46028919e-05 -9.73146402e-09
0.194087         -6.26594262e-07 -1.29850793e-03 4.89028541e-07 -6.35198854e-07 -1.26396195e-03 4.98536823e-07 8.60459140e-09 -3.45459824e-05 -9.50828252e-09
0.1948696        2.34391600e-08 -1.55134339e-03 -3.89794537e-08 1.49228302e-08 -1.51651404e-03 -2.94906508e-08 8.51632975e-09 -3.48293498e-05 -9.48880290e-09
0.1956522        3.35584162e-06 -1.18276503e-03 -2.75463014e-06 3.34593805e-06 -1.14794560e-03 -2.74398292e-06 9.90356839e-09 -3.48194327e-05 -1.06472162e-08
0.1964348        6.75474028e-06 -1.21713433e-03 -4.92581203e-06 6.74173101e-06 -1.18236911e-03 -4.91292067e-06 1.30092729e-08 -3.47652189e-05 -1.28913559e-08
0.1972174        -5.00116506e-06 -1.41386646e-03 3.46738667e-06 -5.01148621e-06 -1.37881627e-03 3.47848184e-06 1.03211535e-08 -3.50501955e-05 -1.10951688e-08
0.198            -2.29686448e-07 -9.68771185e-04 1.66561181e-07 -2.39804332e-07 -9.34008546e-04 1.77545526e-07 1.01178840e-08 -3.47626397e-05 -1.09843451e-08
0.1987826        6.48134844e-07 -1.50708186e-03 -4.68608737e-07 6.37854760e-07 -1.47212133e-03 -4.57466507e-07 1.02800840e-08 -3.49605287e-05 -1.11422305e-08
0.1995652        -4.29610535e-07 -1.48388522e-03 3.40368011e-07 -4.39591388e-07 -1.44875362e-03 3.51324495e-07 9.98085269e-09 -3.51316049e-05 -1.09564841e-08
0.2003478        1.97906019e-06 -1.13743255e-03 -1.41745693e-06 1.96821802e-06 -1.10235003e-03 -1.40585953e-06 1.08421651e-08 -3.50825204e-05 -1.15974008e-08
0.2011304        9.56564542e-07 -1.35214145e-03 -8.19814764e-07 9.45447392e-07 -1.31695967e-03 -8.07930801e-07 1.11171497e-08 -3.51817720e-05 -1.18839634e-08
0.201913         1.06880966e-07 -1.26380169e-03 -1.35148274e-07 9.58805618e-08 -1.22855517e-03 -1.23286339e-07 1.10004045e-08 -3.52465142e-05 -1.18619342e-08
0.2026957        1.42942007e-06 -1.18499313e-03 -1.30449218e-06 1.41796421e-06 -1.14980934e-03 -1.29217551e-06 1.14558614e-08 -3.51837847e-05 -1.23166732e-08
0.2034783        2.30553352e-06 -1.40579023e-03 -1.98115387e-06 2.29319125e-06 -1.37058758e-03 -1.96802664e-06 1.23422708e-08 -3.52026507e-05 -1.31272296e-08
0.2042609        -5.21907111e-06 -1.58383807e-03 3.68096551e-06 -5.22857389e-06 -1.54825146e-03 3.69213504e-06 9.50277561e-09 -3.55866139e-05 -1.11695301e-08
0.2050435        2.38933596e-06 -1.06053614e-03 -2.10675535e-06 2.37880681e-06 -1.02522825e-03 -2.09466025e-06 1.05291471e-08 -3.53078891e-05 -1.20950947e-08
0.2058261        1.15614352e-07 -9.85861282e-04 -1.96262237e-07 1.05186657e-07 -9.50653123e-04 -1.84182340e-07 1.04276945e-08 -3.52081582e-05 -1.20798969e-08
0.2066087        2.01098601e-06 -1.68063334e-03 -1.83821853e-06 1.99987099e-06 -1.64511944e-03 -1.82547603e-06 1.11150206e-08 -3.55138964e-05 -1.27424986e-08
0.2073913        -6.56997179e-06 -1.47859089e-03 5.70094723e-06 -6.57817631e-06 -1.44295544e-03 5.71126095e-06 8.20451927e-09 -3.56354451e-05 -1.03137160e-08
0.2081739        5.37144281e-07 -1.04251199e-03 -3.92917527e-07 5.28667045e-07 -1.00697426e-03 -3.82362276e-07 8.47723610e-09 -3.55377311e-05 -1.05552512e-08
0.2089565        1.33992081e-06 -1.18691403e-03 -1.11502076e-06 1.33092636e-06 -1.15136576e-03 -1.10402160e-06 8.99444615e-09 -3.55482678e-05 -1.09991564e-08
0.2097391        2.72552475e-06 -1.55089027e-03 -2.51933087e-06 2.71550205e-06 -1.51515219e-03 -2.50735685e-06 1.00227057e-08 -3.57380775e-05 -1.19740188e-08
0.2105217        -8.86704375e-07 -1.49691951e-03 8.25684907e-07 -8.96204095e-07 -1.46101996e-03 8.37242745e-07 9.49972003e-09 -3.58995570e-05 -1.15578379e-08
0.2113043        -5.83623374e-08 -9.97747625e-04 6.00161706e-09 -6.77387114e-08 -9.62127927e-04 1.75257527e-08 9.37637395e-09 -3.56196978e-05 -1.15241356e-08
0.212087         2.24613046e-07 -1.49655535e-03 -2.03581615e-07 2.15269934e-07 -1.46080741e-03 -1.92032205e-07 9.34311162e-09 -3.57479384e-05 -1.15494104e-08
0.2128696        -2.13471062e-06 -1.30012101e-03 1.86157367e-06 -2.14289177e-06 -1.26419154e-03 1.87216633e-06 8.18114493e-09 -3.59294704e-05 -1.05926607e-08
0.2136522        -7.03252117e-07 -1.32201340e-03 5.90507359e-07 -7.10931201e-07 -1.28603282e-03 6.00713800e-07 7.67908408e-09 -3.59805869e-05 -1.02064406e-08
0.2144348        1.59527555e-07 -1.46533055e-03 -2.05649898e-07 1.51883245e-07 -1.42932187e-03 -1.95407925e-07 7.64431023e-09 -3.60086790e-05 -1.02419729e-08
0.2152174        -2.89182890e-07 -1.46989782e-03 2.20239919e-07 -2.96631548e-07 -1.43377861e-03 2.30375862e-07 7.44865812e-09 -3.61192057e-05 -1.01359425e-08
0.216            6.28828001e-07 -1.02907731e-03 -6.79831205e-07 6.21194051e-07 -9.93217119e-04 -6.69451612e-07 7.63394901e-09 -3.58601884e-05 -1.03795927e-08
0.216766         1.83383854e-06 -1.62349545e-03 -1.73264533e-06 1.82555549e-06 -1.58721924e-03 -1.72162854e-06 8.28304296e-09 -3.62762054e-05 -1.10167861e-08
0.2175156        1.65951187e-06 -1.15021094e-03 -1.64360761e-06 1.65072526e-06 -1.11397239e-03 -1.63206412e-06 8.78660399e-09 -3.62385461e-05 -1.15434973e-08
0.2182653        2.05563999e-06 -1.33143251e-03 -2.02928001e-06 2.04616660e-06 -1.29525336e-03 -2.01703203e-06 9.47339233e-09 -3.61791474e-05 -1.22479801e-08
0.2190149        3.17520428e-07 -1.53435465e-03 -3.46431954e-07 3.08052558e-07 -1.49809584e-03 -3.34121673e-07 9.46786929e-09 -3.62588070e-05 -1.23102806e-08
0.2197646        -6.94324971e-07 -1.39191207e-03 7.23590160e-07 -7.03376159e-07 -1.35555638e-03 7.35549757e-07 9.05118838e-09 -3.63556901e-05 -1.19595977e-08
0.2205143        -4.75219686e-07 -1.15616670e-03 4.55450724e-07 -4.83938591e-07 -1.11986826e-03 4.67152258e-07 8.71890521e-09 -3.62984384e-05 -1.17015338e-08
0.2212639        2.82551834e-07 -1.54550632e-03 -3.99788754e-07 2.73885964e-07 -1.50902557e-03 -3.88037254e-07 8.66587028e-09 -3.64807556e-05 -1.17515003e-08
0.2220136        2.38484484e-06 -1.16634261e-03 -2.53358979e-06 2.37538955e-06 -1.12991503e-03 -2.52094841e-06 9.45529786e-09 -3.64275869e-05 -1.26413827e-08
0.2227632        8.87437900e-07 -1.39796681e-03 -5.70906406e-07 8.77629001e-07 -1.36141256e-03 -5.58024049e-07 9.80889906e-09 -3.65542561e-05 -1.28823568e-08
0.2235129        4.58320026e-08 -1.51775329e-03 -8.59365888e-08 3.61416565e-08 -1.48114052e-03 -7.30952261e-08 9.69034612e-09 -3.66127700e-05 -1.28413628e-08
0.2242626        3.74389293e-07 -1.39758693e-03 -3.82562916e-07 3.64567370e-07 -1.36103542e-03 -3.69522286e-07 9.82192367e-09 -3.65515082e-05 -1.30406301e-08
0.2250122        2.08135896e-07 -1.16595688e-03 -2.60255597e-07 1.98362220e-07 -1.12941816e-03 -2.47178118e-07 9.77367570e-09 -3.65387180e-05 -1.30774794e-08
0.2257619        2.44188989e-06 -1.65798617e-03 -2.60917119e-06 2.43126522e-06 -1.62103073e-03 -2.59513806e-06 1.06246681e-08 -3.69554393e-05 -1.40331379e-08
0.2265115        -5.53906635e-07 -1.08937401e-03 1.36101022e-07 -5.64008990e-07 -1.05267365e-03 1.49853641e-07 1.01023548e-08 -3.67003588e-05 -1.37526189e-08
0.2272612        2.16401575e-06 -1.40842568e-03 -2.28454182e-06 2.15317199e-06 -1.37164588e-03 -2.26996838e-06 1.08437629e-08 -3.67798022e-05 -1.45734412e-08
0.2280109        -5.93525381e-06 -1.58427070e-03 6.02849104e-06 -5.94352622e-06 -1.54742388e-03 6.04054624e-06 8.27241244e-09 -3.68468133e-05 -1.20552004e-08
0.2287605        -1.84892061e-06 -1.39014888e-03 1.70568512e-06 -1.85637409e-06 -1.35331367e-03 1.71706749e-06 7.45348105e-09 -3.68352065e-05 -1.13823707e-08
0.2295102        -1.07069185e-06 -1.21876183e-03 1.13611908e-06 -1.07762839e-06 -1.18177419e-03 1.14701574e-06 6.93654750e-09 -3.69876374e-05 -1.08966555e-08
0.2302598        -2.01391318e-06 -1.42965547e-03 1.73863213e-06 -2.01989281e-06 -1.39275279e-03 1.74875757e-06 5.97963073e-09 -3.69026808e-05 -1.01254403e-08
0.2310095        1.04917302e-06 -1.32859444e-03 -1.09051137e-06 1.04275014e-06 -1.29149877e-03 -1.07990624e-06 6.42288644e-09 -3.70956721e-05 -1.06051369e-08
0.2317592        2.48961386e-06 -1.37797661e-03 -2.80959559e-06 2.48223930e-06 -1.34089729e-03 -2.79790194e-06 7.37455810e-09 -3.70793204e-05 -1.16936485e-08
0.2325088        1.45513506e-07 -1.56264385e-03 1.26871905e-07 1.38029950e-07 -1.52549623e-03 1.38598672e-07 7.48355573e-09 -3.71476192e-05 -1.17267672e-08
0.2332585        -3.44442626e-06 -1.46305705e-03 3.43216582e-06 -3.45042483e-06 -1.42584240e-03 3.44249182e-06 5.99857334e-09 -3.72146530e-05 -1.03260060e-08
0.2340081        1.89557450e-06 -9.06671543e-04 -2.02884066e-06 1.88873049e-06 -8.69792814e-04 -2.01758702e-06 6.84401056e-09 -3.68787289e-05 -1.12536438e-08
0.2347578        -7.31212996e-07 1.20797153e-04 7.15332306e-07 -7.37682411e-07 1.56826035e-04 7.26241109e-07 6.46941586e-09 -3.60288819e-05 -1.09088033e-08
0.2355075        1.80620178e-07 1.24127535e-04 -2.17410724e-07 1.74156117e-07 1.59067914e-04 -2.06486106e-07 6.46406144e-09 -3.49403792e-05 -1.09246172e-08
0.2362928        1.00512863e-06 8.03225033e-04 -1.11430970e-06 9.98493918e-07 8.36725067e-04 -1.10320543e-06 6.63470868e-09 -3.35000342e-05 -1.11042673e-08
0.2370782        1.98733239e-06 8.24544008e-04 -1.91257535e-06 1.97999858e-06 8.56806766e-04 -1.90080559e-06 7.33380719e-09 -3.22627586e-05 -1.17697590e-08
0.2379072        9.82468698e-07 7.89787690e-04 -1.09878208e-06 9.75157439e-07 8.20837742e-04 -1.08697448e-06 7.31125867e-09 -3.10500521e-05 -1.18075998e-08
0.2387362        1.44973885e-06 1.11857325e-03 -1.67093425e-06 1.44229121e-06 1.14815218e-03 -1.65891098e-06 7.44763921e-09 -2.95789337e-05 -1.20232699e-08
0.2396204        1.12985473e-06 7.28168895e-04 -1.28156700e-06 1.12239579e-06 7.56565440e-04 -1.26946403e-06 7.45893941e-09 -2.83965449e-05 -1.21029706e-08
0.2405047        5.43268630e-07 6.00673591e-04 -6.48401951e-07 5.36048200e-07 6.28069762e-04 -6.36493975e-07 7.22042969e-09 -2.73961708e-05 -1.19079763e-08
0.2414626        7.03464128e-07 1.23396348e-03 -7.77745213e-07 6.96453892e-07 1.25975793e-03 -7.66044810e-07 7.01023571e-09 -2.57944492e-05 -1.17004033e-08
0.2424206        3.03241576e-07 1.14744475e-03 -3.73596536e-07 2.96812387e-07 1.17176791e-03 -3.62443612e-07 6.42918984e-09 -2.43231633e-05 -1.11529235e-08
0.2434849        -1.82841591e-06 1.08399429e-03 1.80182525e-06 -1.83281224e-06 1.10689345e-03 1.81096103e-06 4.39633867e-09 -2.28991611e-05 -9.13578351e-09
0.2445493        -4.22285811e-07 8.12047641e-04 4.57948183e-07 -4.25603649e-07 8.33881649e-04 4.65974684e-07 3.31783739e-09 -2.18340087e-05 -8.02650035e-09
0.2456137        5.32088039e-07 1.55990275e-03 -6.47537936e-07 5.29576474e-07 1.57985337e-03 -6.40272063e-07 2.51156512e-09 -1.99506164e-05 -7.26587310e-09
0.2466781        -1.25075682e-06 1.03734944e-03 1.24117179e-06 -1.25170648e-06 1.05613910e-03 1.24684717e-06 9.49656930e-10 -1.87896531e-05 -5.67538536e-09
0.2477425        -8.64786247e-08 1.47042046e-03 1.35359248e-07 -8.69726112e-08 1.48778684e-03 1.40472581e-07 4.93986489e-10 -1.73663803e-05 -5.11333330e-09
0.2488069        -5.23645987e-07 1.26795577e-03 5.80075512e-07 -5.23432241e-07 1.28390639e-03 5.84376466e-07 -2.13745664e-10 -1.59506193e-05 -4.30095326e-09
0.2498712        -6.47840995e-07 1.53004347e-03 6.57368002e-07 -6.46887864e-07 1.54442325e-03 6.60845576e-07 -9.53130206e-10 -1.43797753e-05 -3.47757397e-09
0.2509356        -4.39441844e-07 1.26458691e-03 4.94853826e-07 -4.37942145e-07 1.27776022e-03 4.97671810e-07 -1.49969912e-09 -1.31733090e-05 -2.81798404e-09
0.252            -3.36339273e-07 1.73653169e-03 4.14095098e-07 -3.34231759e-07 1.74828689e-03 4.16144491e-07 -2.10751359e-09 -1.17552005e-05 -2.04939353e-09
0.2529           -5.44931950e-08 1.49809165e-03 1.13789293e-07 -5.21520106e-08 1.50866097e-03 1.15529327e-07 -2.34118448e-09 -1.05693210e-05 -1.74003465e-09
0.2537775        1.34681267e-06 1.70757784e-03 -1.54623978e-06 1.34864592e-06 1.71690964e-03 -1.54395067e-06 -1.83325035e-09 -9.33180227e-06 -2.28911296e-09
0.2546331        1.15267733e-06 1.60975115e-03 -1.04728973e-06 1.15403846e-06 1.61813977e-03 -1.04462462e-06 -1.36112735e-09 -8.38861328e-06 -2.66510616e-09
0.2554886        5.65728803e-07 1.77454433e-03 -6.11017008e-07 5.67082322e-07 1.78173547e-03 -6.08366108e-07 -1.35351961e-09 -7.19114166e-06 -2.65089987e-09
0.2563223        4.55305184e-08 1.71678066e-03 3.50409598e-08 4.72132580e-08 1.72302578e-03 3.72832605e-08 -1.68273966e-09 -6.24511813e-06 -2.24230074e-09
0.2571559        4.13635229e-07 1.44263819e-03 -4.32875898e-07 4.15416961e-07 1.44793015e-03 -4.30754640e-07 -1.78173218e-09 -5.29196241e-06 -2.12125860e-09
0.2579676        -2.61662267e-07 2.03700481e-03 2.56699313e-07 -2.59373871e-07 2.04120921e-03 2.58248740e-07 -2.28839627e-09 -4.20440643e-06 -1.54942760e-09
0.2587793        2.59320306e-07 1.76030328e-03 -2.70423888e-07 2.61806592e-07 1.76351705e-03 -2.69129562e-07 -2.48628537e-09 -3.21376596e-06 -1.29432625e-09
0.259569         2.30967395e-07 1.68905807e-03 -2.20782572e-07 2.33630291e-07 1.69138621e-03 -2.19725372e-07 -2.66289580e-09 -2.32813488e-06 -1.05720021e-09
0.2603587        2.90950857e-07 1.88349999e-03 -3.08738710e-07 2.93770406e-07 1.88488478e-03 -3.07903316e-07 -2.81954898e-09 -1.38478342e-06 -8.35393799e-10
0.2611266        1.66844748e-06 2.03805025e-03 -1.75723609e-06 1.67077985e-06 2.03835062e-03 -1.75597184e-06 -2.33236570e-09 -3.00368589e-07 -1.26424913e-09
0.2618944        1.72397565e-07 2.03249893e-03 -1.29420105e-07 1.74942696e-07 2.03177751e-03 -1.28459158e-07 -2.54513043e-09 7.21420505e-07 -9.60946922e-10
0.2626622        -7.58019689e-08 1.33099762e-03 4.89070163e-08 -7.29292197e-08 1.32995518e-03 4.94711746e-08 -2.87274915e-09 1.04244041e-06 -5.64158337e-10
0.2634074        -9.73954957e-10 2.68196267e-03 -3.22313713e-08 2.20960102e-09 2.67945566e-03 -3.20451756e-08 -3.18355597e-09 2.50700371e-06 -1.86195704e-10
0.2641526        3.64735731e-07 1.92294254e-03 -4.22544439e-07 3.68105561e-07 1.91966122e-03 -4.22600828e-07 -3.36983037e-09 3.28132165e-06 5.63893160e-11
0.2648979        9.47937147e-08 1.85345416e-03 -9.01514971e-08 9.84484699e-08 1.84951736e-03 -9.05640713e-08 -3.65475524e-09 3.93679648e-06 4.12574123e-10
0.2656431        4.07292823e-07 2.04915956e-03 -5.01382308e-07 4.11118836e-07 2.04442876e-03 -5.02000549e-07 -3.82601324e-09 4.73080258e-06 6.18241719e-10
0.2663643        2.39165914e-07 1.94079616e-03 -2.76890087e-07 2.43174168e-07 1.93525283e-03 -2.77729221e-07 -4.00825369e-09 5.54332941e-06 8.39134204e-10
0.2670855        3.99185796e-07 2.81715625e-03 -4.68950497e-07 4.03372976e-07 2.81042981e-03 -4.70012561e-07 -4.18717971e-09 6.72643655e-06 1.06206440e-09
0.2678067        1.36658111e-07 1.82481506e-03 -1.45687135e-07 1.41076948e-07 1.81775169e-03 -1.47045765e-07 -4.41883635e-09 7.06337115e-06 1.35862939e-09
0.2685279        -5.92059185e-07 2.20802483e-03 7.85883687e-07 -5.87139171e-07 2.20013778e-03 7.83893174e-07 -4.92001471e-09 7.88705012e-06 1.99051231e-09
0.2692233        1.45921138e-07 2.62456160e-03 -1.48951228e-07 1.51045920e-07 2.61562717e-03 -1.51203440e-07 -5.12478209e-09 8.93443243e-06 2.25221168e-09
0.2699187        1.68637066e-07 2.35930853e-03 -1.62932407e-07 1.73965043e-07 2.34976875e-03 -1.65450648e-07 -5.32797662e-09 9.53977736e-06 2.51824013e-09
0.2706142        2.52464374e-07 1.98846405e-03 -2.52859158e-07 2.57963527e-07 1.97846507e-03 -2.55610447e-07 -5.49915262e-09 9.99897779e-06 2.75128883e-09
0.2713096        3.36338083e-08 2.47485874e-03 3.08395648e-08 3.94126575e-08 2.46405100e-03 2.77186436e-08 -5.77884913e-09 1.08077385e-05 3.12092124e-09
0.272005         2.88416478e-07 2.60494626e-03 -2.95810543e-07 2.94401375e-07 2.59336415e-03 -2.99209089e-07 -5.98489666e-09 1.15821123e-05 3.39854593e-09
0.2726715        2.69690445e-07 2.59730643e-03 -2.75469173e-07 2.75907815e-07 2.58511582e-03 -2.79180427e-07 -6.21737007e-09 1.21906118e-05 3.71125430e-09
0.2733379        3.83859113e-07 2.82026049e-03 -4.15534435e-07 3.90235917e-07 2.80722691e-03 -4.19473424e-07 -6.37680403e-09 1.30335831e-05 3.93898836e-09
0.2740044        3.82538951e-07 2.33817465e-03 -3.99151090e-07 3.89067685e-07 2.32468200e-03 -4.03310997e-07 -6.52873357e-09 1.34926446e-05 4.15990656e-09
0.2746709        4.18323184e-07 2.48606407e-03 -4.51854130e-07 4.25078273e-07 2.47198608e-03 -4.56318663e-07 -6.75508917e-09 1.40779862e-05 4.46453390e-09
0.2753373        4.91018513e-07 2.79236299e-03 -5.42078358e-07 4.98012227e-07 2.77752558e-03 -5.46858334e-07 -6.99371451e-09 1.48374147e-05 4.77997605e-09
0.2760038        2.91237502e-07 1.26179032e-03 -2.81061794e-07 2.98501266e-07 1.24782253e-03 -2.86192736e-07 -7.26376420e-09 1.39677888e-05 5.13094255e-09
0.2766702        3.62033657e-07 1.26973958e-03 -3.90857817e-07 3.69501038e-07 1.25635164e-03 -3.96270517e-07 -7.46738111e-09 1.33879421e-05 5.41269984e-09
0.2773367        2.65609591e-07 1.07794118e-03 -3.07866928e-07 2.73172989e-07 1.06513735e-03 -3.13451648e-07 -7.56339778e-09 1.28038330e-05 5.58471992e-09
0.2780031        2.88535644e-07 7.73866373e-04 -3.13858104e-07 2.96193356e-07 7.61733386e-04 -3.19627893e-07 -7.65771187e-09 1.21329872e-05 5.76978903e-09
0.2786696        4.80137856e-07 1.51785411e-03 -5.44783028e-07 4.87838724e-07 1.50619725e-03 -5.50660864e-07 -7.70086788e-09 1.16568584e-05 5.87783571e-09
0.2793361        4.41529342e-07 8.73484775e-04 -4.95009782e-07 4.49279772e-07 8.62572095e-04 -5.01011471e-07 -7.75042963e-09 1.09126803e-05 6.00168985e-09
0.2800025        4.58806583e-07 7.14939701e-04 -5.07149542e-07 4.66485864e-07 7.04786607e-04 -5.13143500e-07 -7.67928103e-09 1.01530937e-05 5.99395775e-09
0.280669         4.43897350e-07 1.04324781e-03 -4.90854859e-07 4.51470258e-07 1.03369437e-03 -4.96800764e-07 -7.57290769e-09 9.55343622e-06 5.94590539e-09
0.2813354        5.07814823e-07 1.20724101e-03 -5.68316003e-07 5.15255425e-07 1.19807302e-03 -5.74188355e-07 -7.44060261e-09 9.16798942e-06 5.87235202e-09
0.2820019        5.22115575e-07 8.96673196e-04 -5.72130946e-07 5.29403872e-07 8.88008985e-04 -5.77901356e-07 -7.28829670e-09 8.66421086e-06 5.77041030e-09
0.2826683        4.70096380e-07 8.89619081e-04 -4.82061257e-07 4.77220944e-07 8.81469919e-04 -4.87720890e-07 -7.12456416e-09 8.14916176e-06 5.65963274e-09
0.2833348        5.23691397e-07 1.49683206e-03 -5.94546678e-07 5.30676939e-07 1.48905668e-03 -6.00122996e-07 -6.98554162e-09 7.77538284e-06 5.57631808e-09
0.2840013        4.28297138e-07 6.29435842e-04 -4.64688166e-07 4.35107003e-07 6.22407255e-04 -4.70154574e-07 -6.80986466e-09 7.02858652e-06 5.46640745e-09
0.2846677        5.03929913e-07 9.05434535e-04 -5.47880483e-07 5.10524856e-07 8.98880773e-04 -5.53185780e-07 -6.59494348e-09 6.55376223e-06 5.30529737e-09
0.2853342        6.01116578e-07 1.22313268e-03 -6.60081111e-07 6.07455077e-07 1.21688341e-03 -6.65159789e-07 -6.33849842e-09 6.24926161e-06 5.07867810e-09
0.2860006        5.48458951e-07 1.52413942e-03 -5.97508401e-07 5.54477570e-07 1.51822942e-03 -6.02289963e-07 -6.01861864e-09 5.90999433e-06 4.78156201e-09
0.2866671        3.18689341e-07 2.43893648e-04 -3.03189873e-07 3.24330562e-07 2.38843760e-04 -3.07617743e-07 -5.64122030e-09 5.04988883e-06 4.42786952e-09
0.2873335        5.24065392e-07 8.74114626e-04 -5.69809576e-07 5.29203167e-07 8.69503251e-04 -5.73734559e-07 -5.13777508e-09 4.61137453e-06 3.92498305e-09
0.288            6.72136352e-07 1.55914371e-03 -7.52706529e-07 6.76700046e-07 1.55462833e-03 -7.56049765e-07 -4.56369431e-09 4.51538266e-06 3.34323652e-09
0.2886429        6.83373473e-07 1.16798229e-03 -7.39610623e-07 6.87317727e-07 1.16375753e-03 -7.42317264e-07 -3.94425363e-09 4.22476490e-06 2.70664138e-09
0.2892857        4.07989568e-07 1.06892313e-03 -3.70888238e-07 4.11344094e-07 1.06513518e-03 -3.73007526e-07 -3.35452563e-09 3.78794393e-06 2.11928809e-09
0.2899286        1.34833770e-06 8.72442939e-04 -1.68234076e-06 1.35072657e-06 8.69175300e-04 -1.68337841e-06 -2.38886647e-09 3.26763921e-06 1.03765744e-09
0.2905714        1.23254568e-06 5.84023922e-04 -1.47770856e-06 1.23398905e-06 5.81361246e-04 -1.47771199e-06 -1.44337127e-09 2.66267656e-06 3.42925044e-12
0.2912143        7.10649932e-07 1.11505053e-03 -7.52646908e-07 7.11405628e-07 1.11259621e-03 -7.51947821e-07 -7.55696367e-10 2.45431193e-06 -6.99087374e-10
0.2918571        9.29368239e-07 1.31998054e-03 -1.01470697e-06 9.29408642e-07 1.31778659e-03 -1.01326372e-06 -4.04034673e-11 2.19395564e-06 -1.44324976e-09
0.2925           7.42850749e-07 1.34174889e-03 -7.74410592e-07 7.42256768e-07 1.33986020e-03 -7.72315998e-07 5.93981044e-10 1.88868471e-06 -2.09459377e-09
0.2931429        1.15979771e-06 7.12668318e-04 -1.25070416e-06 1.15843196e-06 7.11168758e-04 -1.24778657e-06 1.36574313e-09 1.49956068e-06 -2.91759453e-09
0.2937994        1.27178682e-06 9.53606941e-04 -1.37588701e-06 1.26966734e-06 9.52528518e-04 -1.37216845e-06 2.11947360e-09 1.07842302e-06 -3.71856090e-09
0.2944559        1.18472821e-06 1.05201592e-03 -1.22633693e-06 1.18187407e-06 1.05127179e-03 -1.22184152e-06 2.85413961e-09 7.44125640e-07 -4.49541094e-09
0.2951125        7.81614166e-07 1.13789965e-03 -8.14755896e-07 7.78237715e-07 1.13735438e-03 -8.09703856e-07 3.37645055e-09 5.45271723e-07 -5.05204021e-09
0.295769         8.95178942e-07 1.22022415e-03 -9.25972826e-07 8.91238234e-07 1.21985293e-03 -9.20323198e-07 3.94070803e-09 3.71212920e-07 -5.64962726e-09
0.2964255        1.00126957e-06 7.53569513e-04 -1.01356923e-06 9.96712028e-07 7.53675528e-04 -1.00727540e-06 4.55754228e-09 -1.06015410e-07 -6.29383476e-09
0.2970821        1.69500271e-06 7.73880184e-04 -1.77326830e-06 1.68952793e-06 7.74465388e-04 -1.76601982e-06 5.47477946e-09 -5.85204446e-07 -7.24847329e-09
0.2977386        1.16228585e-06 1.44347079e-03 -1.22916651e-06 1.15615500e-06 1.44427873e-03 -1.22124019e-06 6.13084403e-09 -8.07934635e-07 -7.92632913e-09
0.2983951        1.02239849e-06 1.33034753e-03 -1.06067601e-06 1.01567140e-06 1.33113310e-03 -1.05214335e-06 6.72708668e-09 -7.85569022e-07 -8.53265567e-09
0.2990517        -1.83394350e-06 1.16964328e-03 2.02212171e-06 -1.84008024e-06 1.17066090e-03 2.02999835e-06 6.13673398e-09 -1.01762325e-06 -7.87664149e-09
0.2997082        7.84580917e-07 9.64284595e-04 -7.79296908e-07 7.77978827e-07 9.65741074e-04 -7.70953128e-07 6.60209041e-09 -1.45647875e-06 -8.34378010e-09
0.3003647        2.16397902e-06 4.66181678e-04 -2.20813711e-06 2.15641853e-06 4.68238413e-04 -2.19880628e-06 7.56048110e-09 -2.05673480e-06 -9.33083333e-09
0.3010213        1.18519744e-06 1.43865066e-03 -1.21462998e-06 1.17725135e-06 1.44075415e-03 -1.20490416e-06 7.94608812e-09 -2.10348737e-06 -9.72582116e-09
0.3016778        -5.19219089e-08 1.21703818e-03 3.02821580e-07 -5.97494817e-08 1.21929888e-03 3.12354134e-07 7.82757277e-09 -2.26069525e-06 -9.53255389e-09
0.3023343        1.02227128e-06 7.56081173e-04 -9.87181892e-07 1.01420742e-06 7.58692847e-04 -9.77400373e-07 8.06386287e-09 -2.61167397e-06 -9.78151924e-09
0.3030114        8.22289874e-07 1.38596759e-03 -7.95117898e-07 8.14191975e-07 1.38881505e-03 -7.85304647e-07 8.09789889e-09 -2.84746636e-06 -9.81325048e-09
0.3036673        -1.39260859e-06 1.40783586e-03 2.03937244e-06 -1.39990062e-06 1.41066535e-03 2.04819121e-06 7.29202527e-09 -2.82948955e-06 -8.81876492e-09
0.304345         1.77018814e-07 1.03295481e-03 -4.70486126e-08 1.69952283e-07 1.03602786e-03 -3.84615079e-08 7.06653122e-09 -3.07304737e-06 -8.58710470e-09
0.3050228        2.66380452e-07 4.67383966e-04 -1.93373394e-07 2.59359334e-07 4.71246514e-04 -1.84746777e-07 7.02111733e-09 -3.86254819e-06 -8.62661750e-09
0.3057006        3.29402840e-07 1.76018611e-03 -3.22904749e-07 3.22432618e-07 1.76375075e-03 -3.14263089e-07 6.97022186e-09 -3.56464252e-06 -8.64165997e-09
0.3063783        3.58048542e-07 1.36904659e-03 -3.44477254e-07 3.51083149e-07 1.37268863e-03 -3.35771929e-07 6.96539356e-09 -3.64204467e-06 -8.70532471e-09
0.3070561        4.34274558e-07 1.00258385e-03 -4.60133967e-07 4.27266211e-07 1.00655128e-03 -4.51300370e-07 7.00834653e-09 -3.96743370e-06 -8.83359657e-09
0.3077338        2.06771453e-07 6.67724765e-04 -1.22828145e-07 1.99761253e-07 6.72219506e-04 -1.13944399e-07 7.01020007e-09 -4.49474042e-06 -8.88374567e-09
0.3084116        6.94520390e-07 1.62959793e-03 -7.90350285e-07 6.87374536e-07 1.63403438e-03 -7.81256091e-07 7.14585320e-09 -4.43644918e-06 -9.09419416e-09
0.3090893        5.58261396e-07 1.31265105e-03 -5.86031212e-07 5.50981341e-07 1.31720667e-03 -5.76730217e-07 7.28005516e-09 -4.55562572e-06 -9.30099576e-09
0.3097671        1.47519006e-06 1.14940417e-03 -1.57211434e-06 1.46735724e-06 1.15420530e-03 -1.56216028e-06 7.83282193e-09 -4.80112777e-06 -9.95405631e-09
0.3104449        5.97553264e-07 1.07535149e-03 -6.49033911e-07 5.89531520e-07 1.08051664e-03 -6.38811028e-07 8.02174367e-09 -5.16515890e-06 -1.02228834e-08
0.3111226        8.02847068e-07 1.38002168e-03 -8.79505951e-07 7.94513876e-07 1.38509078e-03 -8.68885782e-07 8.33319158e-09 -5.06910182e-06 -1.06201689e-08
0.3118004        6.45765817e-07 1.24525540e-03 -6.72900633e-07 6.37172142e-07 1.25044117e-03 -6.61934507e-07 8.59367490e-09 -5.18576628e-06 -1.09661265e-08
0.3124781        9.02731838e-07 1.30215171e-03 -9.98986559e-07 8.93813652e-07 1.30753064e-03 -9.87606856e-07 8.91818619e-09 -5.37892593e-06 -1.13797028e-08
0.3131559        4.43350250e-06 1.40883278e-03 -4.79640062e-06 4.42277119e-06 1.41443482e-03 -4.78303901e-06 1.07313067e-08 -5.60204099e-06 -1.33616171e-08
0.3138336        1.07297488e-06 9.50762694e-04 -1.22271902e-06 1.06185727e-06 9.56453437e-04 -1.20884474e-06 1.11176106e-08 -5.69074279e-06 -1.38742785e-08
0.3145114        8.07495228e-07 1.43375194e-03 -9.78961108e-07 7.96193381e-07 1.43961198e-03 -9.64813040e-07 1.13018474e-08 -5.86004550e-06 -1.41480677e-08
0.3151892        9.75742428e-07 1.23580181e-03 -1.17203720e-06 9.64195299e-07 1.24192319e-03 -1.15754641e-06 1.15471298e-08 -6.12138832e-06 -1.44907809e-08
0.3158669        -8.91860795e-08 8.98416729e-04 2.27905866e-07 -1.00631867e-07 9.04813888e-04 2.42281311e-07 1.14457879e-08 -6.39715894e-06 -1.43754450e-08
0.3165447        1.04915447e-06 1.87003650e-03 -1.29000820e-06 1.03745928e-06 1.87615354e-03 -1.27528856e-06 1.16951914e-08 -6.11704403e-06 -1.47196396e-08
0.3172224        8.66199868e-07 1.37076966e-03 -1.07603723e-06 8.54278066e-07 1.37700072e-03 -1.06101701e-06 1.19218021e-08 -6.23105803e-06 -1.50202137e-08
0.3179002        -1.27958401e-06 1.41589307e-03 1.71266332e-06 -1.29091342e-06 1.42231658e-03 1.72693413e-06 1.13294059e-08 -6.42351405e-06 -1.42708140e-08
0.3185779        8.44099545e-07 1.54129403e-03 -1.29950738e-06 8.32620149e-07 1.54791921e-03 -1.28493570e-06 1.14793965e-08 -6.62518282e-06 -1.45716865e-08
0.3192557        2.37134478e-06 9.53304766e-04 -2.56196166e-06 2.35890283e-06 9.60044350e-04 -2.54636647e-06 1.24419524e-08 -6.73958400e-06 -1.55951853e-08
0.3199335        -6.67432731e-07 1.57456771e-03 1.07415225e-06 -6.79581807e-07 1.58133253e-03 1.08931073e-06 1.21490760e-08 -6.76481689e-06 -1.51584827e-08
0.3206112        1.91452988e-06 1.58244061e-03 -2.46432194e-06 1.90173247e-06 1.58919630e-03 -2.44833766e-06 1.27974066e-08 -6.75568403e-06 -1.59842791e-08
0.321289         8.55846193e-07 1.41990668e-03 -1.00302164e-06 8.42796535e-07 1.42666797e-03 -9.86737116e-07 1.30496575e-08 -6.76128786e-06 -1.62845245e-08
0.3219667        2.81712053e-06 1.18112494e-03 -3.46201297e-06 2.80311333e-06 1.18831938e-03 -3.44454145e-06 1.40071948e-08 -7.19444299e-06 -1.74715208e-08
0.3226445        9.70555220e-07 1.41062600e-03 -1.16886836e-06 9.56294794e-07 1.41781684e-03 -1.15107819e-06 1.42604264e-08 -7.19084849e-06 -1.77901760e-08
0.3233222        7.45836924e-07 1.37536190e-03 -4.78165793e-07 7.31352201e-07 1.38261625e-03 -4.60237856e-07 1.44847231e-08 -7.25435647e-06 -1.79279374e-08
0.324            2.59084422e-07 1.37426899e-03 -3.04772589e-07 2.44683315e-07 1.38169260e-03 -2.86905827e-07 1.44011064e-08 -7.42361205e-06 -1.78667611e-08
0.3246792        -4.32159322e-07 1.73253430e-03 4.25506691e-07 -4.46194632e-07 1.73998176e-03 4.42999563e-07 1.40353101e-08 -7.44745305e-06 -1.74928720e-08
0.3253585        1.45916773e-06 1.52384908e-03 -1.61520923e-06 1.44479138e-06 1.53128701e-03 -1.59731987e-06 1.43763445e-08 -7.43793809e-06 -1.78893626e-08
0.3260377        7.96819327e-07 1.65986307e-03 -9.89914473e-07 7.82389535e-07 1.66731167e-03 -9.71931457e-07 1.44297923e-08 -7.44859191e-06 -1.79830154e-08
0.326717         2.33552949e-06 1.72055541e-03 -3.01633307e-06 2.32045586e-06 1.72806787e-03 -2.99751161e-06 1.50736278e-08 -7.51246779e-06 -1.88214588e-08
0.3273962        1.07259689e-06 1.09951598e-03 -1.35558798e-06 1.05732346e-06 1.10718697e-03 -1.33649119e-06 1.52734378e-08 -7.67098413e-06 -1.90967867e-08
0.3280755        -2.43153336e-06 1.74260658e-03 2.43840959e-06 -2.44550573e-06 1.75032355e-03 2.45618806e-06 1.39723771e-08 -7.71696709e-06 -1.77784717e-08
0.3287547        9.27391299e-08 1.67942613e-03 -1.44083492e-07 7.89275171e-08 1.68716384e-03 -1.26467578e-07 1.38116128e-08 -7.73770968e-06 -1.76159139e-08
0.329434         5.39033735e-07 1.58786467e-03 -6.52716117e-07 5.25219877e-07 1.59561545e-03 -6.35080446e-07 1.38138577e-08 -7.75077384e-06 -1.76356710e-08
0.3301132        5.20891983e-07 1.89013340e-03 -6.77025757e-07 5.07104311e-07 1.89794346e-03 -6.59383651e-07 1.37876723e-08 -7.81006281e-06 -1.76421066e-08
0.3307774        9.28834047e-07 1.27911031e-03 -1.08098649e-06 9.14874144e-07 1.28707270e-03 -1.06313227e-06 1.39599022e-08 -7.96239357e-06 -1.78542194e-08
0.331457         5.93494268e-07 1.53470094e-03 -7.41101571e-07 5.79508316e-07 1.54276596e-03 -7.23186000e-07 1.39859516e-08 -8.06502372e-06 -1.79155708e-08
0.3321366        6.68630319e-07 1.87439267e-03 -8.29606975e-07 6.54633195e-07 1.88249087e-03 -8.11644309e-07 1.39971232e-08 -8.09820209e-06 -1.79626657e-08
0.3328           9.40140715e-07 2.04063907e-03 -1.14416789e-06 9.26096715e-07 2.04860297e-03 -1.12611165e-06 1.40439994e-08 -7.96390232e-06 -1.80562481e-08
0.3334634        -1.37895728e-07 1.66177167e-03 3.46170833e-09 -1.51496104e-07 1.66975975e-03 2.10955519e-08 1.36003760e-08 -7.98808244e-06 -1.76338436e-08
0.3341268        1.36258053e-06 1.63427714e-03 -1.61571802e-06 1.34881626e-06 1.64240085e-03 -1.59786978e-06 1.37642696e-08 -8.12370308e-06 -1.78482421e-08
0.3347736        2.16068605e-06 1.57804261e-03 -2.64435905e-06 2.14648758e-06 1.58637882e-03 -2.62596588e-06 1.41984648e-08 -8.33620766e-06 -1.83931700e-08
0.3354205        -5.94792671e-07 1.65973022e-03 7.89590048e-07 -6.08448964e-07 1.66811439e-03 8.07315751e-07 1.36562928e-08 -8.38417139e-06 -1.77257031e-08
0.3360673        -5.74094080e-07 2.11331740e-03 6.87888865e-07 -5.87100336e-07 2.12144585e-03 7.04860739e-07 1.30062560e-08 -8.12844995e-06 -1.69718745e-08
0.3366971        7.84152680e-07 2.06642829e-03 -9.02396613e-07 7.71298512e-07 2.07444703e-03 -8.85601031e-07 1.28541682e-08 -8.01874237e-06 -1.67955815e-08
0.3373269        6.07347797e-07 1.57248423e-03 -7.60923166e-07 5.94717224e-07 1.58079591e-03 -7.44355211e-07 1.26305729e-08 -8.31167669e-06 -1.65679551e-08
0.3379567        1.27647547e-06 1.52274389e-03 -1.47437772e-06 1.26378572e-06 1.53133543e-03 -1.45772965e-06 1.26897420e-08 -8.59154046e-06 -1.66480700e-08
0.3385865        9.38474700e-07 1.91264316e-03 -1.09829531e-06 9.25856520e-07 1.92121017e-03 -1.08170726e-06 1.26181796e-08 -8.56701495e-06 -1.65880514e-08
0.3391983        1.12726391e-06 2.34477712e-03 -1.34548586e-06 1.11468308e-06 2.35305853e-03 -1.32890458e-06 1.25808238e-08 -8.28141577e-06 -1.65812857e-08
0.3398101        1.33367206e-06 1.72671191e-03 -1.53556224e-06 1.32113071e-06 1.73512034e-03 -1.51900024e-06 1.25413452e-08 -8.40843685e-06 -1.65620055e-08
0.340422         1.34738212e-06 1.99066077e-03 -1.61212352e-06 1.33490766e-06 1.99906996e-03 -1.59560166e-06 1.24744584e-08 -8.40919867e-06 -1.65218579e-08
0.3410338        1.15284765e-06 2.17966496e-03 -1.42438226e-06 1.14057992e-06 2.18803071e-03 -1.40805037e-06 1.22677235e-08 -8.36575173e-06 -1.63318887e-08
0.3416265        1.25103920e-06 1.82339471e-03 -1.49295276e-06 1.23892771e-06 1.83183188e-03 -1.47676442e-06 1.21114855e-08 -8.43716875e-06 -1.61883347e-08
0.3422192        -3.11601966e-08 1.66342110e-03 1.34964939e-07 -4.27019686e-08 1.67210947e-03 1.50512432e-07 1.15417720e-08 -8.68837295e-06 -1.55474929e-08
0.3428119        1.27449296e-06 1.57699921e-03 -1.30244549e-06 1.26304958e-06 1.58603412e-03 -1.28698157e-06 1.14433765e-08 -9.03490603e-06 -1.54639216e-08
0.3434046        1.49218865e-06 1.07952632e-03 -1.71557875e-06 1.48073302e-06 1.08889849e-03 -1.70002666e-06 1.14556284e-08 -9.37217006e-06 -1.55520903e-08
0.3439972        2.73804478e-06 1.43647866e-03 -3.35598447e-06 2.72610301e-06 1.44624285e-03 -3.33971032e-06 1.19417733e-08 -9.76418874e-06 -1.62741476e-08
0.3445899        -8.71233050e-07 1.59995499e-03 1.02474927e-06 -8.82399818e-07 1.61016328e-03 1.04025136e-06 1.11667678e-08 -1.02082836e-05 -1.55020851e-08
0.3451826        2.14582420e-06 1.59769744e-03 -2.41190520e-06 2.13450021e-06 1.60787257e-03 -2.39618822e-06 1.13239860e-08 -1.01751261e-05 -1.57169748e-08
0.3457753        -2.61520893e-06 1.46023730e-03 2.97568491e-06 -2.62506752e-06 1.47074108e-03 2.98990159e-06 9.85859246e-09 -1.05037852e-05 -1.42166853e-08
0.3463443        6.21501411e-06 1.27339456e-03 -6.94918725e-06 6.20342533e-06 1.28447903e-03 -6.93294272e-06 1.15887845e-08 -1.10844745e-05 -1.62445269e-08
0.3469133        2.22522628e-06 1.46121684e-03 -2.54921440e-06 2.21337272e-06 1.47245659e-03 -2.53254307e-06 1.18535617e-08 -1.12397489e-05 -1.66713302e-08
0.3474823        1.70848066e-07 1.45618518e-03 -2.55884281e-07 1.59473540e-07 1.46766939e-03 -2.39616478e-07 1.13745256e-08 -1.14842058e-05 -1.62678029e-08
0.3480513        2.22018500e-06 1.32916109e-03 -2.53109842e-06 2.20857241e-06 1.34104415e-03 -2.51445686e-06 1.16125836e-08 -1.18830597e-05 -1.66415673e-08
0.3486203        -7.64784247e-07 1.78466308e-03 1.70739916e-06 -7.75714073e-07 1.79661207e-03 1.72314189e-06 1.09298260e-08 -1.19489960e-05 -1.57427344e-08
0.3491893        5.14680335e-06 1.69988656e-03 -6.55252087e-06 5.13468989e-06 1.71198484e-03 -6.53515209e-06 1.21134581e-08 -1.20982827e-05 -1.73687809e-08
0.3497582        2.21865455e-06 8.96118602e-04 -2.65915859e-06 2.20625319e-06 9.08774124e-04 -2.64131855e-06 1.24013615e-08 -1.26555225e-05 -1.78400348e-08
0.3503272        2.36806715e-06 1.64869546e-03 -2.73075549e-06 2.35534200e-06 1.66148166e-03 -2.71244021e-06 1.27251518e-08 -1.27861998e-05 -1.83152803e-08
0.3508962        1.12772306e-06 1.90270856e-03 -1.20147568e-06 1.11508127e-06 1.91554399e-03 -1.18318427e-06 1.26417888e-08 -1.28354281e-05 -1.82914039e-08
0.3514652        -8.96839779e-07 9.27535912e-04 1.82923545e-06 -9.08850175e-07 9.40912535e-04 1.84671181e-06 1.20103961e-08 -1.33766234e-05 -1.74763612e-08
0.3520342        2.56814490e-06 1.43886053e-03 -2.94560582e-06 2.55562528e-06 1.45246757e-03 -2.92740220e-06 1.25196246e-08 -1.36070403e-05 -1.82036199e-08
0.3526032        -1.00277740e-06 1.92878201e-03 1.97451933e-06 -1.01468661e-06 1.94240117e-03 1.99194273e-06 1.19092148e-08 -1.36191654e-05 -1.74233969e-08
0.3531722        -1.03873855e-07 1.57187188e-03 8.57390476e-07 -1.15474954e-07 1.58567216e-03 8.74442057e-07 1.16010991e-08 -1.38002851e-05 -1.70515814e-08
0.3537411        1.78195210e-06 1.49940688e-03 -2.31649212e-06 1.77008899e-06 1.51338900e-03 -2.29890525e-06 1.18631065e-08 -1.39821210e-05 -1.75868685e-08
0.3543101        2.32073831e-06 1.49225145e-03 -2.53947099e-06 2.30840929e-06 1.50640223e-03 -2.52124771e-06 1.23290290e-08 -1.41507828e-05 -1.82232791e-08
0.3548791        -3.25363501e-06 1.76764467e-03 5.36080700e-06 -3.26461093e-06 1.78200602e-03 5.37721292e-06 1.09759235e-08 -1.43613454e-05 -1.64059199e-08
0.3554481        5.37719745e-06 1.72407251e-03 -7.45188970e-06 5.36486747e-06 1.73864690e-03 -7.43349890e-06 1.23299845e-08 -1.45743916e-05 -1.83907902e-08
0.3559539        -5.53667311e-06 1.21707805e-03 6.88489260e-06 -5.54715359e-06 1.23174877e-03 6.90115522e-06 1.04804745e-08 -1.46707179e-05 -1.62626195e-08
0.3564596        9.42071748e-06 1.62902894e-03 -1.16016074e-05 9.40792265e-06 1.64383614e-03 -1.15824380e-05 1.27948252e-08 -1.48072071e-05 -1.91694054e-08
0.3569654        1.08340434e-06 1.87657211e-03 -1.58465187e-06 1.07082664e-06 1.89159222e-03 -1.56558739e-06 1.25777031e-08 -1.50201183e-05 -1.90644764e-08
0.3574712        2.84143695e-06 1.57632132e-03 -3.42703578e-06 2.82844966e-06 1.59151802e-03 -3.40743663e-06 1.29872898e-08 -1.51966990e-05 -1.95991550e-08
0.3579769        3.28990994e-06 1.52431787e-03 -4.18778880e-06 3.27641048e-06 1.53967367e-03 -4.16748073e-06 1.34994626e-08 -1.53558000e-05 -2.03080722e-08
0.3584827        3.01721131e-06 1.56525941e-03 -3.37551140e-06 3.00326707e-06 1.58076631e-03 -3.35466724e-06 1.39442322e-08 -1.55069011e-05 -2.08441520e-08
0.3589885        -2.03961383e-06 1.62353429e-03 2.19347995e-06 -2.05255811e-06 1.63918481e-03 2.21321769e-06 1.29442783e-08 -1.56505282e-05 -1.97377472e-08
0.3594942        5.70204470e-06 1.45700363e-03 -7.81009267e-06 5.68795338e-06 1.47284629e-03 -7.78875375e-06 1.40913203e-08 -1.58426622e-05 -2.13389128e-08
0.36             -3.37855117e-06 1.74271265e-03 4.33268040e-06 -3.39118059e-06 1.75862387e-03 4.35227149e-06 1.26294161e-08 -1.59112228e-05 -1.95910916e-08
0.3605217        2.23508749e-07 2.13671718e-03 -1.37794776e-07 2.11329323e-07 2.15244757e-03 -1.18735988e-07 1.21794254e-08 -1.57303833e-05 -1.90587880e-08
0.3610359        1.11441888e-06 1.71686754e-03 -1.29409813e-06 1.10239663e-06 1.73278340e-03 -1.27520849e-06 1.20222534e-08 -1.59158545e-05 -1.88896447e-08
0.3615501        8.47598789e-07 1.47403783e-03 -9.97084085e-07 8.35785841e-07 1.49030715e-03 -9.78438356e-07 1.18129479e-08 -1.62693190e-05 -1.86457287e-08
0.3620643        1.13198174e-06 1.33385720e-03 -1.31056971e-06 1.12026446e-06 1.35024540e-03 -1.29204761e-06 1.17172794e-08 -1.63881986e-05 -1.85221024e-08
0.3625784        -4.46777038e-07 1.36309862e-03 8.12848956e-07 -4.57975486e-07 1.37956998e-03 8.30677424e-07 1.11984478e-08 -1.64713560e-05 -1.78284679e-08
0.3630926        7.53014014e-07 2.38467858e-03 -7.79684523e-08 7.42057846e-07 2.40106058e-03 -6.06295158e-08 1.09561682e-08 -1.63820052e-05 -1.73389365e-08
0.3635989        9.00392617e-07 2.02623293e-03 -8.82878913e-07 8.89669405e-07 2.04268578e-03 -8.65867985e-07 1.07232125e-08 -1.64528471e-05 -1.70109276e-08
0.3641052        3.08829360e-06 1.10945996e-03 -3.58647560e-06 3.07715625e-06 1.12625100e-03 -3.56902559e-06 1.11373537e-08 -1.67910363e-05 -1.74500095e-08
0.3646114        1.57891389e-06 1.50138569e-03 -2.17023349e-06 1.56778367e-06 1.51826116e-03 -2.15273183e-06 1.11302192e-08 -1.68754650e-05 -1.75016598e-08
0.3651177        9.68532576e-07 1.67857222e-03 -1.13293901e-06 9.57596037e-07 1.69543303e-03 -1.11568479e-06 1.09365387e-08 -1.68608039e-05 -1.72542205e-08
0.365624         4.29448005e-07 1.92010471e-03 -5.60199964e-07 4.18872857e-07 1.93701702e-03 -5.43364110e-07 1.05751488e-08 -1.69123059e-05 -1.68358539e-08
0.3661219        7.95447797e-07 2.03192594e-03 -1.00669626e-06 7.85143035e-07 2.04889447e-03 -9.90210667e-07 1.03047623e-08 -1.69685317e-05 -1.64855948e-08
0.3666199        7.26957390e-07 1.67191175e-03 -9.14529438e-07 7.16968987e-07 1.68904953e-03 -8.98491160e-07 9.98840368e-09 -1.71377852e-05 -1.60382783e-08
0.3671179        -1.10667113e-06 1.58603758e-03 1.79915829e-06 -1.11587959e-06 1.60331103e-03 1.81409639e-06 9.20845967e-09 -1.72734461e-05 -1.49381014e-08
0.3676158        -4.89186158e-07 1.70220226e-03 4.63690965e-07 -4.97811424e-07 1.71947813e-03 4.77910671e-07 8.62526609e-09 -1.72758747e-05 -1.42197064e-08
