# Force         
# CofR          : (6.34500000e-02 0.00000000e+00 4.00000000e-03)
#
# Time          	total_x total_y total_z	pressure_x pressure_y pressure_z	viscous_x viscous_y viscous_z
0.8752648        6.22749536e-02 4.40223763e-05 -1.15456050e-01 6.41981642e-02 4.11589084e-05 -1.13956175e-01 -1.92321060e-03 2.86346785e-06 -1.49987491e-03
0.8755215        1.57978052e-02 9.38483269e-06 -4.09894845e-02 1.77229435e-02 6.52222124e-06 -3.94800217e-02 -1.92513827e-03 2.86261144e-06 -1.50946283e-03
0.875776         -5.64983346e-02 1.83433203e-06 7.46984742e-02 -5.45600412e-02 -1.04239377e-06 7.61932249e-02 -1.93829337e-03 2.87672581e-06 -1.49475076e-03
0.8760359        -4.74973697e-02 1.43562885e-05 6.05148082e-02 -4.55502220e-02 1.14468760e-05 6.20019819e-02 -1.94714769e-03 2.90941257e-06 -1.48717372e-03
0.8763002        2.15752237e-02 3.20458427e-05 -5.19677213e-02 2.35239546e-02 2.90971336e-05 -5.04584439e-02 -1.94873087e-03 2.94870904e-06 -1.50927742e-03
0.8765601        5.04648009e-02 2.59416967e-05 -1.00854125e-01 5.24178822e-02 2.29683510e-05 -9.93122859e-02 -1.95308130e-03 2.97334565e-06 -1.54183889e-03
0.876812         1.11421075e-02 2.01558767e-05 -3.24861384e-02 1.30953329e-02 1.71680771e-05 -3.09383342e-02 -1.95322535e-03 2.98779960e-06 -1.54780422e-03
0.8770624        -2.69822401e-02 6.14381333e-06 3.62386114e-02 -2.50387721e-02 3.14261033e-06 3.77690912e-02 -1.94346800e-03 3.00120300e-06 -1.53047984e-03
0.8773169        -1.27569942e-02 1.05038065e-05 1.08660014e-02 -1.08200223e-02 7.48597233e-06 1.23917078e-02 -1.93697182e-03 3.01783418e-06 -1.52570632e-03
0.8775731        2.70931473e-02 2.75805749e-05 -6.32479670e-02 2.90395378e-02 2.45416574e-05 -6.16965577e-02 -1.94639053e-03 3.03891748e-06 -1.55140926e-03
0.8778239        4.21392996e-02 2.85042601e-05 -9.13932365e-02 4.41011777e-02 2.54377821e-05 -8.98087023e-02 -1.96187818e-03 3.06647800e-06 -1.58453415e-03
0.8780678        8.49081914e-03 1.67238131e-05 -2.89151554e-02 1.04548034e-02 1.36354865e-05 -2.73257639e-02 -1.96398422e-03 3.08832664e-06 -1.58939149e-03
0.8783107        -2.44757723e-02 4.05723073e-06 3.25887268e-02 -2.25227235e-02 9.50276773e-07 3.41605238e-02 -1.95304881e-03 3.10695396e-06 -1.57179709e-03
0.878557         -1.13351842e-02 7.74148005e-06 8.57912625e-03 -9.38845348e-03 4.61986254e-06 1.01459981e-02 -1.94673074e-03 3.12161751e-06 -1.56687180e-03
0.8788049        2.18185945e-02 2.27886138e-05 -5.24919152e-02 2.37718093e-02 1.96525168e-05 -5.09054721e-02 -1.95321480e-03 3.13609702e-06 -1.58644309e-03
0.8790482        4.07528735e-02 1.61213611e-05 -8.57838555e-02 4.27165617e-02 1.29787077e-05 -8.41697647e-02 -1.96368817e-03 3.14265337e-06 -1.61409082e-03
0.8792854        6.13823526e-03 1.26777887e-05 -2.61851408e-02 8.10720649e-03 9.52863805e-06 -2.45654348e-02 -1.96897123e-03 3.14915067e-06 -1.61970599e-03
0.8795216        -4.38385075e-02 -3.39284113e-06 5.77600492e-02 -4.18683230e-02 -6.54372885e-06 5.93628285e-02 -1.97018455e-03 3.15088771e-06 -1.60277925e-03
0.8797621        -4.04093613e-02 -2.13455423e-06 5.16813875e-02 -3.84380861e-02 -5.29336636e-06 5.32731605e-02 -1.97127521e-03 3.15881213e-06 -1.59177297e-03
0.880006         5.96292382e-02 2.54678787e-05 -1.09638491e-01 6.15970247e-02 2.23076276e-05 -1.08015644e-01 -1.96778652e-03 3.16025104e-06 -1.62284705e-03
0.8802431        1.36329909e-01 3.88180157e-05 -2.34090249e-01 1.38295641e-01 3.56498085e-05 -2.32410808e-01 -1.96573221e-03 3.16820726e-06 -1.67944103e-03
0.880467         6.86888970e-02 2.72577534e-05 -1.24097442e-01 7.06558561e-02 2.40666451e-05 -1.22398895e-01 -1.96695908e-03 3.19110828e-06 -1.69854697e-03
0.8806859        -3.81757407e-02 -2.64723062e-06 5.15002432e-02 -3.62101510e-02 -5.87686030e-06 5.31743486e-02 -1.96558969e-03 3.22962967e-06 -1.67410545e-03
0.8809089        -6.91488262e-02 -1.24270696e-05 1.03393050e-01 -6.71891848e-02 -1.56782549e-05 1.05034709e-01 -1.95964142e-03 3.25118531e-06 -1.64165869e-03
0.881138         8.50030221e-03 1.15049849e-05 -2.51280586e-02 1.04568479e-02 8.26680259e-06 -2.34795475e-02 -1.95654571e-03 3.23818233e-06 -1.64851115e-03
0.8813657        9.66343817e-02 3.63026043e-05 -1.71360320e-01 9.85944652e-02 3.30779784e-05 -1.69667288e-01 -1.96008344e-03 3.22462587e-06 -1.69303151e-03
0.8815841        1.02036406e-01 3.66306890e-05 -1.79791322e-01 1.04001253e-01 3.34160844e-05 -1.78060620e-01 -1.96484698e-03 3.21460455e-06 -1.73070171e-03
0.8817945        2.24282620e-02 2.17455409e-05 -5.05188686e-02 2.43984178e-02 1.85209647e-05 -4.87854472e-02 -1.97015577e-03 3.22457612e-06 -1.73342142e-03
0.8820037        -5.59173598e-02 -7.29707468e-06 7.55362933e-02 -5.39420360e-02 -1.05531843e-05 7.72469138e-02 -1.97532389e-03 3.25610966e-06 -1.71062043e-03
0.8822171        -4.59368948e-02 -7.42289194e-06 5.89843336e-02 -4.39577262e-02 -1.06844927e-05 6.06817428e-02 -1.97916860e-03 3.26160076e-06 -1.69740915e-03
0.8824336        4.09709508e-02 1.76627888e-05 -7.68425114e-02 4.29457031e-02 1.44072046e-05 -7.51287384e-02 -1.97475226e-03 3.25558422e-06 -1.71377302e-03
0.8826465        1.26744355e-01 4.01766111e-05 -2.10544802e-01 1.28709228e-01 3.69397948e-05 -2.08791706e-01 -1.96487287e-03 3.23681632e-06 -1.75309581e-03
0.8828503        1.09390944e-01 3.70720271e-05 -1.83607811e-01 1.11351130e-01 3.38810372e-05 -1.81828269e-01 -1.96018647e-03 3.19098993e-06 -1.77954217e-03
0.8830478        2.22354918e-02 -8.13583161e-07 -4.79676039e-02 2.41993834e-02 -3.97764694e-06 -4.61895072e-02 -1.96389160e-03 3.16406378e-06 -1.77809668e-03
0.8832447        -6.32715773e-02 -2.17808916e-05 8.52109621e-02 -6.12988119e-02 -2.49289169e-05 8.69660436e-02 -1.97276541e-03 3.14802529e-06 -1.75508145e-03
0.8834457        -5.75933332e-02 -1.78495900e-05 7.66398985e-02 -5.56151481e-02 -2.09781097e-05 7.83785303e-02 -1.97818501e-03 3.12851966e-06 -1.73863186e-03
0.8836498        4.97479897e-02 1.49153254e-05 -9.00520876e-02 5.17215968e-02 1.18287208e-05 -8.82956274e-02 -1.97360709e-03 3.08660460e-06 -1.75646022e-03
0.8838504        1.66073828e-01 4.57366660e-05 -2.70376889e-01 1.68035341e-01 4.27172315e-05 -2.68572883e-01 -1.96151331e-03 3.01943447e-06 -1.80400613e-03
0.8840418        1.79962065e-01 4.86595707e-05 -2.91383246e-01 1.81913875e-01 4.57296510e-05 -2.89538120e-01 -1.95181059e-03 2.92991970e-06 -1.84512585e-03
0.884225         6.76769125e-02 1.90468988e-05 -1.19284396e-01 6.96332312e-02 1.61804044e-05 -1.17431923e-01 -1.95631872e-03 2.86649439e-06 -1.85247310e-03
0.8844059        -5.16583193e-02 -1.76614489e-05 6.32939933e-02 -4.96868327e-02 -2.04755145e-05 6.51274671e-02 -1.97148663e-03 2.81406559e-06 -1.83347383e-03
0.8845893        -1.12263769e-01 -3.61262524e-05 1.54519834e-01 -1.10272116e-01 -3.89034877e-05 1.56326904e-01 -1.99165351e-03 2.77723522e-06 -1.80707002e-03
0.8847776        -1.86032165e-02 -1.03205796e-05 1.33302677e-02 -1.66071005e-02 -1.30557257e-05 1.51372318e-02 -1.99611598e-03 2.73514615e-06 -1.80696412e-03
0.8849662        1.08435356e-01 2.41292749e-05 -1.76975759e-01 1.10417774e-01 2.14664737e-05 -1.75142016e-01 -1.98241746e-03 2.66280114e-06 -1.83374299e-03
0.8851497        2.20210597e-01 5.55100130e-05 -3.44415985e-01 2.22167349e-01 5.29347568e-05 -3.42537629e-01 -1.95675179e-03 2.57525622e-06 -1.87835576e-03
0.8853247        1.74821099e-01 3.44897459e-05 -2.76496021e-01 1.76764686e-01 3.20126078e-05 -2.74591452e-01 -1.94358719e-03 2.47713811e-06 -1.90456892e-03
0.8854941        5.49365092e-02 1.96415934e-06 -9.71309118e-02 5.68847623e-02 -4.45113304e-07 -9.52263799e-02 -1.94825317e-03 2.40927264e-06 -1.90453185e-03
0.8856625        -6.35957250e-02 -3.38840556e-05 8.02713103e-02 -6.16294123e-02 -3.62502960e-05 8.21558391e-02 -1.96631270e-03 2.36624035e-06 -1.88452884e-03
0.8858334        -1.13134173e-01 -4.46352015e-05 1.55422567e-01 -1.11148287e-01 -4.69740272e-05 1.57281729e-01 -1.98588610e-03 2.33882569e-06 -1.85916177e-03
0.8860085        -1.91188026e-02 -1.55808488e-05 1.41160435e-02 -1.71279065e-02 -1.78950832e-05 1.59742332e-02 -1.99089607e-03 2.31423441e-06 -1.85818973e-03
0.8861839        1.00649718e-01 8.75307653e-06 -1.66564368e-01 1.02632277e-01 6.49873410e-06 -1.64681813e-01 -1.98255864e-03 2.25434244e-06 -1.88255458e-03
0.8863553        2.13356341e-01 4.32687610e-05 -3.37522097e-01 2.15322127e-01 4.10906092e-05 -3.35595467e-01 -1.96578561e-03 2.17815184e-06 -1.92663066e-03
0.8865198        1.97596577e-01 3.94573423e-05 -3.15234162e-01 1.99554103e-01 3.73511309e-05 -3.13273909e-01 -1.95752535e-03 2.10621143e-06 -1.96025290e-03
0.8866787        1.04740622e-01 1.49208277e-05 -1.71899821e-01 1.06697622e-01 1.28685861e-05 -1.69931711e-01 -1.95700050e-03 2.05224159e-06 -1.96811000e-03
0.8868357        1.08115788e-02 -1.16357476e-05 -2.62676018e-02 1.27722844e-02 -1.36576167e-05 -2.43118740e-02 -1.96070554e-03 2.02186905e-06 -1.95572774e-03
0.886993         -6.90253068e-02 -3.89579077e-05 9.79980543e-02 -6.70594656e-02 -4.09604335e-05 9.99262358e-02 -1.96584126e-03 2.00252587e-06 -1.92818145e-03
0.8871533        -3.96173732e-02 -3.47793415e-05 5.31380983e-02 -3.76513117e-02 -3.67422933e-05 5.50500603e-02 -1.96606149e-03 1.96295176e-06 -1.91196196e-03
0.8873267        5.01376195e-02 3.75445960e-06 -8.73179163e-02 5.20999223e-02 1.83973107e-06 -8.53968406e-02 -1.96230274e-03 1.91472853e-06 -1.92107573e-03
0.8875           1.50825657e-01 2.69839701e-05 -2.44839670e-01 1.52781940e-01 2.51411786e-05 -2.42884296e-01 -1.95628285e-03 1.84279154e-06 -1.95537349e-03
0.8876562        2.43880789e-01 4.41117547e-05 -3.88371396e-01 2.45828564e-01 4.23298191e-05 -3.86369737e-01 -1.94777492e-03 1.78193563e-06 -2.00165898e-03
0.8878064        1.82353080e-01 2.76677200e-05 -2.92839831e-01 1.84298659e-01 2.59360583e-05 -2.90813792e-01 -1.94557827e-03 1.73166173e-06 -2.02603896e-03
0.8879529        7.76525352e-02 -4.60105976e-06 -1.33271573e-01 7.96048093e-02 -6.30640866e-06 -1.31243161e-01 -1.95227401e-03 1.70534889e-06 -2.02841191e-03
0.8880984        -2.60114699e-02 -3.51004119e-05 2.47716834e-02 -2.40461490e-02 -3.67957671e-05 2.67849288e-02 -1.96532091e-03 1.69535518e-06 -2.01324543e-03
0.8882451        -1.15458668e-01 -6.03440371e-05 1.59520649e-01 -1.13474109e-01 -6.20275656e-05 1.61507049e-01 -1.98455915e-03 1.68352851e-06 -1.98639993e-03
0.8883947        -7.59249214e-02 -4.63805373e-05 9.86565417e-02 -7.39265738e-02 -4.80354399e-05 1.00629596e-01 -1.99834758e-03 1.65490251e-06 -1.97305388e-03
0.8885463        3.69739412e-02 -1.80140340e-05 -6.88342707e-02 3.89705239e-02 -1.96220189e-05 -6.68543248e-02 -1.99658269e-03 1.60798491e-06 -1.97994583e-03
0.8886971        1.57231422e-01 3.70469822e-05 -2.47267909e-01 1.59212520e-01 3.54864996e-05 -2.45263645e-01 -1.98109796e-03 1.56048264e-06 -2.00426407e-03
0.8888446        2.70798580e-01 4.40418149e-05 -4.15760259e-01 2.72753774e-01 4.25308375e-05 -4.13718556e-01 -1.95519321e-03 1.51097742e-06 -2.04170301e-03
0.8889867        2.57386836e-01 2.66931500e-05 -3.95920581e-01 2.59323226e-01 2.52151980e-05 -3.93850913e-01 -1.93639003e-03 1.47795208e-06 -2.06966819e-03
0.8891248        1.49971790e-01 2.07947763e-05 -2.36597775e-01 1.51904955e-01 1.93159302e-05 -2.34520085e-01 -1.93316489e-03 1.47884604e-06 -2.07768950e-03
0.889261         3.96940028e-02 -1.90153777e-05 -7.28975849e-02 4.16359365e-02 -2.04919489e-05 -7.08270082e-02 -1.94193375e-03 1.47657124e-06 -2.07057668e-03
0.8893974        -6.95129369e-02 -3.76126723e-05 8.93351505e-02 -6.75521180e-02 -3.91002433e-05 9.13857956e-02 -1.96081888e-03 1.48757102e-06 -2.05064504e-03
0.8895355        -1.34456707e-01 -6.29717452e-05 1.86809421e-01 -1.32473706e-01 -6.44481441e-05 1.88834097e-01 -1.98300129e-03 1.47639890e-06 -2.02467616e-03
0.8896764        -4.70859498e-02 -6.97282743e-05 5.68195510e-02 -4.50939025e-02 -7.11900036e-05 5.88362891e-02 -1.99204737e-03 1.46172930e-06 -2.01673811e-03
0.8898183        7.73746647e-02 9.42636306e-07 -1.29199147e-01 7.93618858e-02 -4.96951432e-07 -1.27169912e-01 -1.98722106e-03 1.43958774e-06 -2.02923490e-03
0.8899591        2.08271267e-01 4.79339888e-05 -3.25005609e-01 2.10241627e-01 4.65190599e-05 -3.22945992e-01 -1.97036010e-03 1.41492891e-06 -2.05961727e-03
0.8900963        3.31088458e-01 5.71099172e-05 -5.09254109e-01 3.33033414e-01 5.57190417e-05 -5.07150357e-01 -1.94495606e-03 1.39087552e-06 -2.10375209e-03
0.8902285        3.11266129e-01 5.94399858e-05 -4.80190367e-01 3.13193855e-01 5.80552318e-05 -4.78053255e-01 -1.92772578e-03 1.38475401e-06 -2.13711204e-03
0.8903568        1.86475995e-01 7.51257960e-06 -2.92521938e-01 1.88400947e-01 6.12304716e-06 -2.90374779e-01 -1.92495223e-03 1.38953244e-06 -2.14715847e-03
0.8904832        5.85377665e-02 2.68127197e-05 -9.99266810e-02 6.04707721e-02 2.53861099e-05 -9.77874946e-02 -1.93300557e-03 1.42660985e-06 -2.13918640e-03
0.8906097        -6.73668263e-02 -3.46334601e-05 8.99506806e-02 -6.54169869e-02 -3.60667870e-05 9.20665659e-02 -1.94983938e-03 1.43332687e-06 -2.11588523e-03
0.8907376        -1.58518040e-01 -7.50779122e-05 2.27928438e-01 -1.56546777e-01 -7.65063438e-05 2.30011638e-01 -1.97126322e-03 1.42843161e-06 -2.08320089e-03
0.8908683        -9.47583897e-02 -5.63999029e-05 1.32105276e-01 -9.27752685e-02 -5.78446981e-05 1.34170537e-01 -1.98312117e-03 1.44479527e-06 -2.06526084e-03
0.8910008        1.61545147e-02 -2.44652832e-05 -3.55258756e-02 1.81385242e-02 -2.59181790e-05 -3.34593907e-02 -1.98400951e-03 1.45289583e-06 -2.06648486e-03
0.8911332        1.32757505e-01 8.50921965e-06 -2.11963966e-01 1.34733058e-01 7.06047543e-06 -2.09879267e-01 -1.97555249e-03 1.44874422e-06 -2.08469885e-03
0.8912637        2.52421592e-01 4.07764878e-05 -3.93232570e-01 2.54380810e-01 3.93430949e-05 -3.91114657e-01 -1.95921795e-03 1.43339289e-06 -2.11791266e-03
0.8913909        3.04897506e-01 5.52416776e-05 -4.72755035e-01 3.06839863e-01 5.38151599e-05 -4.70602118e-01 -1.94235625e-03 1.42651765e-06 -2.15291718e-03
0.8915145        2.33234710e-01 3.21521784e-05 -3.64375076e-01 2.35169929e-01 3.07173070e-05 -3.62203567e-01 -1.93521932e-03 1.43487149e-06 -2.17150864e-03
0.8916357        1.50563464e-01 4.24064400e-06 -2.39305359e-01 1.52499273e-01 2.78744108e-06 -2.37128338e-01 -1.93580887e-03 1.45320291e-06 -2.17702047e-03
0.8917558        6.84365700e-02 -6.36374987e-06 -1.14841663e-01 7.03789213e-02 -7.85446695e-06 -1.12669624e-01 -1.94235131e-03 1.49071708e-06 -2.17203944e-03
0.8918758        -1.33194220e-02 -3.70976979e-05 9.41054692e-03 -1.13655553e-02 -3.86209172e-05 1.15683471e-02 -1.95386672e-03 1.52321925e-06 -2.15780014e-03
0.8919968        -5.91364583e-02 -6.10751020e-05 7.94539636e-02 -5.71699722e-02 -6.26293972e-05 8.15938977e-02 -1.96648609e-03 1.55429515e-06 -2.13993418e-03
0.8921191        -8.73126432e-03 -4.39056823e-05 3.34315702e-03 -6.75861905e-03 -4.54931420e-05 5.47573343e-03 -1.97264527e-03 1.58745973e-06 -2.13257642e-03
0.8922421        5.83852611e-02 -3.64873393e-05 -9.89973366e-02 6.03584103e-02 -3.80761925e-05 -9.68613018e-02 -1.97314924e-03 1.58885326e-06 -2.13603479e-03
0.8923648        1.28130094e-01 4.10639667e-06 -2.05451626e-01 1.30099120e-01 2.53095875e-06 -2.03302739e-01 -1.96902642e-03 1.57543792e-06 -2.14888626e-03
0.8924863        1.99393609e-01 3.98176141e-05 -3.14385758e-01 2.01354721e-01 3.82608725e-05 -3.12215720e-01 -1.96111196e-03 1.55674153e-06 -2.17003814e-03
0.8926056        2.57238298e-01 4.56370005e-05 -4.04306379e-01 2.59190628e-01 4.40873104e-05 -4.02109165e-01 -1.95233052e-03 1.54969020e-06 -2.19721435e-03
0.8927224        2.28387600e-01 3.66589174e-05 -3.61148123e-01 2.30336368e-01 3.50877121e-05 -3.58931611e-01 -1.94876783e-03 1.57120531e-06 -2.21651198e-03
0.8928371        1.63116053e-01 1.27030768e-05 -2.59291344e-01 1.65065080e-01 1.10968138e-05 -2.57067974e-01 -1.94902715e-03 1.60626307e-06 -2.22336920e-03
0.8929508        9.67078880e-02 -1.25062966e-05 -1.55459771e-01 9.86596675e-02 -1.41675736e-05 -1.53239671e-01 -1.95177953e-03 1.66127696e-06 -2.22009974e-03
0.8930642        3.05154701e-02 -3.67615738e-05 -5.17029380e-02 3.24717220e-02 -3.84775143e-05 -4.94950192e-02 -1.95625187e-03 1.71594057e-06 -2.20791876e-03
0.8931779        -3.37534012e-02 -6.16143413e-05 4.92362418e-02 -3.17914985e-02 -6.33765019e-05 5.14239314e-02 -1.96190266e-03 1.76216056e-06 -2.18768967e-03
0.8932929        -4.05613271e-02 -5.93113286e-05 6.01731731e-02 -3.85953906e-02 -6.11184420e-05 6.23425137e-02 -1.96593647e-03 1.80711337e-06 -2.16934054e-03
0.893409         1.93471328e-02 -3.72647710e-05 -3.33243802e-02 2.13130673e-02 -3.90831414e-05 -3.11613752e-02 -1.96593445e-03 1.81837040e-06 -2.16300496e-03
0.8935255        8.68840383e-02 -1.70865525e-05 -1.39193568e-01 8.88470273e-02 -1.89026315e-05 -1.37025932e-01 -1.96298901e-03 1.81607899e-06 -2.16763532e-03
0.8936415        1.56541135e-01 2.57130720e-06 -2.48464013e-01 1.58499027e-01 7.64730401e-07 -2.46281895e-01 -1.95789162e-03 1.80657679e-06 -2.18211866e-03
0.8937562        2.26976649e-01 5.02933275e-05 -3.59024941e-01 2.28927905e-01 4.84940133e-05 -3.56819465e-01 -1.95125665e-03 1.79931416e-06 -2.20547578e-03
0.893869         2.70943860e-01 6.12031323e-05 -4.26940164e-01 2.72887331e-01 5.94065917e-05 -4.24708915e-01 -1.94347138e-03 1.79654058e-06 -2.23124881e-03
0.8939796        2.29676243e-01 2.61560955e-05 -3.62243595e-01 2.31615857e-01 2.43538360e-05 -3.59996936e-01 -1.93961356e-03 1.80225950e-06 -2.24665829e-03
0.8940885        1.68621435e-01 8.00884375e-06 -2.68118614e-01 1.70561992e-01 6.16791608e-06 -2.65865916e-01 -1.94055666e-03 1.84092768e-06 -2.25269863e-03
0.8941966        1.06827187e-01 -2.84860670e-05 -1.72649195e-01 1.08772364e-01 -3.03770229e-05 -1.70398085e-01 -1.94517733e-03 1.89095594e-06 -2.25110992e-03
0.8943043        4.54446611e-02 -2.85147853e-05 -7.75987720e-02 4.73974503e-02 -3.04524688e-05 -7.53559406e-02 -1.95278920e-03 1.93768348e-06 -2.24283141e-03
0.8944123        -1.52259214e-02 -5.53960039e-05 1.63477039e-02 -1.32628187e-02 -5.73659770e-05 1.85762839e-02 -1.96310266e-03 1.96997311e-06 -2.22857993e-03
0.8945212        -2.90610176e-02 -5.89320016e-05 3.61981830e-02 -2.70869832e-02 -6.09307271e-05 3.84145003e-02 -1.97403433e-03 1.99872557e-06 -2.21631732e-03
0.8946309        2.21948624e-02 -4.05067126e-05 -4.20644788e-02 2.41741060e-02 -4.25199024e-05 -3.98521362e-02 -1.97924366e-03 2.01318985e-06 -2.21234259e-03
0.894741         8.13873247e-02 -2.17591906e-05 -1.32176496e-01 8.33660456e-02 -2.37762377e-05 -1.29961213e-01 -1.97872091e-03 2.01704712e-06 -2.21528325e-03
0.8948508        1.42321112e-01 4.87793901e-06 -2.24692389e-01 1.44294262e-01 2.86092515e-06 -2.22468229e-01 -1.97314973e-03 2.01701386e-06 -2.22415979e-03
0.8949597        2.03837930e-01 2.16700166e-05 -3.18111552e-01 2.05801044e-01 1.96569806e-05 -3.15873292e-01 -1.96311372e-03 2.01303604e-06 -2.23825982e-03
0.8950674        2.63890334e-01 4.14056650e-05 -4.09985464e-01 2.65839945e-01 3.94006648e-05 -4.07728478e-01 -1.94961104e-03 2.00500019e-06 -2.25698641e-03
0.8951733        2.65127877e-01 3.96363198e-05 -4.12873054e-01 2.67066936e-01 3.76281237e-05 -4.10599871e-01 -1.93905848e-03 2.00819615e-06 -2.27318278e-03
0.8952776        2.05660308e-01 2.55390857e-05 -3.21648558e-01 2.07595254e-01 2.35147178e-05 -3.19368401e-01 -1.93494622e-03 2.02436791e-06 -2.28015650e-03
0.8953808        1.42018280e-01 -1.24657510e-06 -2.23636674e-01 1.43954173e-01 -3.30306199e-06 -2.21357010e-01 -1.93589328e-03 2.05648688e-06 -2.27966416e-03
0.8954837        7.83118209e-02 -2.43182588e-05 -1.25343922e-01 8.02528640e-02 -2.64055358e-05 -1.23071055e-01 -1.94104314e-03 2.08727698e-06 -2.27286654e-03
0.8955866        1.45408587e-02 -4.85306092e-05 -2.67033015e-02 1.64907479e-02 -5.06438730e-05 -2.44429500e-02 -1.94988923e-03 2.11326376e-06 -2.26035154e-03
0.89569          -4.92395109e-02 -6.83766565e-05 7.26461403e-02 -4.72778885e-02 -7.05043723e-05 7.48882539e-02 -1.96162243e-03 2.12771584e-06 -2.24211364e-03
0.8957944        -5.19201704e-02 -6.32661373e-05 7.85448842e-02 -4.99496276e-02 -6.54279509e-05 8.07702298e-02 -1.97054275e-03 2.16181359e-06 -2.22534561e-03
0.8958998        1.92596307e-02 -4.35079937e-05 -3.27166999e-02 2.12330707e-02 -4.56914661e-05 -3.04968361e-02 -1.97343999e-03 2.18347235e-06 -2.21986382e-03
0.8960056        9.77634324e-02 -5.15443311e-05 -1.56254413e-01 9.97348321e-02 -5.37342854e-05 -1.54029799e-01 -1.97139969e-03 2.18995433e-06 -2.22461431e-03
0.8961111        1.77915877e-01 -6.69702582e-06 -2.82106461e-01 1.79881043e-01 -8.89678097e-06 -2.79867988e-01 -1.96516659e-03 2.19975515e-06 -2.23847353e-03
0.8962156        2.59380974e-01 4.87682550e-05 -4.10756060e-01 2.61336399e-01 4.65518665e-05 -4.08495440e-01 -1.95542542e-03 2.21638853e-06 -2.26062039e-03
0.8963187        3.36434505e-01 5.81189762e-05 -5.32518788e-01 3.38377711e-01 5.58931907e-05 -5.30229064e-01 -1.94320667e-03 2.22578547e-06 -2.28972460e-03
0.8964197        3.31252183e-01 5.24345461e-05 -5.25139544e-01 3.33186718e-01 5.01949764e-05 -5.22825497e-01 -1.93453493e-03 2.23956969e-06 -2.31404762e-03
0.896519         2.54140085e-01 2.80806072e-05 -4.03125172e-01 2.56071940e-01 2.57990315e-05 -4.00799692e-01 -1.93185535e-03 2.28157570e-06 -2.32547984e-03
0.8966172        1.73485543e-01 2.92674152e-06 -2.74991384e-01 1.75419136e-01 5.95817342e-07 -2.72664951e-01 -1.93359239e-03 2.33092418e-06 -2.32643334e-03
0.8967149        9.27923225e-02 -3.35421016e-05 -1.46528840e-01 9.47311514e-02 -3.59174968e-05 -1.44210444e-01 -1.93882896e-03 2.37539523e-06 -2.31839539e-03
0.8968127        1.19920271e-02 -2.47293031e-05 -1.76765767e-02 1.39390375e-02 -2.71435285e-05 -1.53744486e-02 -1.94701037e-03 2.41422543e-06 -2.30212809e-03
0.8969111        -6.53552528e-02 -2.29601486e-05 1.05930848e-01 -6.33977776e-02 -2.54016124e-05 1.08209229e-01 -1.95747512e-03 2.44146381e-06 -2.27838134e-03
0.8970105        -6.64619228e-02 1.61024917e-05 1.08600171e-01 -6.44967492e-02 1.36024112e-05 1.10857418e-01 -1.96517359e-03 2.50008056e-06 -2.25724686e-03
0.897111         -4.34269252e-03 -5.46377967e-05 9.43230469e-03 -2.37438259e-03 -5.71624714e-05 1.16789836e-02 -1.96830993e-03 2.52467470e-06 -2.24667894e-03
0.897212         6.12608362e-02 -1.00003630e-04 -9.63514468e-02 6.32290831e-02 -1.02531227e-04 -9.41060924e-02 -1.96824693e-03 2.52759691e-06 -2.24535441e-03
0.897313         1.27990994e-01 -3.15051890e-05 -2.03673857e-01 1.29956594e-01 -3.40439247e-05 -2.01421530e-01 -1.96559928e-03 2.53873569e-06 -2.25232681e-03
0.8974137        1.96213607e-01 1.12736732e-05 -3.13869193e-01 1.98174471e-01 8.71766225e-06 -3.11602203e-01 -1.96086345e-03 2.55601100e-06 -2.26699025e-03
0.8975134        2.64844725e-01 3.09182422e-05 -4.25040885e-01 2.66799221e-01 2.83396707e-05 -4.22752183e-01 -1.95449673e-03 2.57857149e-06 -2.28870151e-03
0.8976118        2.90473789e-01 3.97992771e-05 -4.67582339e-01 2.92423413e-01 3.71907053e-05 -4.65271277e-01 -1.94962477e-03 2.60857184e-06 -2.31106245e-03
0.8977087        2.45693275e-01 -1.35438402e-05 -3.95554123e-01 2.47641673e-01 -1.61725643e-05 -3.93229794e-01 -1.94839798e-03 2.62872408e-06 -2.32432928e-03
0.8978046        1.95846205e-01 3.26637676e-05 -3.14111375e-01 1.97795368e-01 2.99668150e-05 -3.11781667e-01 -1.94916282e-03 2.69695269e-06 -2.32970781e-03
0.8978999        1.45420196e-01 2.78367424e-07 -2.31130701e-01 1.47371411e-01 -2.48863992e-06 -2.28802302e-01 -1.95121498e-03 2.76700734e-06 -2.32839890e-03
0.897995         9.54714314e-02 2.39311142e-05 -1.49029190e-01 9.74255652e-02 2.10916166e-05 -1.46708034e-01 -1.95413376e-03 2.83949767e-06 -2.32115589e-03
0.8980901        4.51397637e-02 -7.88063725e-05 -6.59358124e-02 4.70973768e-02 -8.16866321e-05 -6.36274920e-02 -1.95761310e-03 2.88025963e-06 -2.30832039e-03
0.8981857        2.43632941e-03 -3.94487139e-05 4.82305903e-03 4.39745821e-03 -4.23772280e-05 7.11440032e-03 -1.96112879e-03 2.92851408e-06 -2.29134129e-03
0.8982819        2.01941054e-02 -3.50548454e-05 -2.41484876e-02 2.21569533e-02 -3.80379779e-05 -2.18692747e-02 -1.96284793e-03 2.98313246e-06 -2.27921284e-03
0.8983788        5.93867677e-02 -2.45199659e-05 -8.83421543e-02 6.13494023e-02 -2.75442963e-05 -8.60685618e-02 -1.96263451e-03 3.02433043e-06 -2.27359248e-03
0.8984758        9.94222419e-02 1.56681413e-06 -1.54255589e-01 1.01383348e-01 -1.49815562e-06 -1.51982104e-01 -1.96110651e-03 3.06496974e-06 -2.27348467e-03
0.8985729        1.40392041e-01 6.64330130e-06 -2.22037175e-01 1.42350687e-01 3.53995546e-06 -2.19758783e-01 -1.95864555e-03 3.10334584e-06 -2.27839196e-03
0.8986696        1.81410422e-01 -2.05864229e-05 -2.90062292e-01 1.83365976e-01 -2.37171398e-05 -2.87774372e-01 -1.95555424e-03 3.13071682e-06 -2.28792003e-03
0.8987656        2.23544926e-01 1.35869513e-05 -3.59974594e-01 2.25496944e-01 1.04212924e-05 -3.57672839e-01 -1.95201793e-03 3.16565889e-06 -2.30175531e-03
0.8988607        2.51658291e-01 3.32604098e-05 -4.05071736e-01 2.53605954e-01 3.00661979e-05 -4.02755102e-01 -1.94766342e-03 3.19421191e-06 -2.31663378e-03
0.8989548        2.23547765e-01 -2.17387496e-06 -3.59318190e-01 2.25493332e-01 -5.40641950e-06 -3.56992647e-01 -1.94556646e-03 3.23254454e-06 -2.32554307e-03
0.8990481        1.81465683e-01 9.31868316e-05 -2.90713640e-01 1.83411830e-01 8.98632497e-05 -2.88385036e-01 -1.94614630e-03 3.32358186e-06 -2.32860371e-03
0.8991409        1.38554108e-01 2.50863955e-05 -2.20351295e-01 1.40502871e-01 2.16858590e-05 -2.18024527e-01 -1.94876327e-03 3.40053657e-06 -2.32676823e-03
0.8992336        9.54906082e-02 -3.46109122e-06 -1.49699854e-01 9.74436306e-02 -6.92831191e-06 -1.47379243e-01 -1.95302244e-03 3.46722068e-06 -2.32061089e-03
0.8993264        5.22620876e-02 -2.52301758e-05 -7.85840306e-02 5.42206958e-02 -2.87388495e-05 -7.62735751e-02 -1.95860821e-03 3.50867373e-06 -2.31045544e-03
0.8994195        7.53004157e-03 -4.33867795e-05 -5.21654278e-03 9.49580427e-03 -4.69478585e-05 -2.92007364e-03 -1.96576271e-03 3.56107902e-06 -2.29646914e-03
0.8995133        -9.78045989e-03 -5.06041765e-05 2.15160407e-02 -7.80630791e-03 -5.42158581e-05 2.37991481e-02 -1.97415198e-03 3.61168166e-06 -2.28310748e-03
0.8996077        3.68335706e-02 -3.95059514e-05 -5.39953004e-02 3.88116636e-02 -4.31586695e-05 -5.17186773e-02 -1.97809305e-03 3.65271808e-06 -2.27662313e-03
0.8997025        9.19171163e-02 -2.05165064e-05 -1.42888760e-01 9.38947335e-02 -2.42079261e-05 -1.40612486e-01 -1.97761721e-03 3.69141972e-06 -2.27627374e-03
0.8997974        1.48781595e-01 -4.01956605e-06 -2.34984040e-01 1.50754860e-01 -7.75204249e-06 -2.32702705e-01 -1.97326534e-03 3.73247645e-06 -2.28133489e-03
0.8998987        2.02842315e-01 1.32272168e-05 -3.22994020e-01 2.04807349e-01 9.45280190e-06 -3.20702222e-01 -1.96503420e-03 3.77441487e-06 -2.29179792e-03
0.9              2.67563555e-01 3.00439446e-05 -4.28126247e-01 2.69516457e-01 2.62202187e-05 -4.25818310e-01 -1.95290175e-03 3.82372589e-06 -2.30793726e-03
0.9000929        3.33688578e-01 1.84239346e-05 -5.35736032e-01 3.35627243e-01 1.45814440e-05 -5.33409082e-01 -1.93866502e-03 3.84249063e-06 -2.32694999e-03
0.9001846        2.97670182e-01 -2.93627310e-05 -4.77107932e-01 2.99599377e-01 -3.32327425e-05 -4.74768971e-01 -1.92919581e-03 3.87001143e-06 -2.33896075e-03
0.9002753        2.34237268e-01 2.30674419e-05 -3.74154442e-01 2.36162821e-01 1.91268938e-05 -3.71811265e-01 -1.92555311e-03 3.94054809e-06 -2.34317655e-03
0.9003655        1.69892722e-01 -3.56786275e-06 -2.69393452e-01 1.71819399e-01 -7.58149076e-06 -2.67052344e-01 -1.92667731e-03 4.01362801e-06 -2.34110802e-03
0.9004555        1.05355360e-01 -2.20774814e-05 -1.64076172e-01 1.07287322e-01 -2.61635930e-05 -1.61742598e-01 -1.93196151e-03 4.08611165e-06 -2.33357369e-03
0.9005456        4.10123346e-02 -4.32746889e-05 -5.88934052e-02 4.29533375e-02 -4.74138152e-05 -5.65723578e-02 -1.94100288e-03 4.13912626e-06 -2.32104747e-03
0.9006361        -2.33879112e-02 -6.58803035e-05 4.66798380e-02 -2.14343956e-02 -7.00632971e-05 4.89835947e-02 -1.95351565e-03 4.18299364e-06 -2.30375675e-03
0.9007272        -4.82021645e-02 -7.16000975e-05 8.85799406e-02 -4.62366813e-02 -7.58295799e-05 9.08656701e-02 -1.96548320e-03 4.22948233e-06 -2.28572950e-03
0.9008193        -1.63032359e-03 -3.03322270e-05 1.23858711e-02 3.42016282e-04 -3.46047760e-05 1.46606502e-02 -1.97233988e-03 4.27254905e-06 -2.27477909e-03
0.9009119        5.25217963e-02 -6.29233626e-05 -7.73939916e-02 5.44969874e-02 -6.72266156e-05 -7.51234878e-02 -1.97519113e-03 4.30325293e-06 -2.27050388e-03
0.9010047        1.07871392e-01 -2.57953980e-05 -1.69265490e-01 1.09845966e-01 -3.01346452e-05 -1.66993401e-01 -1.97457425e-03 4.33924718e-06 -2.27208899e-03
0.9010976        1.64670020e-01 -1.71718796e-05 -2.63882260e-01 1.66640878e-01 -2.15483279e-05 -2.61603210e-01 -1.97085791e-03 4.37644825e-06 -2.27904984e-03
0.9011901        2.21808887e-01 1.35381594e-05 -3.59295437e-01 2.23773245e-01 9.11972892e-06 -3.57004464e-01 -1.96435794e-03 4.41843045e-06 -2.29097302e-03
0.9012819        2.77874426e-01 -2.40107837e-06 -4.53214023e-01 2.79830040e-01 -6.86038251e-06 -4.50906664e-01 -1.95561440e-03 4.45930414e-06 -2.30735919e-03
0.9013728        2.88671474e-01 6.37814411e-05 -4.72948528e-01 2.90620327e-01 5.92944221e-05 -4.70625554e-01 -1.94885349e-03 4.48701904e-06 -2.32297341e-03
0.9014628        2.45949163e-01 2.53954136e-05 -4.01082171e-01 2.47895065e-01 2.08699498e-05 -3.98750860e-01 -1.94590160e-03 4.52546378e-06 -2.33131106e-03
0.9015522        1.97678530e-01 2.37405568e-06 -3.19294659e-01 1.99624188e-01 -2.20305302e-06 -3.16961335e-01 -1.94565798e-03 4.57710870e-06 -2.33332338e-03
0.9016413        1.49400751e-01 -1.34340550e-05 -2.37059352e-01 1.51348283e-01 -1.80699225e-05 -2.34729403e-01 -1.94753176e-03 4.63586748e-06 -2.32994956e-03
0.9017303        1.00821104e-01 -3.04389241e-05 -1.54202517e-01 1.02772258e-01 -3.51252867e-05 -1.51880795e-01 -1.95115423e-03 4.68636254e-06 -2.32172193e-03
0.9018194        5.20436441e-02 -7.28039682e-05 -7.07081478e-02 5.39998986e-02 -7.75147573e-05 -6.83992184e-02 -1.95625445e-03 4.71078911e-06 -2.30892935e-03
0.901909         4.93297589e-03 -7.12099707e-05 1.01655456e-02 6.89556664e-03 -7.59522333e-05 1.24574611e-02 -1.96259075e-03 4.74226259e-06 -2.29191550e-03
0.9019993        1.34272603e-03 -4.24104571e-05 1.67102350e-02 3.31041657e-03 -4.71994541e-05 1.89866661e-02 -1.96769054e-03 4.78899695e-06 -2.27643107e-03
0.9020902        4.07594894e-02 -4.73158445e-05 -5.08496776e-02 4.27294395e-02 -5.21384826e-05 -4.85822887e-02 -1.96995011e-03 4.82263808e-06 -2.26738890e-03
0.9021815        8.39923812e-02 -3.18562731e-05 -1.25242543e-01 8.59623455e-02 -3.67082639e-05 -1.22978575e-01 -1.96996434e-03 4.85199087e-06 -2.26396798e-03
0.902273         1.27776152e-01 -3.47635982e-05 -2.00787193e-01 1.29744289e-01 -3.96419215e-05 -1.98521628e-01 -1.96813713e-03 4.87832321e-06 -2.26556493e-03
0.9023644        1.72381312e-01 -1.38180027e-05 -2.77991982e-01 1.74346052e-01 -1.87231102e-05 -2.75720179e-01 -1.96473981e-03 4.90510755e-06 -2.27180325e-03
0.9024556        2.17262374e-01 1.52042233e-06 -3.55853487e-01 2.19222417e-01 -3.41760230e-06 -3.53571137e-01 -1.96004278e-03 4.93802463e-06 -2.28234984e-03
0.9025462        2.61075376e-01 1.43333674e-05 -4.32082522e-01 2.63029694e-01 9.38691076e-06 -4.29785817e-01 -1.95431837e-03 4.94645665e-06 -2.29670573e-03
0.902636         2.64289582e-01 1.30237029e-05 -4.37955529e-01 2.66239324e-01 8.07057002e-06 -4.35646322e-01 -1.94974195e-03 4.95313285e-06 -2.30920644e-03
0.9027251        2.27130585e-01 -6.60596133e-06 -3.74455044e-01 2.29078550e-01 -1.15818093e-05 -3.72139696e-01 -1.94796439e-03 4.97584792e-06 -2.31534851e-03
0.9028137        1.85885809e-01 -4.36498605e-06 -3.02820068e-01 1.87834095e-01 -9.37042841e-06 -3.00503972e-01 -1.94828563e-03 5.00544236e-06 -2.31609539e-03
0.902902         1.43677346e-01 -2.57381099e-05 -2.28669285e-01 1.45627579e-01 -3.07724973e-05 -2.26357171e-01 -1.95023301e-03 5.03438738e-06 -2.31211402e-03
0.9029904        1.01584923e-01 -4.27976311e-05 -1.54831147e-01 1.03538447e-01 -4.78538994e-05 -1.52527289e-01 -1.95352470e-03 5.05626831e-06 -2.30385850e-03
0.903079         5.94487932e-02 -6.08098450e-05 -8.08540343e-02 6.14067676e-02 -6.58765399e-05 -7.85624728e-02 -1.95797440e-03 5.06669492e-06 -2.29156149e-03
0.903168         1.98406897e-02 -7.80914190e-05 -1.11062691e-02 2.18039704e-02 -8.31714083e-05 -8.83055487e-03 -1.96328070e-03 5.07998937e-06 -2.27571428e-03
0.9032575        2.44706772e-02 -5.47316257e-05 -1.88812502e-02 2.64378072e-02 -5.98293354e-05 -1.66190579e-02 -1.96712999e-03 5.09770976e-06 -2.26219223e-03
0.9033477        5.83914405e-02 -7.32183057e-05 -7.79473519e-02 6.03601275e-02 -7.83227541e-05 -7.56931600e-02 -1.96868700e-03 5.10444844e-06 -2.25419187e-03
0.9034383        9.47395729e-02 -4.98783973e-05 -1.42580087e-01 9.67081423e-02 -5.49921228e-05 -1.40329099e-01 -1.96856948e-03 5.11372548e-06 -2.25098797e-03
0.903529         1.31412373e-01 -3.86295146e-05 -2.07539576e-01 1.33379440e-01 -4.37583584e-05 -2.05287516e-01 -1.96706704e-03 5.12884374e-06 -2.25206072e-03
0.9036198        1.68980825e-01 -2.01989987e-05 -2.74423221e-01 1.70945239e-01 -2.53487684e-05 -2.72166094e-01 -1.96441396e-03 5.14976976e-06 -2.25712721e-03
0.9037103        2.07280356e-01 -6.52801534e-05 -3.43179400e-01 2.09241200e-01 -7.04300172e-05 -3.40913437e-01 -1.96084428e-03 5.14986383e-06 -2.26596369e-03
0.9038003        2.43296552e-01 1.46793909e-05 -4.07424202e-01 2.45253097e-01 9.53454388e-06 -4.05146186e-01 -1.95654507e-03 5.14484705e-06 -2.27801550e-03
0.9038897        2.43004303e-01 1.45341592e-06 -4.07018500e-01 2.44957602e-01 -3.68386674e-06 -4.04730388e-01 -1.95329932e-03 5.13728266e-06 -2.28811216e-03
0.9039785        2.10571558e-01 -2.21320405e-05 -3.49226393e-01 2.12523763e-01 -2.72706992e-05 -3.46933758e-01 -1.95220522e-03 5.13865872e-06 -2.29263590e-03
0.9040669        1.75904312e-01 -3.10067058e-05 -2.87262064e-01 1.77857035e-01 -3.61510402e-05 -2.84969568e-01 -1.95272313e-03 5.14433433e-06 -2.29249611e-03
0.9041552        1.40942796e-01 -4.77096374e-05 -2.24585659e-01 1.42897276e-01 -5.28623364e-05 -2.22297349e-01 -1.95447976e-03 5.15269900e-06 -2.28830993e-03
0.9042435        1.05590563e-01 -6.04990599e-05 -1.61059673e-01 1.07547799e-01 -6.56530084e-05 -1.58779260e-01 -1.95723581e-03 5.15394856e-06 -2.28041266e-03
0.904332         6.99787816e-02 -1.11991814e-04 -9.68671760e-02 7.19396083e-02 -1.17145933e-04 -9.45981816e-02 -1.96082678e-03 5.15411925e-06 -2.26899437e-03
0.9044209        3.99375042e-02 -6.78152189e-06 -4.28452768e-02 4.19024845e-02 -1.19682838e-05 -4.05903577e-02 -1.96498029e-03 5.18676187e-06 -2.25491911e-03
0.9045104        5.40021589e-02 -4.26358463e-05 -6.81889029e-02 5.59698899e-02 -4.78477913e-05 -6.59444001e-02 -1.96773099e-03 5.21194500e-06 -2.24450278e-03
0.9046003        7.87366451e-02 -4.47528689e-05 -1.12882906e-01 8.07055371e-02 -4.99849558e-05 -1.10644972e-01 -1.96889200e-03 5.23208687e-06 -2.23793403e-03
0.9046906        1.01682690e-01 -6.81965774e-05 -1.53961374e-01 1.03651533e-01 -7.34383027e-05 -1.51727129e-01 -1.96884342e-03 5.24172528e-06 -2.23424458e-03
0.904781         1.24809175e-01 -7.55796421e-05 -1.95589401e-01 1.26776970e-01 -8.08272752e-05 -1.93356260e-01 -1.96779479e-03 5.24763308e-06 -2.23314162e-03
0.9048715        1.48532131e-01 -6.47448238e-05 -2.38721709e-01 1.50498059e-01 -6.99988689e-05 -2.36487245e-01 -1.96592812e-03 5.25404519e-06 -2.23446368e-03
0.9049619        1.72531272e-01 -2.45551945e-05 -2.82363584e-01 1.74494614e-01 -2.98127135e-05 -2.80125512e-01 -1.96334218e-03 5.25751896e-06 -2.23807268e-03
0.9050521        1.92699245e-01 -5.48601907e-05 -3.19201691e-01 1.94659469e-01 -6.01042436e-05 -3.16958414e-01 -1.96022381e-03 5.24405285e-06 -2.24327698e-03
0.9051419        1.84845283e-01 -2.24734814e-05 -3.04595890e-01 1.86803104e-01 -2.77098631e-05 -3.02349921e-01 -1.95782104e-03 5.23638165e-06 -2.24596905e-03
0.9052314        1.69025052e-01 6.92566090e-05 -2.76356578e-01 1.70981840e-01 6.39995140e-05 -2.74110371e-01 -1.95678778e-03 5.25709497e-06 -2.24620656e-03
0.9053208        1.52974304e-01 -5.46138850e-05 -2.47942655e-01 1.54931203e-01 -5.98622861e-05 -2.45698057e-01 -1.95689905e-03 5.24840112e-06 -2.24459870e-03
0.9054101        1.36894741e-01 -6.46241250e-05 -2.18922479e-01 1.38852655e-01 -6.98704322e-05 -2.16681087e-01 -1.95791414e-03 5.24630720e-06 -2.24139236e-03
0.9054994        1.20514292e-01 -6.76400773e-05 -1.89339205e-01 1.22474018e-01 -7.28893629e-05 -1.87102472e-01 -1.95972574e-03 5.24928562e-06 -2.23673342e-03
0.9055889        1.04837402e-01 -1.62015008e-04 -1.61299093e-01 1.06799670e-01 -1.67246355e-04 -1.59068324e-01 -1.96226787e-03 5.23134719e-06 -2.23076912e-03
0.9056786        9.01630496e-02 -1.60700331e-04 -1.34833377e-01 9.21286626e-02 -1.65919489e-04 -1.32609474e-01 -1.96561298e-03 5.21915807e-06 -2.22390294e-03
0.9057687        9.47194092e-02 -1.06658524e-04 -1.44431682e-01 9.66884276e-02 -1.11880030e-04 -1.42212770e-01 -1.96901841e-03 5.22150609e-06 -2.21891207e-03
0.9058591        1.08084412e-01 -1.23531254e-04 -1.67740924e-01 1.10055015e-01 -1.28751048e-04 -1.65525457e-01 -1.97060330e-03 5.21979398e-06 -2.21546713e-03
0.9059496        1.22312222e-01 -7.37179285e-05 -1.93116019e-01 1.24282715e-01 -7.89439199e-05 -1.90902845e-01 -1.97049327e-03 5.22599137e-06 -2.21317390e-03
0.9060402        1.36491143e-01 6.05868927e-06 -2.17558680e-01 1.38459918e-01 8.10550942e-07 -2.15346910e-01 -1.96877578e-03 5.24813833e-06 -2.21177080e-03
0.9061309        1.50736724e-01 -4.42303515e-05 -2.42133135e-01 1.52702272e-01 -4.94816387e-05 -2.39922002e-01 -1.96554828e-03 5.25128720e-06 -2.21113309e-03
0.9062215        1.65195621e-01 -7.04589656e-05 -2.67515763e-01 1.67156540e-01 -7.57015662e-05 -2.65304545e-01 -1.96091840e-03 5.24260057e-06 -2.21121820e-03
0.9063119        1.80203999e-01 -4.50664749e-05 -2.93452290e-01 1.82158614e-01 -5.03006099e-05 -2.91240444e-01 -1.95461575e-03 5.23413501e-06 -2.21184562e-03
0.9064022        1.81734232e-01 -4.73376546e-05 -2.95454906e-01 1.83682378e-01 -5.25620165e-05 -2.93243324e-01 -1.94814562e-03 5.22436185e-06 -2.21158265e-03
0.9064922        1.65835882e-01 -3.57482798e-05 -2.68378247e-01 1.67780436e-01 -4.09677972e-05 -2.66168462e-01 -1.94455424e-03 5.21951742e-06 -2.20978495e-03
0.9065821        1.48293591e-01 -3.82707561e-05 -2.38607359e-01 1.50237269e-01 -4.34897281e-05 -2.36400477e-01 -1.94367854e-03 5.21897198e-06 -2.20688188e-03
0.906672         1.31148615e-01 -1.05358807e-04 -2.09395030e-01 1.33093898e-01 -1.10565664e-04 -2.07191886e-01 -1.94528312e-03 5.20685750e-06 -2.20314356e-03
0.906762         1.13789176e-01 -8.83444985e-05 -1.79840328e-01 1.15738425e-01 -9.35509500e-05 -1.77641607e-01 -1.94924858e-03 5.20645142e-06 -2.19872096e-03
0.9068522        9.64146072e-02 -9.18006470e-05 -1.50251616e-01 9.83701037e-02 -9.70139095e-05 -1.48057908e-01 -1.95549652e-03 5.21326245e-06 -2.19370873e-03
0.9069426        9.06916166e-02 -1.28594191e-04 -1.42238815e-01 9.26543874e-02 -1.33807588e-04 -1.40049317e-01 -1.96277074e-03 5.21339699e-06 -2.18949777e-03
0.9070333        1.11020244e-01 -3.02744563e-05 -1.78501491e-01 1.12987490e-01 -3.55111752e-05 -1.76313543e-01 -1.96724625e-03 5.23671888e-06 -2.18794872e-03
0.9071242        1.13372618e-01 -6.22226192e-05 -1.80898888e-01 1.15342961e-01 -6.74700573e-05 -1.78713216e-01 -1.97034212e-03 5.24743814e-06 -2.18567169e-03
0.9072152        1.14482096e-01 -7.15789991e-05 -1.81042627e-01 1.16454273e-01 -7.68327756e-05 -1.78860043e-01 -1.97217648e-03 5.25377656e-06 -2.18258383e-03
0.9073065        1.15678077e-01 -7.56324406e-05 -1.81225034e-01 1.17650829e-01 -8.08892471e-05 -1.79046314e-01 -1.97275203e-03 5.25680647e-06 -2.17872055e-03
0.9073978        1.16819813e-01 -6.47831175e-05 -1.81471167e-01 1.18791920e-01 -7.00425502e-05 -1.79297062e-01 -1.97210622e-03 5.25943274e-06 -2.17410499e-03
0.9074892        1.17843947e-01 -6.76169937e-05 -1.81454214e-01 1.19814205e-01 -7.28747943e-05 -1.79285480e-01 -1.97025830e-03 5.25780055e-06 -2.16873335e-03
0.9075807        1.08149101e-01 -7.02773634e-05 -1.63045616e-01 1.10118277e-01 -7.55284395e-05 -1.60883717e-01 -1.96917626e-03 5.25107614e-06 -2.16189876e-03
0.9076724        9.92373920e-02 -8.30320569e-05 -1.48372373e-01 1.01207407e-01 -8.82732947e-05 -1.46217417e-01 -1.97001514e-03 5.24123783e-06 -2.15495567e-03
0.9077643        1.11831227e-01 -6.79780895e-05 -1.72642829e-01 1.13801043e-01 -7.32139199e-05 -1.70492649e-01 -1.96981596e-03 5.23583037e-06 -2.15018022e-03
0.9078562        1.25109464e-01 -7.36864499e-05 -1.98485627e-01 1.27078211e-01 -7.89217101e-05 -1.96338366e-01 -1.96874782e-03 5.23526019e-06 -2.14726050e-03
0.9079483        1.38459692e-01 -7.05104075e-05 -2.24203299e-01 1.40426568e-01 -7.57488401e-05 -2.22057302e-01 -1.96687643e-03 5.23843260e-06 -2.14599655e-03
0.9080404        1.52111182e-01 -7.16953910e-05 -2.50541242e-01 1.54075424e-01 -7.69389476e-05 -2.48394951e-01 -1.96424121e-03 5.24355657e-06 -2.14629063e-03
0.9081326        1.65950789e-01 -7.11092861e-05 -2.77271186e-01 1.67911652e-01 -7.63600624e-05 -2.75123104e-01 -1.96086286e-03 5.25077629e-06 -2.14808169e-03
0.9082247        1.85275672e-01 -5.11010474e-05 -3.13090749e-01 1.87231177e-01 -5.63627047e-05 -3.10939273e-01 -1.95550526e-03 5.26165725e-06 -2.15147513e-03
0.9083168        1.77791175e-01 -7.97782206e-05 -2.98381507e-01 1.79742215e-01 -8.50441553e-05 -2.96228635e-01 -1.95104035e-03 5.26593468e-06 -2.15287289e-03
0.9084087        1.55151681e-01 -7.46152942e-05 -2.55962619e-01 1.57100834e-01 -7.98856137e-05 -2.53811380e-01 -1.94915220e-03 5.27031952e-06 -2.15123943e-03
0.9085007        1.32013348e-01 -7.96331993e-05 -2.12297823e-01 1.33962881e-01 -8.49051814e-05 -2.10150750e-01 -1.94953322e-03 5.27198213e-06 -2.14707262e-03
0.9085927        1.08624884e-01 -1.24174279e-04 -1.68258965e-01 1.10576920e-01 -1.29437099e-04 -1.66118306e-01 -1.95203597e-03 5.26281944e-06 -2.14065882e-03
0.908685         8.49965200e-02 -4.68849291e-05 -1.23483577e-01 8.69530728e-02 -5.21493204e-05 -1.21351437e-01 -1.95655276e-03 5.26439130e-06 -2.13213979e-03
0.9087775        6.16995445e-02 -6.79046992e-05 -7.98395923e-02 6.36625913e-02 -7.31639926e-05 -7.77179066e-02 -1.96304682e-03 5.25929343e-06 -2.12168574e-03
0.9088705        5.40977923e-02 -9.52182266e-05 -6.58942204e-02 5.60675607e-02 -1.00463910e-04 -6.37829064e-02 -1.96976836e-03 5.24568312e-06 -2.11131398e-03
0.9089638        7.34004473e-02 -8.67573801e-05 -1.02992139e-01 7.53743417e-02 -9.19902224e-05 -1.00888005e-01 -1.97389440e-03 5.23284238e-06 -2.10413421e-03
0.9090575        9.67409808e-02 -8.35955330e-05 -1.47816638e-01 9.87164197e-02 -8.88169746e-05 -1.45716751e-01 -1.97543891e-03 5.22144163e-06 -2.09988677e-03
0.9091514        1.20498277e-01 -6.18167772e-05 -1.93387328e-01 1.22472872e-01 -6.70362727e-05 -1.91289144e-01 -1.97459458e-03 5.21949546e-06 -2.09818340e-03
0.9092454        1.44403066e-01 -3.86796502e-05 -2.38436675e-01 1.46374491e-01 -4.39066840e-05 -2.36337943e-01 -1.97142448e-03 5.22703375e-06 -2.09873219e-03
0.9093394        1.68362623e-01 -6.10333577e-05 -2.84502114e-01 1.70328724e-01 -6.62648914e-05 -2.82400685e-01 -1.96610109e-03 5.23153378e-06 -2.10142851e-03
0.9094334        1.93182884e-01 -1.15795326e-04 -3.32604842e-01 1.95141612e-01 -1.21023532e-04 -3.30498538e-01 -1.95872770e-03 5.22820644e-06 -2.10630406e-03
0.9095272        1.96927507e-01 -7.86377896e-05 -3.40363721e-01 1.98879407e-01 -8.38706933e-05 -3.38253101e-01 -1.95190022e-03 5.23290374e-06 -2.11061999e-03
0.9096207        1.70352753e-01 -8.45073705e-05 -2.88792370e-01 1.72301052e-01 -8.97418618e-05 -2.86681686e-01 -1.94829963e-03 5.23449132e-06 -2.11068417e-03
0.9097143        1.41585377e-01 -1.03565225e-04 -2.33351553e-01 1.43533003e-01 -1.08795513e-04 -2.31244388e-01 -1.94762644e-03 5.23028885e-06 -2.10716549e-03
0.9098079        1.12228995e-01 -6.79860863e-05 -1.75733775e-01 1.14178544e-01 -7.32208638e-05 -1.73633316e-01 -1.94954897e-03 5.23477755e-06 -2.10045885e-03
0.9099018        8.23276684e-02 -9.15504619e-05 -1.17620401e-01 8.42816646e-02 -9.67836753e-05 -1.15529534e-01 -1.95399612e-03 5.23321342e-06 -2.09086691e-03
0.909996         5.24177546e-02 -1.26341424e-04 -5.94039373e-02 5.43786291e-02 -1.31558458e-04 -5.73254031e-02 -1.96087445e-03 5.21703392e-06 -2.07853419e-03
