# Moment        
# CofR          : (6.34500000e-02 0.00000000e+00 4.00000000e-03)
#
# Time          	total_x total_y total_z	pressure_x pressure_y pressure_z	viscous_x viscous_y viscous_z
0.8752648        1.75895516e-05 -1.07659206e-02 9.57339017e-06 1.77497564e-05 -1.07769687e-02 9.72308842e-06 -1.60204785e-07 1.10481107e-05 -1.49698255e-07
0.8755215        1.64465888e-05 -3.43417313e-03 1.10950177e-05 1.66084488e-05 -3.44462877e-03 1.12435662e-05 -1.61859973e-07 1.04556356e-05 -1.48548538e-07
0.8757755        1.38234210e-05 7.92889087e-03 1.47335704e-05 1.39797523e-05 7.91686347e-03 1.48868690e-05 -1.56331295e-07 1.20273986e-05 -1.53298513e-07
0.8760354        1.55895040e-05 6.53299852e-03 1.19253478e-05 1.57387336e-05 6.52009304e-03 1.20859576e-05 -1.49229598e-07 1.29054779e-05 -1.60609896e-07
0.8762997        1.66395227e-05 -4.25179737e-03 1.18718202e-05 1.67895839e-05 -4.26329219e-03 1.20330073e-05 -1.50061130e-07 1.14948147e-05 -1.61187077e-07
0.8765596        1.75574816e-05 -8.98720641e-03 1.09560008e-05 1.77124274e-05 -8.99676707e-03 1.11144061e-05 -1.54945750e-07 9.56065671e-06 -1.58405270e-07
0.8768115        1.51694327e-05 -2.52693659e-03 1.20069891e-05 1.53255609e-05 -2.53604166e-03 1.21653826e-05 -1.56128130e-07 9.10507535e-06 -1.58393550e-07
0.8770619        1.28319859e-05 3.84214444e-03 1.38780787e-05 1.29844722e-05 3.83254509e-03 1.40397556e-05 -1.52486336e-07 9.59934843e-06 -1.61676852e-07
0.8773164        1.57915984e-05 1.54438890e-03 8.23615798e-06 1.59386010e-05 1.53492103e-03 8.40288510e-06 -1.47002586e-07 9.46786419e-06 -1.66727123e-07
0.8775726        1.77195642e-05 -5.37418335e-03 1.03062904e-05 1.78682660e-05 -5.38241795e-03 1.04714507e-05 -1.48701797e-07 8.23460430e-06 -1.65160335e-07
0.8778234        1.91743763e-05 -8.04313888e-03 1.11568069e-05 1.93273785e-05 -8.04998994e-03 1.13189532e-05 -1.53002178e-07 6.85105719e-06 -1.62146336e-07
0.8780673        1.60021779e-05 -2.19393571e-03 1.23030527e-05 1.61555453e-05 -2.20050511e-03 1.24657570e-05 -1.53367413e-07 6.56940640e-06 -1.62704287e-07
0.8783097        1.45065098e-05 3.60462366e-03 1.21085210e-05 1.46545662e-05 3.59758793e-03 1.22761204e-05 -1.48056329e-07 7.03573599e-06 -1.67599377e-07
0.878556         1.48241371e-05 1.40233145e-03 1.17516460e-05 1.49683377e-05 1.39539728e-03 1.19222675e-05 -1.44200583e-07 6.93417398e-06 -1.70621517e-07
0.8788034        1.61508192e-05 -4.45611940e-03 1.17365244e-05 1.62973648e-05 -4.46203398e-03 1.19046236e-05 -1.46545570e-07 5.91458379e-06 -1.68099197e-07
0.8790468        1.90583723e-05 -7.57488096e-03 1.04893787e-05 1.92096049e-05 -7.57946697e-03 1.06537101e-05 -1.51232570e-07 4.58601882e-06 -1.64331389e-07
0.8792839        1.51964822e-05 -1.89101080e-03 1.27342202e-05 1.53493677e-05 -1.89542709e-03 1.28973990e-05 -1.52885568e-07 4.41628795e-06 -1.63178841e-07
0.8795197        1.42107865e-05 6.13207038e-03 1.40204929e-05 1.43584626e-05 6.12658359e-03 1.41879538e-05 -1.47676117e-07 5.48678911e-06 -1.67460939e-07
0.8797602        1.27393653e-05 5.73322468e-03 1.35668031e-05 1.28817141e-05 5.72703736e-03 1.37386067e-05 -1.42348801e-07 6.18731345e-06 -1.71803601e-07
0.8800041        2.02279372e-05 -9.84400392e-03 1.10755648e-05 2.03748952e-05 -9.84794253e-03 1.12432551e-05 -1.46958033e-07 3.93861771e-06 -1.67690366e-07
0.8802412        2.27891569e-05 -2.19994375e-02 8.46072247e-06 2.29490732e-05 -2.19995473e-02 8.61882287e-06 -1.59916239e-07 1.09802348e-07 -1.58100398e-07
0.8804651        1.88825106e-05 -1.15259439e-02 1.06198176e-05 1.90485849e-05 -1.15247950e-02 1.07742767e-05 -1.66074272e-07 -1.14894827e-06 -1.54459145e-07
0.880684         1.30373580e-05 5.31317995e-03 1.40259657e-05 1.31983034e-05 5.31293449e-03 1.41860228e-05 -1.60945383e-07 2.45466166e-07 -1.60057126e-07
0.8809066        1.21921025e-05 1.05389706e-02 1.32161997e-05 1.23434800e-05 1.05370304e-02 1.33847703e-05 -1.51377456e-07 1.94018470e-06 -1.68570633e-07
0.8811356        1.47819708e-05 -1.70793604e-03 1.39474499e-05 1.49342998e-05 -1.70919758e-03 1.41137329e-05 -1.52328965e-07 1.26154518e-06 -1.66282978e-07
0.8813633        2.03939473e-05 -1.56865544e-02 1.02635903e-05 2.05567455e-05 -1.56850599e-02 1.04207152e-05 -1.62798200e-07 -1.49454208e-06 -1.57124903e-07
0.8815818        2.06585420e-05 -1.67691490e-02 1.06908676e-05 2.08332951e-05 -1.67653746e-02 1.08385109e-05 -1.74753106e-07 -3.77432876e-06 -1.47643285e-07
0.8817921        1.62600289e-05 -4.45442863e-03 1.23790390e-05 1.64380820e-05 -4.45066377e-03 1.25252799e-05 -1.78053063e-07 -3.76485975e-06 -1.46240893e-07
0.882001         1.24812990e-05 7.90219869e-03 1.67724371e-05 1.26536018e-05 7.90429365e-03 1.69248806e-05 -1.72302821e-07 -2.09496024e-06 -1.52443506e-07
0.882214         1.25359623e-05 6.45439495e-03 1.54637385e-05 1.27031833e-05 6.45548487e-03 1.56208801e-05 -1.67221071e-07 -1.08991415e-06 -1.57141608e-07
0.8824301        1.38568736e-05 -6.76148744e-03 1.46914402e-05 1.40288015e-05 -6.75903523e-03 1.48445854e-05 -1.71927878e-07 -2.45221398e-06 -1.53145181e-07
0.8826427        1.99131099e-05 -1.98253014e-02 1.05949503e-05 2.00987267e-05 -1.98196897e-02 1.07371275e-05 -1.85616868e-07 -5.61163140e-06 -1.42177201e-07
0.8828465        2.00391219e-05 -1.75552706e-02 9.31261945e-06 2.02382816e-05 -1.75475650e-02 9.44407615e-06 -1.99159672e-07 -7.70559329e-06 -1.31456700e-07
0.883044         1.57925618e-05 -4.35944757e-03 1.36536327e-05 1.59964969e-05 -4.35192182e-03 1.37817670e-05 -2.03935051e-07 -7.52575347e-06 -1.28134232e-07
0.8832406        1.19689144e-05 8.74703690e-03 1.27365549e-05 1.21676937e-05 8.75269033e-03 1.28698317e-05 -1.98779264e-07 -5.65343203e-06 -1.33276763e-07
0.8834412        1.19109612e-05 8.42621630e-03 1.47733726e-05 1.21044530e-05 8.43054366e-03 1.49111257e-05 -1.93491817e-07 -4.32736557e-06 -1.37753169e-07
0.883645         1.62384352e-05 -7.76040384e-03 1.34621426e-05 1.64376120e-05 -7.75465188e-03 1.35947373e-05 -1.99176855e-07 -5.75196270e-06 -1.32594615e-07
0.8838456        2.09950825e-05 -2.54582316e-02 1.06192214e-05 2.12125132e-05 -2.54487129e-02 1.07365319e-05 -2.17430702e-07 -9.51865281e-06 -1.17310521e-07
0.8840369        2.05621538e-05 -2.81982886e-02 9.13757860e-06 2.08009515e-05 -2.81854534e-02 9.23743486e-06 -2.38797720e-07 -1.28351262e-05 -9.98562574e-08
0.8842201        1.71662678e-05 -1.14733158e-02 1.09338399e-05 1.74159088e-05 -1.14601094e-02 1.10253239e-05 -2.49641000e-07 -1.32063609e-05 -9.14839516e-08
0.884401         1.13981103e-05 6.45473094e-03 1.56782476e-05 1.16482903e-05 6.46602561e-03 1.57691796e-05 -2.50180048e-07 -1.12946755e-05 -9.09320508e-08
0.8845842        9.06774876e-06 1.60374532e-02 1.84738982e-05 9.31142676e-06 1.60460100e-02 1.85700138e-05 -2.43677994e-07 -8.55686413e-06 -9.61156665e-08
0.8847722        1.34147252e-05 2.55443902e-03 1.58806815e-05 1.36577789e-05 2.56275555e-03 1.59773743e-05 -2.43053715e-07 -8.31652465e-06 -9.66927890e-08
0.8849608        1.84847103e-05 -1.63295810e-02 9.87692440e-06 1.87382993e-05 -1.63187764e-02 9.96505011e-06 -2.53588966e-07 -1.08045774e-05 -8.81257145e-08
0.8851446        2.15223957e-05 -3.30556780e-02 8.64273692e-06 2.17976292e-05 -3.30405397e-02 8.71293665e-06 -2.75233511e-07 -1.51383588e-05 -7.01997255e-08
0.8853197        2.05158427e-05 -2.71442325e-02 9.40168574e-06 2.08103168e-05 -2.71265333e-02 9.45502614e-06 -2.94474124e-07 -1.76992524e-05 -5.33404016e-08
0.8854891        1.59387429e-05 -9.44367303e-03 1.41584868e-05 1.62422176e-05 -9.42608826e-03 1.42034323e-05 -3.03474733e-07 -1.75847731e-05 -4.49455794e-08
0.8856572        9.03939694e-06 8.25519022e-03 1.90201999e-05 9.34201105e-06 8.27063731e-03 1.90650285e-05 -3.02614110e-07 -1.54470899e-05 -4.48285829e-08
0.8858279        7.21958992e-06 1.64268903e-02 1.68546132e-05 7.51446578e-06 1.64396741e-02 1.69061527e-05 -2.94875866e-07 -1.27838583e-05 -5.15395572e-08
0.8860027        1.40965151e-05 2.75590422e-03 1.63346353e-05 1.43889510e-05 2.76835595e-03 1.63890338e-05 -2.92435950e-07 -1.24517267e-05 -5.43984354e-08
0.8861781        1.61718666e-05 -1.50529972e-02 1.24265887e-05 1.64733115e-05 -1.50385071e-02 1.24742749e-05 -3.01444866e-07 -1.44900788e-05 -4.76862462e-08
0.8863498        2.23096583e-05 -3.21423118e-02 7.65760918e-06 2.26298282e-05 -3.21240044e-02 7.69080246e-06 -3.20169843e-07 -1.83073531e-05 -3.31932866e-08
0.8865142        2.19493849e-05 -3.07133491e-02 8.73151835e-06 2.22882626e-05 -3.06922627e-02 8.75035787e-06 -3.38877709e-07 -2.10863236e-05 -1.88395145e-08
0.8866732        2.08496556e-05 -1.64679069e-02 1.59547066e-05 2.11995064e-05 -1.64461689e-02 1.59647746e-05 -3.49850768e-07 -2.17380042e-05 -1.00680528e-08
0.8868299        8.20097226e-06 -2.10082106e-03 1.23654914e-05 8.55319349e-06 -2.07999527e-03 1.23746573e-05 -3.52221230e-07 -2.08257919e-05 -9.16594151e-09
0.8869873        8.49584765e-06 1.00076838e-02 1.52086623e-05 8.84217325e-06 1.00265076e-02 1.52234918e-05 -3.46325606e-07 -1.88237810e-05 -1.48294563e-08
0.8871474        9.92211401e-06 6.28846939e-03 1.55204652e-05 1.02637253e-05 6.30621602e-03 1.55388438e-05 -3.41611266e-07 -1.77466364e-05 -1.83785649e-08
0.8873237        1.54207630e-05 -7.35838820e-03 1.10621396e-05 1.57648308e-05 -7.33981976e-03 1.10787011e-05 -3.44067834e-07 -1.85684473e-05 -1.65614336e-08
0.8875           2.02687943e-05 -2.28863645e-02 9.77306401e-06 2.06263346e-05 -2.28651348e-02 9.77923356e-06 -3.57540226e-07 -2.12297584e-05 -6.16955146e-09
0.8876562        2.46851012e-05 -3.73814443e-02 6.87463301e-06 2.50621330e-05 -3.73566367e-02 6.86762901e-06 -3.77031805e-07 -2.48075875e-05 7.00400064e-09
0.8878064        2.01737948e-05 -2.78294975e-02 7.52673126e-06 2.05652419e-05 -2.78029231e-02 7.50950605e-06 -3.91447072e-07 -2.65743887e-05 1.72252025e-08
0.8879529        1.62653213e-05 -1.22222355e-02 8.38710354e-06 1.66622663e-05 -1.21957978e-02 8.36739494e-06 -3.96945070e-07 -2.64376575e-05 1.97086008e-08
0.8880984        1.16558242e-05 3.21057340e-03 1.52153016e-05 1.20504602e-05 3.23539964e-03 1.51989953e-05 -3.94635992e-07 -2.48262408e-05 1.63063122e-08
0.8882451        5.81033272e-06 1.65032671e-02 1.79390310e-05 6.19616205e-06 1.65253964e-02 1.79305039e-05 -3.85829327e-07 -2.21293357e-05 8.52716617e-09
0.8883947        1.18735413e-05 1.05924112e-02 2.19713432e-05 1.22533691e-05 1.06130161e-02 2.19688511e-05 -3.79827854e-07 -2.06048795e-05 2.49208907e-09
0.8885463        1.53651763e-05 -5.98501137e-03 1.59509800e-05 1.57462384e-05 -5.96378652e-03 1.59486614e-05 -3.81062195e-07 -2.12248516e-05 2.31865124e-09
0.8886971        1.99349338e-05 -2.36233954e-02 1.45813008e-05 2.03265242e-05 -2.35996929e-02 1.45714597e-05 -3.91590463e-07 -2.37025595e-05 9.84109533e-09
0.8888446        2.39462510e-05 -4.03956263e-02 3.24170967e-06 2.43547463e-05 -4.03680425e-02 3.22138133e-06 -4.08495329e-07 -2.75838064e-05 2.03283386e-08
0.8889867        2.19806502e-05 -3.83511394e-02 -9.44987320e-07 2.24041713e-05 -3.83206753e-02 -9.73423556e-07 -4.23521083e-07 -3.04640910e-05 2.84362366e-08
0.8891248        2.48148403e-05 -2.26474218e-02 9.52893359e-06 2.52454943e-05 -2.26162007e-02 9.49652464e-06 -4.30653954e-07 -3.12210570e-05 3.24089516e-08
0.889261         1.22335039e-05 -6.42285519e-03 1.33560620e-05 1.26655075e-05 -6.39249551e-03 1.33236545e-05 -4.32003646e-07 -3.03596823e-05 3.24074783e-08
0.8893972        9.46174289e-06 9.50638704e-03 1.84947221e-05 9.88750641e-06 9.53452657e-03 1.84679005e-05 -4.25763520e-07 -2.81395335e-05 2.68215374e-08
0.8895353        6.23720727e-06 1.92197708e-02 2.47367541e-05 6.65352613e-06 1.92451269e-02 2.47174847e-05 -4.16318866e-07 -2.53560251e-05 1.92693786e-08
0.8896762        1.16488847e-05 6.33454438e-03 2.12149458e-05 1.20590632e-05 6.35898480e-03 2.12020680e-05 -4.10178537e-07 -2.44404171e-05 1.28777987e-08
0.8898182        9.97442763e-06 -1.20139985e-02 2.97999798e-05 1.03902020e-05 -1.19884176e-02 2.97822230e-05 -4.15774384e-07 -2.55809326e-05 1.77568273e-08
0.8899589        2.23934825e-05 -3.10316046e-02 9.75954241e-06 2.28195422e-05 -3.10031048e-02 9.73585531e-06 -4.26059683e-07 -2.84998222e-05 2.36871013e-08
0.8900961        3.75032902e-05 -4.89024543e-02 -1.25229346e-06 3.79446863e-05 -4.88697111e-02 -1.28329068e-06 -4.41396188e-07 -3.27431831e-05 3.09972238e-08
0.8902282        1.72689778e-05 -4.61275223e-02 6.78911235e-06 1.77286222e-05 -4.60916660e-02 6.74807491e-06 -4.59644364e-07 -3.58562670e-05 4.10374472e-08
0.8903564        1.29918221e-05 -2.75994601e-02 5.59411313e-06 1.34611636e-05 -2.75627584e-02 5.54904473e-06 -4.69341479e-07 -3.67016723e-05 4.50683981e-08
0.8904829        1.70593319e-05 -9.31302041e-03 1.38455248e-05 1.75296837e-05 -9.27718057e-03 1.38012524e-05 -4.70351829e-07 -3.58398445e-05 4.42723482e-08
0.8906092        7.29361940e-06 9.34809163e-03 1.76515255e-05 7.75970818e-06 9.38162359e-03 1.76123026e-05 -4.66088779e-07 -3.35319636e-05 3.92228818e-08
0.8907372        5.79892232e-06 2.27861276e-02 2.39384406e-05 6.25483727e-06 2.28165058e-02 2.39076491e-05 -4.55914944e-07 -3.03781932e-05 3.07915119e-08
0.8908679        9.40939136e-06 1.35444685e-02 2.41110755e-05 9.85578743e-06 1.35731385e-02 2.40891273e-05 -4.46396076e-07 -2.86700164e-05 2.19481542e-08
0.8910003        1.74783058e-05 -2.68869679e-03 1.80774305e-05 1.79205160e-05 -2.65991881e-03 1.80604840e-05 -4.42210223e-07 -2.87779761e-05 1.69464452e-08
0.8911327        2.14256669e-05 -1.98213076e-02 1.20565433e-05 2.18710319e-05 -1.97908343e-02 1.20397804e-05 -4.45365088e-07 -3.04733668e-05 1.67629348e-08
0.8912633        2.23894558e-05 -3.74612702e-02 1.14805494e-05 2.28477351e-05 -3.74277213e-02 1.14566722e-05 -4.58279262e-07 -3.35489512e-05 2.38771257e-08
0.8913904        2.63761745e-05 -4.53372026e-02 6.79183635e-06 2.68500707e-05 -4.53004197e-02 6.75989079e-06 -4.73896134e-07 -3.67829057e-05 3.19455574e-08
0.891514         2.27340768e-05 -3.48132893e-02 7.25130317e-06 2.32195633e-05 -3.47748515e-02 7.21491530e-06 -4.85486513e-07 -3.84378346e-05 3.63878692e-08
0.8916352        1.97678397e-05 -2.26354709e-02 7.30028200e-06 2.02588802e-05 -2.25966442e-02 7.26379246e-06 -4.91040578e-07 -3.88267692e-05 3.64895368e-08
0.8917554        1.35898313e-05 -1.05269299e-02 1.72634552e-05 1.40822030e-05 -1.04887152e-02 1.72292719e-05 -4.92371708e-07 -3.82147676e-05 3.41832748e-08
0.8918754        1.16998970e-05 1.66443224e-03 1.94062461e-05 1.21878095e-05 1.70116458e-03 1.93777946e-05 -4.87912468e-07 -3.67323400e-05 2.84515178e-08
0.8919963        8.93845468e-06 8.52287759e-03 2.36095549e-05 9.41825976e-06 8.55782262e-03 2.35885282e-05 -4.79805082e-07 -3.49450291e-05 2.10267251e-08
0.8921186        1.01259188e-05 1.11776702e-03 1.93284065e-05 1.05988522e-05 1.15195498e-03 1.93145830e-05 -4.72933398e-07 -3.41879635e-05 1.38235425e-08
0.8922416        2.29169830e-05 -8.72458162e-03 1.66236933e-05 2.33876482e-05 -8.69013527e-03 1.66143564e-05 -4.70665199e-07 -3.44463488e-05 9.33688253e-09
0.8923644        2.02898316e-05 -1.92026274e-02 1.53134904e-05 2.07651100e-05 -1.91670491e-02 1.53037542e-05 -4.75278420e-07 -3.55782852e-05 9.73616681e-09
0.8924859        2.37630760e-05 -2.97018010e-02 1.00980039e-05 2.42479694e-05 -2.96643430e-02 1.00843550e-05 -4.84893385e-07 -3.74580602e-05 1.36488946e-08
0.8926052        2.64379049e-05 -3.84475581e-02 7.52135203e-06 2.69354923e-05 -3.84077735e-02 7.50149818e-06 -4.97587343e-07 -3.97846159e-05 1.98538593e-08
0.8927219        2.45440220e-05 -3.45036036e-02 8.91233375e-06 2.50517577e-05 -3.44622807e-02 8.88845830e-06 -5.07735755e-07 -4.13228450e-05 2.38754490e-08
0.8928367        2.26248709e-05 -2.43306867e-02 1.34729018e-05 2.31382153e-05 -2.42888634e-02 1.34482443e-05 -5.13344434e-07 -4.18233274e-05 2.46575211e-08
0.8929503        1.38164553e-05 -1.42853559e-02 1.42475044e-05 1.43306061e-05 -1.42438357e-02 1.42258174e-05 -5.14150740e-07 -4.15202670e-05 2.16869744e-08
0.8930637        1.60080180e-05 -4.34095192e-03 1.53531821e-05 1.65173004e-05 -4.30041329e-03 1.53381938e-05 -5.09282434e-07 -4.05386322e-05 1.49882881e-08
0.8931775        1.07434292e-05 5.46380181e-03 2.20002993e-05 1.12443353e-05 5.50276095e-03 2.19931678e-05 -5.00906081e-07 -3.89591414e-05 7.13151305e-09
0.8932924        1.09889516e-05 6.60130908e-03 2.12019409e-05 1.14805429e-05 6.63889464e-03 2.12049094e-05 -4.91591314e-07 -3.75855572e-05 -2.96850674e-09
0.8934086        1.70782378e-05 -2.61928028e-03 1.89793846e-05 1.75651572e-05 -2.58205220e-03 1.89893561e-05 -4.86919399e-07 -3.72280791e-05 -9.97142557e-09
0.893525         1.85506357e-05 -1.27430320e-02 1.70080586e-05 1.90379145e-05 -1.27052810e-02 1.70205687e-05 -4.87278858e-07 -3.77509567e-05 -1.25100684e-08
0.893641         1.37693908e-05 -2.31687927e-02 1.64826155e-05 1.42630388e-05 -2.31297565e-02 1.64928363e-05 -4.93648003e-07 -3.90361492e-05 -1.02207991e-08
0.8937558        2.89170980e-05 -3.41706784e-02 1.08698852e-05 2.94201859e-05 -3.41296779e-02 1.08762712e-05 -5.03087927e-07 -4.10004157e-05 -6.38601587e-09
0.8938686        2.83349953e-05 -4.09180433e-02 3.49326625e-06 2.88497947e-05 -4.08748497e-02 3.49435333e-06 -5.14799440e-07 -4.31936247e-05 -1.08708725e-09
0.8939791        2.58743107e-05 -3.46193890e-02 9.55255989e-06 2.63981314e-05 -3.45748968e-02 9.54859902e-06 -5.23820685e-07 -4.44921644e-05 3.96087938e-09
0.8940881        2.61124266e-05 -2.52698534e-02 2.30040373e-07 2.66384216e-05 -2.52249452e-02 2.28868419e-07 -5.25995012e-07 -4.49081616e-05 1.17195456e-09
0.894196         1.92268848e-05 -1.62676567e-02 7.54087279e-06 1.97519169e-05 -1.62230265e-02 7.54413295e-06 -5.25032106e-07 -4.46301710e-05 -3.26015452e-09
0.8943038        1.69641492e-05 -7.07063520e-03 2.09933318e-05 1.74860601e-05 -7.02688319e-03 2.10007686e-05 -5.21910892e-07 -4.37520086e-05 -7.43678815e-09
0.8944117        1.53419427e-05 2.02631015e-03 2.65122343e-05 1.58575575e-05 2.06864625e-03 2.65253464e-05 -5.15614820e-07 -4.23360926e-05 -1.31121508e-08
0.8945205        1.48535972e-05 4.17248783e-03 2.33480344e-05 1.53623498e-05 4.21349979e-03 2.33711361e-05 -5.08752584e-07 -4.10119590e-05 -2.31017608e-08
0.8946301        1.52195562e-05 -3.42035850e-03 2.76855946e-05 1.57250486e-05 -3.37982093e-03 2.77142646e-05 -5.05492406e-07 -4.05375748e-05 -2.86699784e-08
0.8947401        2.06583322e-05 -1.22413418e-02 1.60845627e-05 2.11627785e-05 -1.22005152e-02 1.61173861e-05 -5.04446281e-07 -4.08266033e-05 -3.28234253e-08
0.8948498        2.33703000e-05 -2.10485057e-02 1.39101622e-05 2.38775373e-05 -2.10067369e-02 1.39440982e-05 -5.07237368e-07 -4.17688425e-05 -3.39360084e-08
0.8949586        2.58861380e-05 -3.01967112e-02 1.11242296e-05 2.64000815e-05 -3.01534180e-02 1.11562489e-05 -5.13943437e-07 -4.32931980e-05 -3.20192707e-08
0.8950661        2.85237085e-05 -3.90423184e-02 7.95471234e-06 2.90481593e-05 -3.89970156e-02 7.98194121e-06 -5.24450839e-07 -4.53027970e-05 -2.72288698e-08
0.8951719        2.76588397e-05 -3.94454814e-02 8.72290575e-06 2.81931957e-05 -3.93984833e-02 8.74446315e-06 -5.34355937e-07 -4.69981522e-05 -2.15573957e-08
0.8952761        2.06459965e-05 -3.04856556e-02 1.42506036e-05 2.11870704e-05 -3.04379100e-02 1.42679084e-05 -5.41073946e-07 -4.77455218e-05 -1.73048376e-08
0.8953793        2.45978356e-05 -2.12198536e-02 1.05575386e-05 2.51403268e-05 -2.11721117e-02 1.05759080e-05 -5.42491135e-07 -4.77419513e-05 -1.83694248e-08
0.8954821        2.06389482e-05 -1.16458525e-02 1.90715193e-05 2.11801713e-05 -1.15987493e-02 1.90922088e-05 -5.41223068e-07 -4.71031769e-05 -2.06895336e-08
0.8955848        1.72488936e-05 -2.12958712e-03 2.01758736e-05 1.77852194e-05 -2.08369157e-03 2.02014165e-05 -5.36325795e-07 -4.58955529e-05 -2.55429449e-08
0.8956881        1.41273986e-05 7.60843187e-03 2.42688098e-05 1.46569400e-05 7.65259012e-03 2.43027889e-05 -5.29541371e-07 -4.41582467e-05 -3.39790987e-08
0.8957924        1.51495957e-05 8.84771603e-03 2.96631231e-05 1.56711006e-05 8.89035423e-03 2.97071493e-05 -5.21504923e-07 -4.26381923e-05 -4.40261993e-08
0.8958978        1.75689079e-05 -2.06371239e-03 1.85764991e-05 1.80847924e-05 -2.02153941e-03 1.86284849e-05 -5.15884581e-07 -4.21729863e-05 -5.19857374e-08
0.8960035        2.33495125e-05 -1.39160640e-02 1.68696880e-05 2.38636631e-05 -1.38734321e-02 1.69261157e-05 -5.14150609e-07 -4.26318985e-05 -5.64276706e-08
0.8961089        2.58564614e-05 -2.59184372e-02 1.47014561e-05 2.63734584e-05 -2.58745370e-02 1.47586592e-05 -5.16996984e-07 -4.39002004e-05 -5.72030151e-08
0.8962135        3.42605675e-05 -3.78085782e-02 3.16697372e-05 3.47865665e-05 -3.77626983e-02 3.17214927e-05 -5.25998974e-07 -4.58798507e-05 -5.17554972e-08
0.8963165        2.77745561e-05 -4.96445537e-02 -6.37648320e-06 2.83108192e-05 -4.95961051e-02 -6.32772042e-06 -5.36263033e-07 -4.84485525e-05 -4.87627822e-08
0.8964176        3.22335560e-05 -4.95632902e-02 4.64524663e-06 3.27797904e-05 -4.95127349e-02 4.68760133e-06 -5.46234438e-07 -5.05553582e-05 -4.23546991e-08
0.8965169        2.90411456e-05 -3.80719093e-02 1.20717299e-05 2.95934377e-05 -3.80203935e-02 1.21116215e-05 -5.52292120e-07 -5.15158213e-05 -3.98915384e-08
0.8966152        2.46529912e-05 -2.61295224e-02 1.89809887e-05 2.52077130e-05 -2.60779490e-02 1.90210544e-05 -5.54721864e-07 -5.15733187e-05 -4.00657708e-08
0.8967129        2.11814303e-05 -1.38099484e-02 2.24110658e-05 2.17350558e-05 -1.37590858e-02 2.24540984e-05 -5.53625529e-07 -5.08625661e-05 -4.30326259e-08
0.8968107        1.99014611e-05 -1.34203857e-03 1.67317179e-05 2.04493008e-05 -1.29257735e-03 1.67811637e-05 -5.47839722e-07 -4.94612210e-05 -4.94457628e-08
0.896909         2.13635909e-05 1.04072129e-02 2.24061954e-05 2.19027828e-05 1.04546698e-02 2.24651816e-05 -5.39191858e-07 -4.74568540e-05 -5.89861635e-08
0.8970084        1.14952173e-05 1.10368563e-02 2.66572736e-05 1.20257791e-05 1.10825873e-02 2.67272676e-05 -5.30561758e-07 -4.57309842e-05 -6.99940105e-08
0.8971089        1.91019209e-05 1.63785770e-03 2.31818285e-05 1.96256240e-05 1.68278970e-03 2.32602981e-05 -5.23703159e-07 -4.49320020e-05 -7.84695914e-08
0.8972099        2.23232708e-05 -8.89524621e-03 1.05695769e-05 2.28423464e-05 -8.85032800e-03 1.06551140e-05 -5.19075588e-07 -4.49182103e-05 -8.55370844e-08
0.897311         2.67090136e-05 -1.87593843e-02 7.83639307e-06 2.72268004e-05 -1.87138078e-02 7.92620039e-06 -5.17786750e-07 -4.55765390e-05 -8.98073231e-08
0.8974117        3.58416729e-05 -2.92584583e-02 -8.96153590e-06 3.63597231e-05 -2.92116109e-02 -8.86714600e-06 -5.18050227e-07 -4.68473984e-05 -9.43898995e-08
0.8975114        3.69199887e-05 -3.98183055e-02 1.82485963e-05 3.74456434e-05 -3.97696406e-02 1.83397044e-05 -5.25654612e-07 -4.86649093e-05 -9.11081282e-08
0.8976097        3.35838421e-05 -4.38802536e-02 9.00318272e-06 3.41175840e-05 -4.38297818e-02 9.09097184e-06 -5.33741908e-07 -5.04718066e-05 -8.77891198e-08
0.8977067        1.18592037e-06 -3.71132060e-02 4.05841633e-05 1.73251611e-06 -3.70617136e-02 4.06592853e-05 -5.46595740e-07 -5.14924327e-05 -7.51219174e-08
0.8978026        3.45499864e-05 -2.94490376e-02 1.05516717e-05 3.50972685e-05 -2.93971529e-02 1.06290392e-05 -5.47282110e-07 -5.18847574e-05 -7.73675126e-08
0.8978978        4.07574007e-05 -2.19243595e-02 1.07211478e-05 4.13014743e-05 -2.18725884e-02 1.08047638e-05 -5.44073662e-07 -5.17710286e-05 -8.36159997e-08
0.8979928        2.38471507e-05 -1.38985842e-02 2.03774573e-05 2.43878471e-05 -1.38473721e-02 2.04656874e-05 -5.40696398e-07 -5.12120401e-05 -8.82300691e-08
0.8980879        2.31877643e-05 -6.00038091e-03 2.26811257e-05 2.37226622e-05 -5.95012929e-03 2.27754082e-05 -5.34897938e-07 -5.02516125e-05 -9.42825095e-08
0.8981834        2.15783944e-05 7.48264812e-04 2.40428753e-05 2.21061566e-05 7.97269649e-04 2.41471705e-05 -5.27762188e-07 -4.90048372e-05 -1.04295133e-07
0.8982796        2.36756605e-05 -2.11561651e-03 2.00036259e-05 2.41952812e-05 -2.06745413e-03 2.01187398e-05 -5.19620691e-07 -4.81623745e-05 -1.15113881e-07
0.8983764        2.59667060e-05 -8.01341816e-03 -2.30970925e-07 2.64779974e-05 -7.96556249e-03 -1.04288894e-07 -5.11291443e-07 -4.78556641e-05 -1.26682031e-07
0.8984735        3.38224652e-05 -1.42364091e-02 1.08095774e-05 3.43286821e-05 -1.41884185e-02 1.09435396e-05 -5.06216844e-07 -4.79906242e-05 -1.33962220e-07
0.8985704        2.80628630e-05 -2.04868226e-02 3.72982608e-05 2.85706928e-05 -2.04383102e-02 3.74314005e-05 -5.07829768e-07 -4.85123509e-05 -1.33139779e-07
0.898667         3.15974623e-05 -2.66964447e-02 2.83694217e-05 3.21081444e-05 -2.66470731e-02 2.85015768e-05 -5.10682160e-07 -4.93716693e-05 -1.32155056e-07
0.898763         2.85902724e-05 -3.30446056e-02 9.53612231e-06 2.91048395e-05 -3.29940669e-02 9.66744943e-06 -5.14567081e-07 -5.05387079e-05 -1.31327127e-07
0.898858         2.88646341e-05 -3.77393421e-02 1.46777285e-05 2.93849644e-05 -3.76875078e-02 1.48034518e-05 -5.20330263e-07 -5.18342445e-05 -1.25723294e-07
0.898952         2.78081968e-05 -3.36060040e-02 4.16316515e-05 2.83357576e-05 -3.35533809e-02 4.17496615e-05 -5.27560800e-07 -5.26230926e-05 -1.18009987e-07
0.8990453        4.23477880e-05 -2.69453114e-02 -1.44392848e-05 4.28708100e-05 -2.68924350e-02 -1.43125272e-05 -5.23022000e-07 -5.28764539e-05 -1.26757569e-07
0.8991381        3.07959301e-05 -2.03638073e-02 1.65607402e-05 3.13167588e-05 -2.03111084e-02 1.66911850e-05 -5.20828664e-07 -5.26988201e-05 -1.30444782e-07
0.8992308        2.39467601e-05 -1.36643580e-02 2.09055483e-05 2.44638148e-05 -1.36122109e-02 2.10403174e-05 -5.17054688e-07 -5.21470840e-05 -1.34769131e-07
0.8993235        2.44827721e-05 -7.04782864e-03 2.21242488e-05 2.49951364e-05 -6.99656575e-03 2.22653204e-05 -5.12364306e-07 -5.12628946e-05 -1.41071631e-07
0.8994165        2.76069327e-05 -2.58334868e-04 2.22988881e-05 2.81114705e-05 -2.08284066e-04 2.24506272e-05 -5.04537818e-07 -5.00508020e-05 -1.51739058e-07
0.8995102        1.93853245e-05 2.64916833e-03 2.68530464e-05 1.98817365e-05 2.69797189e-03 2.70144853e-05 -4.96411928e-07 -4.88035574e-05 -1.61438898e-07
0.8996047        2.54312746e-05 -4.35041532e-03 2.36254451e-05 2.59210654e-05 -4.30218802e-03 2.37944464e-05 -4.89790807e-07 -4.82273052e-05 -1.69001258e-07
0.8996995        3.19034865e-05 -1.28289928e-02 1.97436579e-05 3.23884776e-05 -1.27807115e-02 1.99185509e-05 -4.84991094e-07 -4.82813045e-05 -1.74892924e-07
0.8997943        3.59805287e-05 -2.14709973e-02 1.68859371e-05 3.64630343e-05 -2.14221127e-02 1.70650188e-05 -4.82505594e-07 -4.88846124e-05 -1.79081609e-07
0.8998971        3.70817102e-05 -2.95165615e-02 1.41256252e-05 3.75644281e-05 -2.94665144e-02 1.43062721e-05 -4.82717938e-07 -5.00471457e-05 -1.80646831e-07
0.9              3.73458686e-05 -3.93784965e-02 1.24406634e-05 3.78319797e-05 -3.93266998e-02 1.26196967e-05 -4.86111078e-07 -5.17967231e-05 -1.79033335e-07
0.9000929        4.23276830e-05 -4.98292179e-02 9.41927219e-06 4.28200186e-05 -4.97753964e-02 9.59333362e-06 -4.92335660e-07 -5.38215823e-05 -1.74061430e-07
0.9001846        3.32312921e-05 -4.41536071e-02 1.10777566e-05 3.37283526e-05 -4.40984807e-02 1.12479882e-05 -4.97060526e-07 -5.51264454e-05 -1.70231647e-07
0.9002753        3.54978332e-05 -3.46338956e-02 9.79309095e-06 3.59955295e-05 -3.45782552e-02 9.96418418e-06 -4.97696242e-07 -5.56403794e-05 -1.71093227e-07
0.9003655        2.88803564e-05 -2.47512527e-02 2.17629587e-05 2.93769299e-05 -2.46957439e-02 2.19358479e-05 -4.96573487e-07 -5.55087958e-05 -1.72889258e-07
0.9004555        2.79727827e-05 -1.41019178e-02 2.25581921e-05 2.84651034e-05 -1.40471172e-02 2.27356559e-05 -4.92320701e-07 -5.48005628e-05 -1.77463809e-07
0.9005456        2.83559183e-05 -4.79752796e-03 1.96463716e-05 2.88410927e-05 -4.74392956e-03 1.98303387e-05 -4.85174404e-07 -5.35983997e-05 -1.83967084e-07
0.9006361        3.29366235e-05 5.16579408e-03 3.42609846e-05 3.34138946e-05 5.21771264e-03 3.44533490e-05 -4.77271086e-07 -5.19185593e-05 -1.92364402e-07
0.9007273        2.11891470e-05 8.98242873e-03 1.68888883e-05 2.16564269e-05 9.03264881e-03 1.70945183e-05 -4.67279910e-07 -5.02200764e-05 -2.05629943e-07
0.9008194        2.45935596e-05 1.59922694e-03 3.16369448e-05 2.50543976e-05 1.64846879e-03 3.18503075e-05 -4.60838019e-07 -4.92418496e-05 -2.13362726e-07
0.9009121        3.31563114e-05 -7.03269200e-03 3.62054799e-06 3.36091135e-05 -6.98378561e-03 3.84485735e-06 -4.52802132e-07 -4.89063839e-05 -2.24309367e-07
0.9010051        2.50073599e-05 -1.63469010e-02 9.64010160e-06 2.54568606e-05 -1.62977585e-02 9.87000639e-06 -4.49500705e-07 -4.91425197e-05 -2.29904787e-07
0.9010979        3.60134680e-05 -2.47226901e-02 2.17903935e-05 3.64627780e-05 -2.46728191e-02 2.20223013e-05 -4.49309990e-07 -4.98710244e-05 -2.31907814e-07
0.9011904        3.30420637e-05 -3.35012158e-02 2.45937585e-05 3.34946690e-05 -3.34501582e-02 2.48245718e-05 -4.52605334e-07 -5.10575459e-05 -2.30813317e-07
0.9012824        3.29094558e-05 -4.23434281e-02 1.64688577e-05 3.33665539e-05 -4.22907796e-02 1.66966900e-05 -4.57098076e-07 -5.26484994e-05 -2.27832334e-07
0.9013733        4.41340818e-05 -4.44835095e-02 1.49374843e-05 4.45966451e-05 -4.44294113e-02 1.51607894e-05 -4.62563322e-07 -5.40982154e-05 -2.23305066e-07
0.9014633        3.19212375e-05 -3.71119655e-02 1.44760520e-05 3.23869356e-05 -3.70571035e-02 1.46961338e-05 -4.65698086e-07 -5.48619749e-05 -2.20081781e-07
0.9015528        3.31562001e-05 -2.95166621e-02 1.70790439e-05 3.36221911e-05 -2.94615867e-02 1.72989601e-05 -4.65991014e-07 -5.50754717e-05 -2.19916226e-07
0.9016418        3.25523695e-05 -2.18729720e-02 1.93016632e-05 3.30162946e-05 -2.18181412e-02 1.95238969e-05 -4.63925045e-07 -5.48307561e-05 -2.22233769e-07
0.9017307        2.93755805e-05 -1.41367297e-02 2.27504694e-05 2.98357974e-05 -1.40825496e-02 2.29760456e-05 -4.60216893e-07 -5.41801258e-05 -2.25576264e-07
0.9018198        3.13775813e-05 -6.31274178e-03 2.23351202e-05 3.18325869e-05 -6.25958571e-03 2.25658830e-05 -4.55005532e-07 -5.31560663e-05 -2.30762842e-07
0.9019093        2.60491610e-05 1.36305223e-03 2.69521186e-05 2.64975237e-05 1.41484463e-03 2.71902776e-05 -4.48362679e-07 -5.17924086e-05 -2.38159009e-07
0.9019995        1.68521552e-05 1.80486200e-03 3.24825854e-05 1.72949858e-05 1.85545668e-03 3.27286092e-05 -4.42830647e-07 -5.05946823e-05 -2.46023750e-07
0.9020904        4.10630315e-05 -4.43453882e-03 1.74805404e-05 4.14984928e-05 -4.38457789e-03 1.77361895e-05 -4.35461325e-07 -4.99609325e-05 -2.55649058e-07
0.9021818        2.67720096e-05 -1.13363001e-02 2.45595835e-05 2.72046929e-05 -1.12864910e-02 2.48194045e-05 -4.32683276e-07 -4.98090684e-05 -2.59821034e-07
0.9022733        3.28365435e-05 -1.85676381e-02 1.99917765e-05 3.32677726e-05 -1.85175540e-02 2.02544925e-05 -4.31229073e-07 -5.00841121e-05 -2.62715944e-07
0.9023647        3.88468618e-05 -2.56698468e-02 1.65380243e-05 3.92781617e-05 -2.56191043e-02 1.68024865e-05 -4.31299878e-07 -5.07424770e-05 -2.64462147e-07
0.9024559        2.80405279e-05 -3.32298845e-02 1.19071344e-05 2.84745472e-05 -3.31781253e-02 1.21700883e-05 -4.34019264e-07 -5.17592867e-05 -2.62953806e-07
0.9025464        2.88406714e-05 -3.96819817e-02 2.16778056e-05 2.92812812e-05 -3.96289214e-02 2.19340431e-05 -4.40609793e-07 -5.30603287e-05 -2.56237518e-07
0.9026362        3.47527670e-05 -4.00912841e-02 1.58573715e-05 3.51993990e-05 -4.00371074e-02 1.61082393e-05 -4.46632071e-07 -5.41767829e-05 -2.50867826e-07
0.9027253        3.44783350e-05 -3.43004883e-02 1.93544848e-05 3.49282353e-05 -3.42457486e-02 1.96014697e-05 -4.49900342e-07 -5.47397897e-05 -2.46984885e-07
0.9028139        3.28899125e-05 -2.74457208e-02 2.04516377e-05 3.33410432e-05 -2.73908825e-02 2.06967847e-05 -4.51130668e-07 -5.48382260e-05 -2.45146965e-07
0.9029023        3.17628518e-05 -2.09663339e-02 2.31362332e-05 3.22133771e-05 -2.09117802e-02 2.33810553e-05 -4.50525311e-07 -5.45537218e-05 -2.44822006e-07
0.9029906        3.22679381e-05 -1.39434730e-02 2.42134253e-05 3.27162658e-05 -1.38895559e-02 2.44600108e-05 -4.48327634e-07 -5.39170329e-05 -2.46585538e-07
0.9030791        2.30897471e-05 -7.43308358e-03 2.82393592e-05 2.35357803e-05 -7.38011709e-03 2.84884425e-05 -4.46033216e-07 -5.29664939e-05 -2.49083292e-07
0.9031681        3.72422769e-05 -6.33592709e-04 2.51188811e-05 3.76827074e-05 -5.81861458e-04 2.53751719e-05 -4.40430526e-07 -5.17312509e-05 -2.56290766e-07
0.9032577        2.61619361e-05 -3.91343130e-04 3.59843166e-05 2.65984833e-05 -3.40643869e-04 3.62456254e-05 -4.36547251e-07 -5.06992604e-05 -2.61308797e-07
0.903348         1.76607182e-05 -6.10873480e-03 2.41245497e-05 1.80946095e-05 -6.05858464e-03 2.43897922e-05 -4.33891250e-07 -5.01501648e-05 -2.65242439e-07
0.9034386        3.43461205e-05 -1.25751624e-02 1.75156502e-05 3.47769908e-05 -1.25251489e-02 1.77850871e-05 -4.30870328e-07 -5.00134781e-05 -2.69436964e-07
0.9035295        3.17470235e-05 -1.85981384e-02 7.60911297e-06 3.21757062e-05 -1.85479100e-02 7.88253232e-06 -4.28682744e-07 -5.02284275e-05 -2.73419356e-07
0.9036202        3.49111216e-05 -2.47602363e-02 9.47320987e-06 3.53393888e-05 -2.47094711e-02 9.74863536e-06 -4.28267232e-07 -5.07651950e-05 -2.75425487e-07
0.9037108        2.03426181e-05 -3.10000677e-02 3.81620932e-05 2.07772205e-05 -3.09484754e-02 3.84295233e-05 -4.34602401e-07 -5.15923305e-05 -2.67430122e-07
0.9038009        4.55212896e-05 -3.70060715e-02 1.96199054e-05 4.59603247e-05 -3.69534020e-02 1.98818701e-05 -4.39035157e-07 -5.26694586e-05 -2.61964715e-07
0.9038904        4.06265544e-05 -3.65556429e-02 1.68865553e-05 4.10705480e-05 -3.65020882e-02 1.71435053e-05 -4.43993619e-07 -5.35547088e-05 -2.56949996e-07
0.9039793        3.44715212e-05 -3.15050946e-02 1.95580839e-05 3.49187954e-05 -3.14511226e-02 1.98109658e-05 -4.47274203e-07 -5.39720619e-05 -2.52881840e-07
0.9040678        3.29943635e-05 -2.59500011e-02 2.28048644e-05 3.34433425e-05 -2.58959953e-02 2.30547414e-05 -4.48979033e-07 -5.40058217e-05 -2.49876943e-07
0.9041561        3.31880539e-05 -2.02946988e-02 1.75653092e-05 3.36363253e-05 -2.02409843e-02 1.78151424e-05 -4.48271441e-07 -5.37144626e-05 -2.49833281e-07
0.9042445        3.81901372e-05 -1.47272160e-02 1.06755167e-05 3.86352704e-05 -1.46740796e-02 1.09290365e-05 -4.45133175e-07 -5.31363334e-05 -2.53519812e-07
0.9043331        1.59588466e-05 -8.91831433e-03 3.30669481e-05 1.64035613e-05 -8.86602801e-03 3.33216061e-05 -4.44714698e-07 -5.22863169e-05 -2.54658066e-07
0.9044221        3.03519911e-05 -4.24151356e-03 3.54425869e-05 3.07937755e-05 -4.19027232e-03 3.57014544e-05 -4.41784335e-07 -5.12412340e-05 -2.58867518e-07
0.9045117        2.72709429e-05 -6.79172349e-03 2.47203783e-05 2.77089433e-05 -6.74121054e-03 2.49848244e-05 -4.38000383e-07 -5.05129491e-05 -2.64446123e-07
0.9046017        2.59287648e-05 -1.09074506e-02 5.56682153e-05 2.63681225e-05 -1.08573326e-02 5.59304577e-05 -4.39357666e-07 -5.01180478e-05 -2.62242358e-07
0.904692         3.37678353e-05 -1.45275717e-02 1.25897572e-05 3.42041737e-05 -1.44775995e-02 1.28565677e-05 -4.36338423e-07 -4.99721176e-05 -2.66810511e-07
0.9047825        3.27919301e-05 -1.82309569e-02 2.18278676e-05 3.32276750e-05 -1.81809099e-02 2.20957663e-05 -4.35744970e-07 -5.00469576e-05 -2.67898746e-07
0.904873         3.31821327e-05 -2.21828605e-02 2.25126241e-05 3.36183495e-05 -2.21325350e-02 2.27793262e-05 -4.36216783e-07 -5.03254993e-05 -2.66702092e-07
0.9049635        2.80516327e-05 -2.57298797e-02 5.06667682e-06 2.84885701e-05 -2.56790984e-02 5.33225532e-06 -4.36937430e-07 -5.07812915e-05 -2.65578506e-07
0.9050536        3.63147091e-05 -2.91103578e-02 1.25693855e-05 3.67541280e-05 -2.90589876e-02 1.28313132e-05 -4.39418898e-07 -5.13702326e-05 -2.61927741e-07
0.9051434        5.16454398e-05 -2.79977871e-02 2.67018660e-05 5.20876702e-05 -2.79460252e-02 2.69588205e-05 -4.42230364e-07 -5.17618683e-05 -2.56954592e-07
0.9052329        2.67880221e-05 -2.55312071e-02 2.46167032e-05 2.72337517e-05 -2.54792837e-02 2.48687485e-05 -4.45729605e-07 -5.19234809e-05 -2.52045222e-07
0.9053222        3.74791657e-05 -2.27146963e-02 1.78732844e-05 3.79258193e-05 -2.26627992e-02 1.81237635e-05 -4.46653550e-07 -5.18971301e-05 -2.50479094e-07
0.9054116        1.61253008e-05 -2.01705468e-02 3.66546186e-05 1.65755171e-05 -2.01188299e-02 3.69002603e-05 -4.50216266e-07 -5.17168896e-05 -2.45641761e-07
0.9055009        3.88520297e-05 -1.73963701e-02 1.38525091e-05 3.93002207e-05 -1.73449735e-02 1.41009110e-05 -4.48191025e-07 -5.13966655e-05 -2.48401887e-07
0.9055904        2.80479135e-05 -1.48420685e-02 1.04041395e-05 2.84936997e-05 -1.47911178e-02 1.06564157e-05 -4.45786242e-07 -5.09506777e-05 -2.52276206e-07
0.9056801        2.94855708e-05 -1.24334382e-02 1.95895641e-05 2.99287407e-05 -1.23830333e-02 1.98453763e-05 -4.43169821e-07 -5.04048437e-05 -2.55812186e-07
0.9057701        4.18446924e-05 -1.31587139e-02 7.19099316e-06 4.22834403e-05 -1.31087270e-02 7.45290199e-06 -4.38747914e-07 -4.99869017e-05 -2.61908831e-07
0.9058605        2.96247350e-05 -1.56002009e-02 3.96258669e-05 3.00636224e-05 -1.55504294e-02 3.98870454e-05 -4.38887443e-07 -4.97715178e-05 -2.61178443e-07
0.905951         3.09964459e-05 -1.74418427e-02 2.68988808e-05 3.14348611e-05 -1.73921391e-02 2.71603052e-05 -4.38415197e-07 -4.97036058e-05 -2.61424386e-07
0.9060416        3.56523408e-05 -1.98577671e-02 1.38084544e-05 3.60892536e-05 -1.98079895e-02 1.40714431e-05 -4.36912817e-07 -4.97776116e-05 -2.62988742e-07
0.9061322        3.11982486e-05 -2.19269287e-02 2.44278914e-05 3.16359838e-05 -2.18769567e-02 2.46887437e-05 -4.37735172e-07 -4.99720466e-05 -2.60852328e-07
0.9062227        3.38003342e-05 -2.40150219e-02 1.88712793e-05 3.42395508e-05 -2.39647431e-02 1.91290413e-05 -4.39216610e-07 -5.02787356e-05 -2.57762003e-07
0.9063131        4.04129900e-05 -2.62034822e-02 1.94578216e-05 4.08537868e-05 -2.61527826e-02 1.97122989e-05 -4.40796704e-07 -5.06996292e-05 -2.54477324e-07
0.9064033        2.98723832e-05 -2.62053638e-02 1.95542605e-05 3.03161551e-05 -2.61543078e-02 1.98040731e-05 -4.43771919e-07 -5.10559810e-05 -2.49812542e-07
0.9064933        3.32040931e-05 -2.39140920e-02 2.68719361e-05 3.36503372e-05 -2.38629153e-02 2.71172370e-05 -4.46244132e-07 -5.11767389e-05 -2.45300969e-07
0.9065832        2.90539400e-05 -2.12022523e-02 2.59075227e-05 2.95019161e-05 -2.11511572e-02 2.61497712e-05 -4.47976087e-07 -5.10951315e-05 -2.42248468e-07
0.9066731        3.20427769e-05 -1.83883178e-02 1.25247099e-05 3.24901161e-05 -1.83374813e-02 1.27678002e-05 -4.47339210e-07 -5.08364486e-05 -2.43090212e-07
0.9067631        7.25774958e-06 -1.63870916e-02 7.64389977e-05 7.71361228e-06 -1.63366590e-02 7.66698070e-05 -4.55862699e-07 -5.04325379e-05 -2.30809310e-07
0.9068533        3.17370825e-05 -1.26735356e-02 2.10513705e-06 3.21883961e-05 -1.26236755e-02 2.34274732e-06 -4.51313662e-07 -4.98601351e-05 -2.37610278e-07
0.9069437        3.60234605e-05 -1.14881828e-02 5.97794102e-05 3.64758995e-05 -1.14389011e-02 6.00146411e-05 -4.52438997e-07 -4.92816915e-05 -2.35230910e-07
0.9070345        2.96452783e-05 -1.51133761e-02 8.91028886e-06 3.00949786e-05 -1.50643576e-02 9.15059676e-06 -4.49700338e-07 -4.90184997e-05 -2.40307894e-07
0.9071255        2.87948880e-05 -1.58201453e-02 2.43055215e-05 2.92438326e-05 -1.57713533e-02 2.45473150e-05 -4.48944537e-07 -4.87920301e-05 -2.41793516e-07
0.9072166        3.22954201e-05 -1.62991895e-02 2.35938378e-05 3.27434541e-05 -1.62505992e-02 2.38366931e-05 -4.48033962e-07 -4.85903021e-05 -2.42855275e-07
0.9073079        3.10831199e-05 -1.63795597e-02 2.37085207e-05 3.15305903e-05 -1.63311564e-02 2.39515554e-05 -4.47470449e-07 -4.84032643e-05 -2.43034702e-07
0.9073993        3.11407079e-05 -1.63883846e-02 2.32442947e-05 3.15879162e-05 -1.63401563e-02 2.34867626e-05 -4.47208336e-07 -4.82283117e-05 -2.42467900e-07
0.9074908        3.24078688e-05 -1.65020475e-02 2.20958965e-05 3.28549826e-05 -1.64539798e-02 2.23372939e-05 -4.47113743e-07 -4.80676763e-05 -2.41397437e-07
0.9075824        3.17672362e-05 -1.50594644e-02 2.22880893e-05 3.22145246e-05 -1.50116793e-02 2.25279348e-05 -4.47288402e-07 -4.77850841e-05 -2.39845466e-07
0.9076741        3.37603118e-05 -1.37601819e-02 2.13222484e-05 3.42074172e-05 -1.37127711e-02 2.15611065e-05 -4.47105418e-07 -4.74108079e-05 -2.38858050e-07
0.9077661        3.82352216e-05 -1.59495332e-02 1.86454980e-05 3.86818444e-05 -1.59023208e-02 1.88840616e-05 -4.46622812e-07 -4.72123819e-05 -2.38563559e-07
0.9078582        2.68140755e-05 -1.81150554e-02 2.31808140e-05 2.72613308e-05 -1.80678963e-02 2.34181414e-05 -4.47255351e-07 -4.71591111e-05 -2.37327343e-07
0.9079503        3.01048123e-05 -2.03706449e-02 2.44634525e-05 3.05526018e-05 -2.03234066e-02 2.46995935e-05 -4.47789511e-07 -4.72383579e-05 -2.36140939e-07
0.9080424        3.02021558e-05 -2.28289337e-02 1.84494774e-05 3.06497226e-05 -2.27814878e-02 1.86856646e-05 -4.47566819e-07 -4.74459000e-05 -2.36187235e-07
0.9081346        3.68114381e-05 -2.51728941e-02 1.81953766e-05 3.72585111e-05 -2.51251195e-02 1.84318508e-05 -4.47073069e-07 -4.77746338e-05 -2.36474207e-07
0.9082267        3.45320474e-05 -2.84736519e-02 1.64094024e-05 3.49792480e-05 -2.84253570e-02 1.66457049e-05 -4.47200645e-07 -4.82948989e-05 -2.36302422e-07
0.9083187        3.04469195e-05 -2.69477771e-02 2.14520608e-05 3.08946584e-05 -2.68991350e-02 2.16871903e-05 -4.47738865e-07 -4.86421589e-05 -2.35129502e-07
0.9084105        3.73741075e-05 -2.29035426e-02 2.22491037e-05 3.78215637e-05 -2.28548588e-02 2.24837034e-05 -4.47456238e-07 -4.86838422e-05 -2.34599732e-07
0.9085025        3.69690909e-05 -1.92290510e-02 2.56712468e-05 3.74163872e-05 -1.91805738e-02 2.59051131e-05 -4.47296278e-07 -4.84771699e-05 -2.33866301e-07
0.9085945        3.21518904e-05 -1.52864683e-02 2.47849412e-05 3.25990141e-05 -1.52384293e-02 2.50183266e-05 -4.47123724e-07 -4.80389689e-05 -2.33385406e-07
0.9086868        3.06151278e-05 -1.20212345e-02 1.43392509e-05 3.10607728e-05 -1.19738288e-02 1.45743802e-05 -4.45644968e-07 -4.74056828e-05 -2.35129280e-07
0.9087793        3.34518419e-05 -7.93356705e-03 3.15509397e-05 3.38973456e-05 -7.88700489e-03 3.17850823e-05 -4.45503694e-07 -4.65621563e-05 -2.34142551e-07
0.9088722        2.79642791e-05 -6.38771298e-03 1.94973205e-05 2.84085358e-05 -6.34199919e-03 1.97326150e-05 -4.44256641e-07 -4.57137829e-05 -2.35294483e-07
0.9089655        2.95952397e-05 -9.39146875e-03 2.18354701e-05 3.00389224e-05 -9.34629674e-03 2.20710173e-05 -4.43682678e-07 -4.51720083e-05 -2.35547238e-07
0.9090591        3.34409061e-05 -1.32674902e-02 2.11580597e-05 3.38839341e-05 -1.32225694e-02 2.13939019e-05 -4.43027995e-07 -4.49207986e-05 -2.35842177e-07
0.909153         2.51991568e-05 -1.72038647e-02 2.36127329e-05 2.56429871e-05 -1.71589376e-02 2.38472412e-05 -4.43830299e-07 -4.49271188e-05 -2.34508326e-07
0.9092469        3.09186693e-05 -2.13018636e-02 2.24073337e-05 3.13631971e-05 -2.12566908e-02 2.26403076e-05 -4.44527808e-07 -4.51727607e-05 -2.32973888e-07
0.9093409        3.30137766e-05 -2.51184423e-02 2.48867591e-05 3.34587635e-05 -2.50728061e-02 2.51176452e-05 -4.44986869e-07 -4.56362229e-05 -2.30886104e-07
0.9094348        3.31389484e-05 -2.93181618e-02 1.73130474e-05 3.35844138e-05 -2.92718375e-02 1.75423961e-05 -4.45465452e-07 -4.63242577e-05 -2.29348734e-07
0.9095286        2.59348807e-05 -3.00692909e-02 3.70708978e-05 2.63843885e-05 -3.00223401e-02 3.72936841e-05 -4.49507853e-07 -4.69507798e-05 -2.22786290e-07
0.9096221        3.33705285e-05 -2.54631320e-02 9.14132562e-06 3.38191839e-05 -2.54159624e-02 9.36481815e-06 -4.48655365e-07 -4.71695470e-05 -2.23492528e-07
0.9097156        2.77615263e-05 -2.09594763e-02 5.93589190e-05 2.82150086e-05 -2.09124306e-02 5.95737163e-05 -4.53482312e-07 -4.70456849e-05 -2.14797296e-07
