# Force         
# CofR          : (6.34000000e-02 0.00000000e+00 4.00000000e-03)
#
# Time          	total_x total_y total_z	pressure_x pressure_y pressure_z	viscous_x viscous_y viscous_z
0.00144          -1.69016106e+00 5.59257244e-05 -8.99576710e-01 -1.68923086e+00 5.58900172e-05 -8.99552067e-01 -9.30197067e-04 3.57071873e-08 -2.46433522e-05
0.00252          1.75136458e-01 -6.61038519e-05 9.90291578e-02 1.75886143e-01 -6.60893718e-05 9.90295870e-02 -7.49685281e-04 -1.44800506e-08 -4.29167155e-07
0.003715714      2.27192940e-01 -1.58731780e-05 1.28155284e-01 2.27809978e-01 -1.58457922e-05 1.28123399e-01 -6.17038024e-04 -2.73857738e-08 3.18848751e-05
0.005060893      1.90758878e-01 -5.57363591e-06 1.01238519e-01 1.91258448e-01 -5.54170887e-06 1.01213454e-01 -4.99570813e-04 -3.19270387e-08 2.50652692e-05
0.006534184      2.15110717e-01 2.91395103e-06 1.15734000e-01 2.15491696e-01 2.93914321e-06 1.15705418e-01 -3.80978814e-04 -2.51921842e-08 2.85813626e-05
0.008171173      2.18073881e-01 3.68998503e-06 1.16658464e-01 2.18333376e-01 3.70529175e-06 1.16629374e-01 -2.59495292e-04 -1.53067231e-08 2.90893490e-05
0.01002643       2.18706650e-01 -1.80315423e-06 1.15816573e-01 2.18835782e-01 -1.79109093e-06 1.15791277e-01 -1.29131717e-04 -1.20633073e-08 2.52956645e-05
0.01219089       2.24513163e-01 4.22999499e-06 1.17295099e-01 2.24490576e-01 4.22763263e-06 1.17280157e-01 2.25872931e-05 2.36236359e-09 1.49414016e-05
0.01483635       2.12209726e-01 -1.44428677e-07 1.09411346e-01 2.12022711e-01 -1.52940411e-07 1.09410997e-01 1.87014873e-04 8.51173404e-09 3.48633878e-07
0.01748181       2.40999210e-01 -2.15380944e-06 1.22001848e-01 2.40636843e-01 -2.16577036e-06 1.22024023e-01 3.62367114e-04 1.19609145e-08 -2.21746072e-05
0.01916528       3.18489480e-01 2.13239661e-06 1.59262263e-01 3.17994244e-01 2.10996783e-06 1.59306436e-01 4.95235331e-04 2.24287826e-08 -4.41731032e-05
0.02036776       3.00959398e-01 3.16931086e-06 1.45693660e-01 3.00387613e-01 3.13784207e-06 1.45767049e-01 5.71785088e-04 3.14687858e-08 -7.33894635e-05
0.02140991       3.05049333e-01 -5.96969905e-06 1.50809152e-01 3.04421157e-01 -6.00241283e-06 1.50889295e-01 6.28175916e-04 3.27137783e-08 -8.01430364e-05
0.02238258       2.27715597e-01 -4.14879030e-06 1.03238865e-01 2.27049970e-01 -4.18248948e-06 1.03353519e-01 6.65626792e-04 3.36991808e-08 -1.14654115e-04
0.02329041       2.75246226e-01 2.71133632e-06 1.30752824e-01 2.74538575e-01 2.67044362e-06 1.30880260e-01 7.07650845e-04 4.08926996e-08 -1.27435377e-04
0.02413771       2.92701961e-01 -1.57379920e-05 1.38878730e-01 2.91954089e-01 -1.57749676e-05 1.39014894e-01 7.47871665e-04 3.69756547e-08 -1.36163757e-04
0.02492853       2.76572012e-01 1.74707894e-05 1.26008104e-01 2.75788374e-01 1.74197012e-05 1.26164770e-01 7.83638443e-04 5.10881920e-08 -1.56666048e-04
0.02566663       2.70842791e-01 -9.51167961e-06 1.20726523e-01 2.70027229e-01 -9.56285048e-06 1.20904273e-01 8.15561499e-04 5.11708751e-08 -1.77750088e-04
0.02640473       2.72187088e-01 -1.17922948e-05 1.20271806e-01 2.71340277e-01 -1.18420025e-05 1.20470330e-01 8.46810979e-04 4.97077262e-08 -1.98523650e-04
0.02709011       2.75021649e-01 -1.25300133e-05 1.20599471e-01 2.74147939e-01 -1.25788435e-05 1.20815336e-01 8.73709862e-04 4.88302034e-08 -2.15865354e-04
0.02777548       2.49734271e-01 -3.60205996e-06 1.11160688e-01 2.48845262e-01 -3.65431565e-06 1.11383968e-01 8.89009670e-04 5.22556883e-08 -2.23280010e-04
0.02840814       2.84258713e-01 -3.10641342e-05 1.21055919e-01 2.83342569e-01 -3.11061045e-05 1.21299705e-01 9.16143821e-04 4.19702687e-08 -2.43785576e-04
0.02904079       2.94033667e-01 3.20212289e-05 1.27794688e-01 2.93092751e-01 3.19567590e-05 1.28050646e-01 9.40915988e-04 6.44699022e-08 -2.55957616e-04
0.02962073       3.15318224e-01 3.46049224e-06 1.37758369e-01 3.14354376e-01 3.39056921e-06 1.38022772e-01 9.63847913e-04 6.99230322e-08 -2.64403241e-04
0.03020066       2.85133065e-01 4.88999906e-06 1.17661178e-01 2.84148635e-01 4.81220618e-06 1.17944720e-01 9.84430140e-04 7.77928737e-08 -2.83541716e-04
0.03078059       2.92509802e-01 2.90901764e-05 1.19461161e-01 2.91503874e-01 2.89951832e-05 1.19762489e-01 1.00592858e-03 9.49931888e-08 -3.01328311e-04
0.03136053       2.92029498e-01 -9.47281923e-06 1.17970865e-01 2.91002214e-01 -9.56931646e-06 1.18289873e-01 1.02728452e-03 9.64972283e-08 -3.19008597e-04
0.03187603       2.41989452e-01 2.73976858e-05 9.13159903e-02 2.40954873e-01 2.72842772e-05 9.16531173e-02 1.03457931e-03 1.13408581e-07 -3.37126994e-04
0.03239152       2.82187864e-01 5.94361825e-05 1.12297901e-01 2.81138992e-01 5.92923046e-05 1.12648335e-01 1.04887120e-03 1.43877944e-07 -3.50434662e-04
0.03290702       4.21727928e-01 2.54804122e-05 1.81826433e-01 4.20644500e-01 2.53176360e-05 1.82181224e-01 1.08342798e-03 1.62776253e-07 -3.54791605e-04
0.03342252       2.75014825e-01 2.23951785e-05 1.06157099e-01 2.73923454e-01 2.22168549e-05 1.06526192e-01 1.09137062e-03 1.78323617e-07 -3.69092565e-04
0.03393801       1.80851794e-01 4.54466838e-06 5.88876993e-02 1.79766651e-01 4.35986796e-06 5.92745242e-02 1.08514239e-03 1.84800421e-07 -3.86824857e-04
0.03445351       3.53516616e-01 1.89324620e-05 1.39036991e-01 3.52403657e-01 1.87358263e-05 1.39439512e-01 1.11295969e-03 1.96635741e-07 -4.02521284e-04
0.03496901       3.63276976e-01 3.12712917e-05 1.41216110e-01 3.62137012e-01 3.10608571e-05 1.41634482e-01 1.13996374e-03 2.10434629e-07 -4.18372203e-04
0.0354845        2.83973900e-01 -4.95603361e-06 1.10132479e-01 2.82829344e-01 -5.16443566e-06 1.10556596e-01 1.14455641e-03 2.08402047e-07 -4.24117200e-04
0.036            3.06097713e-01 2.01443309e-05 1.16219148e-01 3.04941819e-01 1.99254461e-05 1.16654024e-01 1.15589372e-03 2.18884767e-07 -4.34876111e-04
0.03646154       3.53881887e-01 -4.60995086e-06 1.32491964e-01 3.52707273e-01 -4.82888998e-06 1.32943590e-01 1.17461385e-03 2.18939124e-07 -4.51626188e-04
0.03691716       3.10229857e-01 2.20026685e-05 1.11775002e-01 3.09045984e-01 2.17731533e-05 1.12241295e-01 1.18387371e-03 2.29515174e-07 -4.66292971e-04
0.03736694       2.70794515e-01 -6.79167329e-05 9.26182453e-02 2.69607740e-01 -6.81267494e-05 9.30989175e-02 1.18677528e-03 2.10016559e-07 -4.80672201e-04
0.03781095       3.18491262e-01 -6.26243066e-05 1.12243721e-01 3.17293588e-01 -6.28186618e-05 1.12738414e-01 1.19767479e-03 1.94355248e-07 -4.94692324e-04
0.03824927       3.44342273e-01 -2.04057858e-05 1.22121194e-01 3.43129693e-01 -2.06001525e-05 1.22631264e-01 1.21258041e-03 1.94366681e-07 -5.10069304e-04
0.03868198       3.54575548e-01 -5.70658746e-05 1.28640349e-01 3.53350342e-01 -5.72470824e-05 1.29160728e-01 1.22520615e-03 1.81207734e-07 -5.20379517e-04
0.03910913       3.91968096e-01 -1.80811842e-05 1.47989056e-01 3.90728969e-01 -1.82621542e-05 1.48513377e-01 1.23912738e-03 1.80970041e-07 -5.24320671e-04
0.03953081       3.49103381e-01 -1.07826888e-05 1.24418306e-01 3.47855427e-01 -1.09661692e-05 1.24952473e-01 1.24795408e-03 1.83480440e-07 -5.34166982e-04
0.03994708       2.92371154e-01 -1.13187971e-06 9.12652741e-02 2.91120162e-01 -1.32146849e-06 9.18154982e-02 1.25099145e-03 1.89588778e-07 -5.50224054e-04
0.04035801       3.03686062e-01 -1.42742009e-07 9.69983739e-02 3.02430137e-01 -3.37240711e-07 9.75621762e-02 1.25592425e-03 1.94498702e-07 -5.63802286e-04
0.04076368       3.01741551e-01 6.26505401e-05 9.28677896e-02 3.00479734e-01 6.24293128e-05 9.34461640e-02 1.26181742e-03 2.21227364e-07 -5.78374372e-04
0.04116415       3.05996696e-01 -7.71829768e-06 9.54224995e-02 3.04729885e-01 -7.94012034e-06 9.60142539e-02 1.26681056e-03 2.21822667e-07 -5.91754370e-04
0.04156461       2.36561788e-01 -7.61696766e-05 6.67494090e-02 2.35300662e-01 -7.63771084e-05 6.73497803e-02 1.26112609e-03 2.07431840e-07 -6.00371288e-04
0.04196508       2.43423944e-01 -2.23488431e-05 7.19285458e-02 2.42164891e-01 -2.25601392e-05 7.25366486e-02 1.25905354e-03 2.11296176e-07 -6.08102809e-04
0.04236027       1.03847386e-01 3.43337406e-05 1.01961359e-02 1.02611618e-01 3.41032849e-05 1.08109800e-02 1.23576758e-03 2.30455681e-07 -6.14844068e-04
0.04276081       1.42881837e-02 9.26165143e-06 -3.43131475e-02 1.30816336e-02 9.01914875e-06 -3.36911011e-02 1.20655008e-03 2.42502683e-07 -6.22046376e-04
0.04316135       6.88271456e-02 -4.25514456e-06 -4.96080726e-03 6.76424391e-02 -4.50581541e-06 -4.33366825e-03 1.18470650e-03 2.50670848e-07 -6.27139016e-04
0.04356753       6.06973123e-02 7.80112793e-06 -9.73950255e-03 5.95345431e-02 7.54044486e-06 -9.10850838e-03 1.16276927e-03 2.60683067e-07 -6.30994172e-04
0.0439737        8.03255517e-02 1.46652004e-05 -2.67348947e-03 7.91806264e-02 1.43940258e-05 -2.03629989e-03 1.14492525e-03 2.71174663e-07 -6.37189577e-04
0.04437988       8.37252287e-02 1.06784484e-05 -6.12718232e-03 8.25920028e-02 1.03979839e-05 -5.47600553e-03 1.13322582e-03 2.80464472e-07 -6.51176788e-04
0.04479212       9.17552829e-02 -3.75537512e-05 -3.06183028e-04 9.06346068e-02 -3.78322917e-05 3.55226019e-04 1.12067613e-03 2.78540534e-07 -6.61409047e-04
0.04520436       1.40038989e-01 1.26421620e-04 2.90651714e-02 1.38930227e-01 1.26097682e-04 2.97213535e-02 1.10876108e-03 3.23937905e-07 -6.56182064e-04
0.0456166        1.48243503e-01 -3.92378373e-06 3.40311638e-02 1.47146532e-01 -4.25033419e-06 3.46821781e-02 1.09697128e-03 3.26550460e-07 -6.51014312e-04
0.04603539       8.23472057e-02 5.27926707e-05 -4.03015260e-03 8.12628727e-02 5.24479023e-05 -3.36789058e-03 1.08433295e-03 3.44768397e-07 -6.62262017e-04
0.04645417       7.43743840e-02 6.90191672e-05 -8.96997466e-03 7.33011620e-02 6.86495616e-05 -8.29311088e-03 1.07322207e-03 3.69605554e-07 -6.76863782e-04
0.04687296       8.23377956e-02 4.39499991e-05 7.88860642e-04 8.12809939e-02 4.35621837e-05 1.46517595e-03 1.05680173e-03 3.87815379e-07 -6.76315306e-04
0.04729884       8.97338895e-02 -2.55070292e-06 1.10347420e-02 8.86954711e-02 -2.94316388e-06 1.17022717e-02 1.03841843e-03 3.92460958e-07 -6.67529657e-04
0.04772472       5.10827681e-02 1.14058005e-05 -8.40066908e-03 5.00619473e-02 1.10048729e-05 -7.72873321e-03 1.02082082e-03 4.00927630e-07 -6.71935874e-04
0.0481506        2.43629317e-02 3.19155301e-05 -2.75286796e-02 2.33600735e-02 3.14987183e-05 -2.68431814e-02 1.00285811e-03 4.16811836e-07 -6.85498208e-04
0.04858423       6.65012439e-02 -6.42525346e-05 -7.72855040e-03 6.55106110e-02 -6.46555701e-05 -7.03746738e-03 9.90632919e-04 4.03035474e-07 -6.91083018e-04
0.04901785       1.05796021e-01 2.61651299e-06 1.17926152e-02 1.04812894e-01 2.20605615e-06 1.24844228e-02 9.83126323e-04 4.10456843e-07 -6.91807592e-04
0.04945148       1.15766497e-01 -2.49024578e-04 1.58911847e-02 1.14792106e-01 -2.49354133e-04 1.65853170e-02 9.74391663e-04 3.29555394e-07 -6.94132272e-04
0.04989361       1.23720994e-01 2.93885543e-04 1.95057581e-02 1.22753671e-01 2.93441892e-04 2.02021262e-02 9.67323224e-04 4.43651834e-07 -6.96368153e-04
0.05033573       9.00207644e-02 -2.14194880e-05 3.91297260e-03 8.90645630e-02 -2.18627723e-05 4.61236304e-03 9.56201431e-04 4.43284245e-07 -6.99390441e-04
0.05077786       3.38802196e-02 2.02998854e-05 -2.04422995e-02 3.29427420e-02 1.98416866e-05 -1.97405112e-02 9.37477649e-04 4.58198760e-07 -7.01788324e-04
0.0512294        7.81062452e-02 1.84587192e-04 -4.04246029e-04 7.71809295e-02 1.84055993e-04 3.01643590e-04 9.25315763e-04 5.31199076e-07 -7.05889619e-04
0.05168093       9.59040582e-02 -9.66237884e-05 2.05754054e-03 9.49838777e-02 -9.71274219e-05 2.77619275e-03 9.20180437e-04 5.03633485e-07 -7.18652210e-04
0.05213247       9.40894806e-02 -3.37447168e-05 4.88126365e-03 9.31766732e-02 -3.42443569e-05 5.60466475e-03 9.12807389e-04 4.99640100e-07 -7.23401105e-04
0.052584         1.43623984e-01 6.73233572e-05 3.31393702e-02 1.42717142e-01 6.67932842e-05 3.38521691e-02 9.06842665e-04 5.30072918e-07 -7.12798867e-04
0.05303554       9.34561794e-02 -2.99358633e-05 9.50317678e-03 9.25595547e-02 -3.04631224e-05 1.02156020e-02 8.96624610e-04 5.27259036e-07 -7.12425238e-04
0.05349808       9.01498957e-03 -9.82433271e-05 -3.48577785e-02 8.13583113e-03 -9.87434123e-05 -3.41293078e-02 8.79158437e-04 5.00085141e-07 -7.28470732e-04
0.05396063       6.60211229e-02 1.65057200e-04 -7.09509830e-03 6.51524389e-02 1.64493736e-04 -6.36210016e-03 8.68684013e-04 5.63463997e-07 -7.32998143e-04
0.05442318       1.66358903e-01 2.43966657e-05 4.28087962e-02 1.65492175e-01 2.38193101e-05 4.35301203e-02 8.66728343e-04 5.77355606e-07 -7.21324126e-04
0.05488573       9.43701270e-02 -6.59965542e-06 1.10927401e-02 9.35132146e-02 -7.18034552e-06 1.18145901e-02 8.56912378e-04 5.80690099e-07 -7.21849952e-04
0.05534828       6.61640749e-03 1.40697993e-05 -3.16709785e-02 5.77648718e-03 1.34811412e-05 -3.09351776e-02 8.39920306e-04 5.88658063e-07 -7.35800954e-04
0.05582404       7.34154695e-02 4.85951767e-05 -2.61210844e-03 7.25837940e-02 4.79881990e-05 -1.87135273e-03 8.31675402e-04 6.06977730e-07 -7.40755703e-04
0.0562998        1.30961734e-01 1.19216327e-05 2.13047244e-02 1.30131292e-01 1.13101990e-05 2.20457687e-02 8.30441848e-04 6.11433703e-07 -7.41044289e-04
0.05677557       7.11809019e-02 3.41356606e-05 -2.65702832e-03 7.03607517e-02 3.35125355e-05 -1.91342810e-03 8.20150186e-04 6.23125169e-07 -7.43600219e-04
0.05725133       4.44848855e-02 4.09715639e-05 -9.28641346e-03 4.36800635e-02 4.03363994e-05 -8.54143444e-03 8.04822057e-04 6.35164490e-07 -7.44979019e-04
0.05772709       8.66336958e-02 9.46188686e-06 3.23699972e-03 8.58346879e-02 8.82689331e-06 3.98407039e-03 7.99007932e-04 6.34993552e-07 -7.47070667e-04
0.05820286       1.15236087e-01 -2.97683269e-05 1.56955548e-02 1.14440159e-01 -3.03898224e-05 1.64432004e-02 7.95928090e-04 6.21495585e-07 -7.47645637e-04
0.05867862       8.78299780e-02 1.17173634e-05 8.75427780e-04 8.70382543e-02 1.10949641e-05 1.63244245e-03 7.91723713e-04 6.22399283e-07 -7.57014667e-04
0.05915438       8.41159170e-02 1.99684585e-05 -1.18683928e-03 8.33276314e-02 1.93433986e-05 -4.18478980e-04 7.88285558e-04 6.25059868e-07 -7.68360300e-04
0.05963015       7.64757621e-02 -6.06472884e-06 5.61379391e-03 7.56996491e-02 -6.68316828e-06 6.37546470e-03 7.76112967e-04 6.18439437e-07 -7.61670787e-04
0.06010591       5.34180499e-02 4.18915107e-05 -1.80943373e-03 5.26548985e-02 4.12630089e-05 -1.05471682e-03 7.63151406e-04 6.28501825e-07 -7.54716908e-04
0.0606015        1.07341366e-01 1.63482901e-04 1.28331632e-02 1.06580082e-01 1.62797059e-04 1.35899111e-02 7.61283462e-04 6.85841069e-07 -7.56747852e-04
0.06109709       1.00645127e-01 -1.41920572e-04 1.07145125e-02 9.98880540e-02 -1.42545332e-04 1.14741436e-02 7.57073306e-04 6.24760015e-07 -7.59631025e-04
0.06159267       2.12912978e-02 -5.72267098e-05 -2.66749689e-02 2.05478974e-02 -5.78243007e-05 -2.59023075e-02 7.43400460e-04 5.97590929e-07 -7.72661380e-04
0.06208826       5.91675243e-02 -1.76833009e-05 -6.76421109e-03 5.84317562e-02 -1.82652851e-05 -5.98550504e-03 7.35768096e-04 5.81984166e-07 -7.78706055e-04
0.06258385       1.18782782e-01 3.85406790e-05 1.78709675e-02 1.18047325e-01 3.79513882e-05 1.86502152e-02 7.35457210e-04 5.89290773e-07 -7.79247689e-04
0.06307943       1.18836733e-01 7.43669783e-05 1.99118172e-02 1.18103911e-01 7.37584673e-05 2.06876594e-02 7.32822024e-04 6.08511023e-07 -7.75842167e-04
0.06357502       1.57581942e-01 1.00944617e-05 3.58372802e-02 1.56849287e-01 9.49102598e-06 3.66030492e-02 7.32655318e-04 6.03435770e-07 -7.65768960e-04
0.06407061       5.55479577e-02 2.86736568e-05 -7.61703554e-03 5.48254335e-02 2.80679576e-05 -6.84364244e-03 7.22524199e-04 6.05699178e-07 -7.73393103e-04
0.06456619       2.43039637e-02 -1.21703274e-05 -2.29693996e-02 2.35933492e-02 -1.27606316e-05 -2.21835620e-02 7.10614562e-04 5.90304222e-07 -7.85837622e-04
0.06506178       1.02572310e-01 -1.02954607e-05 1.28539996e-02 1.01862280e-01 -1.08698070e-05 1.36398114e-02 7.10030579e-04 5.74346296e-07 -7.85811801e-04
0.06555737       1.20461595e-01 4.32658422e-05 1.79758977e-02 1.19752275e-01 4.26861891e-05 1.87620760e-02 7.09319669e-04 5.79653089e-07 -7.86178249e-04
0.06605296       4.85248788e-02 1.28519754e-04 -8.46675056e-03 4.78275034e-02 1.27900035e-04 -7.67865944e-03 6.97375399e-04 6.19718026e-07 -7.88091125e-04
0.06654854       6.43267035e-02 -8.34552099e-05 -3.05251025e-03 6.36367195e-02 -8.40321708e-05 -2.26273097e-03 6.89983938e-04 5.76960866e-07 -7.89779281e-04
0.06704413       1.15712049e-01 -5.42861281e-06 1.59719160e-02 1.15021137e-01 -5.99553604e-06 1.67614410e-02 6.90911808e-04 5.66923230e-07 -7.89524988e-04
0.06753972       1.16565448e-01 2.51039983e-05 1.53979923e-02 1.15875239e-01 2.45336180e-05 1.61917839e-02 6.90208767e-04 5.70380284e-07 -7.93791639e-04
0.0680353        8.03692232e-02 4.04955801e-05 -2.70659145e-03 7.96794124e-02 3.99160103e-05 -1.89944000e-03 6.89810796e-04 5.79569845e-07 -8.07151450e-04
0.06853089       8.92763868e-02 1.51640498e-05 6.94944426e-03 8.85929654e-02 1.45841741e-05 7.75383877e-03 6.83421383e-04 5.79875738e-07 -8.04394508e-04
0.06902648       9.04236007e-02 -1.34714293e-05 1.14836216e-02 8.97490749e-02 -1.40417336e-05 1.22773908e-02 6.74525862e-04 5.70304329e-07 -7.93769249e-04
0.06952206       4.42927050e-02 -5.43973137e-07 -1.28836629e-02 4.36271723e-02 -1.10996238e-06 -1.20802593e-02 6.65532679e-04 5.65989242e-07 -8.03403553e-04
0.07001765       3.37401213e-02 2.45562449e-05 -1.62637835e-02 3.30829644e-02 2.39883360e-05 -1.54498719e-02 6.57156916e-04 5.67908910e-07 -8.13911596e-04
0.07051324       2.12407165e-01 -2.05726161e-05 5.21004343e-02 2.11736191e-01 -2.11276736e-05 5.29034755e-02 6.70974478e-04 5.55057483e-07 -8.03041251e-04
0.07100883       1.68214779e-01 5.91288544e-05 3.55116526e-02 1.67539096e-01 5.85578553e-05 3.63097649e-02 6.75683129e-04 5.70999136e-07 -7.98112213e-04
0.07150441       -5.19402792e-02 1.75130385e-05 -4.58776040e-02 -5.25902333e-02 1.69411509e-05 -4.50653428e-02 6.49954146e-04 5.71887576e-07 -8.12261189e-04
0.072            4.39268013e-02 3.07401941e-05 -9.75157774e-03 4.32832266e-02 3.01666793e-05 -8.93422198e-03 6.43574644e-04 5.73514788e-07 -8.17355763e-04
0.07252941       1.92433184e-01 1.80158937e-06 4.05574632e-02 1.91772458e-01 1.23755454e-06 4.13745770e-02 6.60726872e-04 5.64034829e-07 -8.17113772e-04
0.07305882       9.16006048e-02 1.29757182e-05 8.65246966e-03 9.09448717e-02 1.24166643e-05 9.46535553e-03 6.55733144e-04 5.59053956e-07 -8.12885871e-04
0.07358824       6.73219169e-02 -2.43691801e-05 2.71411229e-03 6.66771885e-02 -2.49080732e-05 3.51858652e-03 6.44728439e-04 5.38893097e-07 -8.04474227e-04
0.07412592       3.18631246e-02 5.44995258e-05 -1.67061997e-02 3.12276676e-02 5.39480292e-05 -1.58900287e-02 6.35456985e-04 5.51496599e-07 -8.16170998e-04
0.0746636        5.31321841e-02 1.58313776e-05 -8.23848733e-03 5.25024332e-02 1.52834342e-05 -7.41403478e-03 6.29750938e-04 5.47943408e-07 -8.24452550e-04
0.07520129       1.28799052e-01 -1.83871582e-06 1.88384020e-02 1.28165431e-01 -2.37680784e-06 1.96617388e-02 6.33621254e-04 5.38092023e-07 -8.23336763e-04
0.07573897       1.21553337e-01 3.77254786e-05 1.53081890e-02 1.20918086e-01 3.71795410e-05 1.61323757e-02 6.35251662e-04 5.45937670e-07 -8.24186692e-04
0.07627665       1.35212768e-01 9.19858619e-05 2.02428909e-02 1.34575100e-01 9.14035196e-05 2.10668668e-02 6.37668766e-04 5.82342293e-07 -8.23975973e-04
0.07681434       3.65915193e-02 4.45966662e-05 -1.25389433e-02 3.59633599e-02 4.39998146e-05 -1.17047031e-02 6.28159399e-04 5.96851657e-07 -8.34240138e-04
0.07736146       5.28120818e-02 5.28843461e-05 -8.00018559e-03 5.21900791e-02 5.22698114e-05 -7.15949787e-03 6.22002705e-04 6.14534728e-07 -8.40687728e-04
0.07790857       1.43694667e-01 6.82542572e-06 2.83603255e-02 1.43069174e-01 6.21239222e-06 2.91885250e-02 6.25493362e-04 6.13033494e-07 -8.28199490e-04
0.07845569       1.21982362e-01 7.26269305e-06 1.83949697e-02 1.21355755e-01 6.64960792e-06 1.92209750e-02 6.26606602e-04 6.13085130e-07 -8.26005275e-04
0.07900281       1.20089684e-01 -2.94955793e-05 1.56657744e-02 1.19461402e-01 -3.00901221e-05 1.64936091e-02 6.28281628e-04 5.94542834e-07 -8.27834641e-04
0.07954992       6.93276344e-02 8.63230447e-05 6.23649597e-04 6.87076739e-02 8.56921038e-05 1.45164525e-03 6.19960416e-04 6.30940830e-07 -8.27995648e-04
0.08009704       7.05948718e-02 1.00589647e-05 -4.66181477e-04 6.99817390e-02 9.42484995e-06 3.64700242e-04 6.13132862e-04 6.34114700e-07 -8.30881719e-04
0.08064416       3.26602432e-02 3.54088063e-05 -1.60362946e-02 3.20564370e-02 3.47618258e-05 -1.51934399e-02 6.03806162e-04 6.46980464e-07 -8.42854676e-04
0.08120244       1.24591664e-01 -5.10387551e-05 1.22259267e-02 1.23980002e-01 -5.16618193e-05 1.30722008e-02 6.11662753e-04 6.23064183e-07 -8.46274085e-04
0.08174933       1.92171374e-01 -1.62530688e-05 3.57430550e-02 1.91545953e-01 -1.68679712e-05 3.65885912e-02 6.25421268e-04 6.14902441e-07 -8.45536197e-04
0.08229622       -1.08481342e-02 -6.06707173e-06 -1.81521747e-02 -1.14494939e-02 -6.67514666e-06 -1.73163941e-02 6.01359681e-04 6.08074929e-07 -8.35780642e-04
0.08285499       6.80414132e-02 6.53384553e-05 1.75548678e-03 6.74458240e-02 6.46999868e-05 2.58962632e-03 5.95589226e-04 6.38468548e-07 -8.34139546e-04
0.08341377       1.88511842e-01 -2.49196756e-05 2.98816683e-02 1.87897150e-01 -2.55510766e-05 3.07279753e-02 6.14691369e-04 6.31401040e-07 -8.46307001e-04
0.08396013       9.39850734e-02 5.03642262e-05 4.04773447e-03 9.33751248e-02 4.97189308e-05 4.89669581e-03 6.09948612e-04 6.45295389e-07 -8.48961336e-04
0.0845192        6.20167963e-02 -1.14802091e-04 -1.74403429e-03 6.14151264e-02 -1.15400142e-04 -8.95612244e-04 6.01669939e-04 5.98051126e-07 -8.48422051e-04
0.08507827       7.39082897e-02 1.17254041e-04 8.47292075e-03 7.33147522e-02 1.16610218e-04 9.30902368e-03 5.93537453e-04 6.43822421e-07 -8.36102928e-04
0.08563733       9.43091135e-02 -3.90407901e-06 7.48595979e-03 9.37166040e-02 -4.54108275e-06 8.32386046e-03 5.92509514e-04 6.37003742e-07 -8.37900666e-04
0.0861964        1.17939939e-01 1.18368729e-04 9.60230107e-03 1.17343073e-01 1.17687841e-04 1.04517860e-02 5.96866248e-04 6.80888271e-07 -8.49484908e-04
0.08675547       1.10035434e-01 4.11883918e-05 1.16146740e-02 1.09435919e-01 4.04969913e-05 1.24638159e-02 5.99514664e-04 6.91400520e-07 -8.49141884e-04
0.08731453       1.11134250e-01 2.18730164e-06 1.01336893e-02 1.10534930e-01 1.50295469e-06 1.09832987e-02 5.99320137e-04 6.84346947e-07 -8.49609349e-04
0.0878736        6.20128131e-02 8.07782918e-07 -1.21687867e-03 6.14229695e-02 1.31791989e-07 -3.66824349e-04 5.89843562e-04 6.75990929e-07 -8.50054317e-04
0.08843267       1.23294484e-01 7.49583354e-06 1.43477054e-02 1.22702082e-01 6.82383170e-06 1.51975093e-02 5.92401525e-04 6.72001843e-07 -8.49803918e-04
0.08899173       1.09744592e-01 3.72698493e-05 1.24905133e-02 1.09149730e-01 3.65879501e-05 1.33400691e-02 5.94862654e-04 6.81899274e-07 -8.49555775e-04
0.0895508        3.01418167e-02 -5.32811514e-05 -1.61848415e-02 2.95566202e-02 -5.39318827e-05 -1.53221035e-02 5.85196485e-04 6.50731286e-07 -8.62737950e-04
0.09010987       1.08668124e-01 3.85811030e-06 1.08380808e-02 1.08083236e-01 3.20879797e-06 1.17002042e-02 5.84888644e-04 6.49312330e-07 -8.62123438e-04
0.09066893       1.50730417e-01 4.47015346e-06 2.48189601e-02 1.50140481e-01 3.82422132e-06 2.56693870e-02 5.89935888e-04 6.45932140e-07 -8.50426965e-04
0.091228         1.23126016e-01 4.85585489e-06 1.47281538e-02 1.22533557e-01 4.21231292e-06 1.55782252e-02 5.92459561e-04 6.43541970e-07 -8.50071342e-04
0.09178707       1.12749300e-01 9.57019049e-06 9.79725282e-03 1.12156564e-01 8.92487773e-06 1.06502648e-02 5.92736308e-04 6.45312753e-07 -8.53012020e-04
0.09234613       4.67778201e-02 -3.19012125e-05 -9.28572090e-03 4.61932358e-02 -3.25270993e-05 -8.41990590e-03 5.84584319e-04 6.25886795e-07 -8.65814996e-04
0.0929052        8.09814786e-02 4.30863708e-05 5.37625342e-03 8.04029145e-02 4.24462515e-05 6.23744586e-03 5.78564068e-04 6.40119293e-07 -8.61192441e-04
0.09346427       7.91721154e-02 1.19894421e-06 7.54792468e-03 7.85999457e-02 5.63741557e-07 8.39887442e-03 5.72169772e-04 6.35202651e-07 -8.50949735e-04
0.0940457        1.83939670e-01 2.58161839e-05 2.78610125e-02 1.83350958e-01 2.51738921e-05 2.87122277e-02 5.88711850e-04 6.42291761e-07 -8.51215209e-04
0.09460387       1.15719823e-01 -1.96993874e-05 9.88649004e-03 1.15129390e-01 -2.03292446e-05 1.07427500e-02 5.90432961e-04 6.29857176e-07 -8.56259967e-04
0.09516204       3.36843179e-02 1.90321417e-05 -1.61762910e-02 3.31042263e-02 1.84004013e-05 -1.53061931e-02 5.80091544e-04 6.31740363e-07 -8.70097883e-04
0.09572021       9.18351627e-02 3.53110048e-05 7.98933577e-03 9.12608612e-02 3.46703666e-05 8.85024352e-03 5.74301426e-04 6.40638185e-07 -8.60907758e-04
0.09630496       9.37593622e-02 -2.38512511e-05 7.57948544e-03 9.31886745e-02 -2.44769083e-05 8.43529943e-03 5.70687669e-04 6.25657149e-07 -8.55813989e-04
0.09688972       1.26083232e-01 1.74877982e-06 8.65844844e-03 1.25507104e-01 1.12528940e-06 9.52745767e-03 5.76127925e-04 6.23490421e-07 -8.69009231e-04
0.09747447       1.39180096e-01 -5.23192970e-05 1.47929907e-02 1.38599816e-01 -5.29147046e-05 1.56642451e-02 5.80280621e-04 5.95407541e-07 -8.71254389e-04
0.09805922       1.05450674e-01 1.33883449e-04 8.29281460e-03 1.04870055e-01 1.33229639e-04 9.16297604e-03 5.80619298e-04 6.53810171e-07 -8.70161434e-04
0.09864397       7.47037551e-02 4.28541511e-05 5.53232737e-03 7.41319893e-02 4.21846563e-05 6.39062797e-03 5.71765728e-04 6.69494865e-07 -8.58300600e-04
0.09922872       6.74940300e-02 3.64657174e-05 -2.77520109e-03 6.69294442e-02 3.57871756e-05 -1.91132113e-03 5.64585792e-04 6.78541855e-07 -8.63879954e-04
0.09981347       6.84107809e-02 -2.58777464e-05 -3.05138064e-03 6.78512421e-02 -2.65413450e-05 -2.17722870e-03 5.59538782e-04 6.63598546e-07 -8.74151942e-04
0.1003982        2.16404934e-01 7.68665781e-06 3.23428439e-02 2.15826485e-01 7.02172171e-06 3.32152515e-02 5.78448843e-04 6.64936107e-07 -8.72407591e-04
0.100983         1.05698282e-01 -8.86851592e-06 9.17030861e-03 1.05121428e-01 -9.52743410e-06 1.00426908e-02 5.76853896e-04 6.58918188e-07 -8.72382204e-04
0.1015677        5.27401125e-02 -8.80886804e-06 -4.82924495e-03 5.21737179e-02 -9.45972484e-06 -3.95552124e-03 5.66394661e-04 6.50856798e-07 -8.73723709e-04
0.1021525        4.32484136e-02 4.56543229e-05 -6.83634186e-03 4.26909870e-02 4.49862825e-05 -5.96134015e-03 5.57426580e-04 6.68040326e-07 -8.75001712e-04
0.1027372        9.88430890e-02 9.70874872e-05 5.07415635e-03 9.82869596e-02 9.63785155e-05 5.94990690e-03 5.56129450e-04 7.08971740e-07 -8.75750548e-04
0.103322         1.40661924e-01 -4.46858724e-05 1.62508642e-02 1.40101414e-01 -4.53675804e-05 1.71261965e-02 5.60510778e-04 6.81707976e-07 -8.75332287e-04
0.1039067        1.33294363e-01 -5.61105372e-05 1.25216175e-02 1.32730392e-01 -5.67640372e-05 1.33975212e-02 5.63970534e-04 6.53500040e-07 -8.75903676e-04
0.1044915        1.07828589e-01 -5.72566440e-06 7.15399787e-03 1.07266331e-01 -6.37230611e-06 8.03064801e-03 5.62258863e-04 6.46641710e-07 -8.76650143e-04
0.1050762        6.02537871e-02 -2.18799458e-05 -2.37002450e-03 5.97006119e-02 -2.25120030e-05 -1.49249035e-03 5.53175208e-04 6.32057266e-07 -8.77534157e-04
0.105661         6.10462206e-02 -1.15131867e-05 -3.18827303e-03 6.05013870e-02 -1.21347858e-05 -2.30959511e-03 5.44833544e-04 6.21599109e-07 -8.78677921e-04
0.1062457        1.15963503e-01 -3.04266083e-05 1.08181567e-02 1.15418529e-01 -3.10308706e-05 1.16962676e-02 5.44973372e-04 6.04262264e-07 -8.78110885e-04
0.1068305        2.17953763e-01 -4.29336786e-05 2.71049499e-02 2.17390375e-01 -4.35163071e-05 2.79837310e-02 5.63388309e-04 5.82628510e-07 -8.78781093e-04
0.1074152        8.27102216e-02 2.10033409e-05 2.52253481e-03 8.21539494e-02 2.04168556e-05 3.40204936e-03 5.56272111e-04 5.86485297e-07 -8.79514555e-04
0.108            4.94595871e-02 4.69102106e-05 -7.23539996e-03 4.89128355e-02 4.63081942e-05 -6.35385784e-03 5.46751619e-04 6.02016423e-07 -8.81542120e-04
0.1085806        6.37792792e-02 2.78963231e-05 -9.31681170e-04 6.32407794e-02 2.72868746e-05 -4.97263404e-05 5.38499791e-04 6.09448466e-07 -8.81954830e-04
0.109171         1.23420202e-01 -1.88761133e-05 9.22883484e-03 1.22880109e-01 -1.94724747e-05 1.01112306e-02 5.40093539e-04 5.96361375e-07 -8.82395796e-04
0.1097613        1.27557546e-01 4.67692753e-05 9.03855380e-03 1.27014386e-01 4.61539731e-05 9.92189299e-03 5.43160570e-04 6.15302212e-07 -8.83339188e-04
0.1103516        1.48075791e-01 3.59820036e-06 1.27824850e-02 1.47528459e-01 2.98492688e-06 1.36654095e-02 5.47332608e-04 6.13273484e-07 -8.82924546e-04
0.1109318        7.71866483e-02 1.58963656e-05 -1.25530516e-03 7.66450359e-02 1.52809728e-05 -3.64781222e-04 5.41612417e-04 6.15392879e-07 -8.90523934e-04
0.1115223        4.25140756e-02 5.63492592e-05 -1.05004718e-02 4.19813548e-02 5.57176685e-05 -9.59998836e-03 5.32720733e-04 6.31590700e-07 -9.00483397e-04
0.1121128        7.66699923e-02 -1.02590732e-05 4.38571690e-03 7.61462103e-02 -1.08784884e-05 5.27415772e-03 5.23782039e-04 6.19415159e-07 -8.88440825e-04
0.1127033        1.48973058e-01 -2.06216402e-05 1.39525319e-02 1.48442735e-01 -2.12250613e-05 1.48381451e-02 5.30323324e-04 6.03421067e-07 -8.85613129e-04
0.1132938        1.80860110e-01 -6.21088899e-05 1.88484091e-02 1.80317160e-01 -6.26763716e-05 1.97350984e-02 5.42950093e-04 5.67481672e-07 -8.86689254e-04
0.1138731        5.21645921e-02 -9.76118674e-06 -7.97844965e-03 5.16327029e-02 -1.03187122e-05 -7.07880696e-03 5.31889224e-04 5.57525478e-07 -8.99642690e-04
0.1144639        6.03411056e-02 6.76307206e-05 -2.00247932e-03 5.98176937e-02 6.70508711e-05 -1.10386127e-03 5.23411924e-04 5.79849505e-07 -8.98618053e-04
0.1150546        7.60629860e-02 4.81134366e-05 3.32320004e-03 7.55473391e-02 4.75179794e-05 4.21135153e-03 5.15646891e-04 5.95457244e-07 -8.88151490e-04
0.1156453        1.32883923e-01 -8.59647571e-06 7.98141735e-03 1.32364486e-01 -9.18007791e-06 8.87047442e-03 5.19436912e-04 5.83602197e-07 -8.89057078e-04
0.116236         1.41824944e-01 -3.72799720e-05 8.63143685e-03 1.41302053e-01 -3.78415706e-05 9.52589429e-03 5.22890915e-04 5.61598591e-07 -8.94457440e-04
0.1168268        1.30762158e-01 4.56633957e-05 4.26725246e-03 1.30236426e-01 4.50858089e-05 5.17353628e-03 5.25732521e-04 5.77586780e-07 -9.06283819e-04
0.1174049        7.16200732e-02 1.34149380e-04 2.60388303e-03 7.11041233e-02 1.33516142e-04 3.50004217e-03 5.15949877e-04 6.33238361e-07 -8.96159135e-04
0.1179959        1.10612949e-01 -3.79653440e-05 5.62034384e-03 1.10099903e-01 -3.85733714e-05 6.51206559e-03 5.13045591e-04 6.08027382e-07 -8.91721749e-04
0.1185869        1.36894388e-01 5.78667278e-05 9.72289467e-03 1.36377144e-01 5.72346186e-05 1.06152457e-02 5.17243855e-04 6.32109174e-07 -8.92351025e-04
0.1191779        6.01194056e-02 3.35479008e-05 -5.19993820e-03 5.96112500e-02 3.29081795e-05 -4.29675331e-03 5.08155588e-04 6.39721298e-07 -9.03184892e-04
0.1197689        8.18228679e-02 1.17444304e-05 -2.15760050e-04 8.13193395e-02 1.11077964e-05 6.90594524e-04 5.03528404e-04 6.36633961e-07 -9.06354573e-04
0.1203599        1.53121122e-01 8.11305021e-06 1.61222081e-02 1.52612762e-01 7.48088939e-06 1.70146415e-02 5.08360050e-04 6.32160815e-07 -8.92433404e-04
0.1209509        5.81216492e-02 1.09734856e-05 -6.23859911e-03 5.76223323e-02 1.03480219e-05 -5.33556896e-03 4.99316930e-04 6.25463754e-07 -9.03030153e-04
0.1215419        8.83501734e-02 -4.45044201e-06 -1.61241084e-03 8.78553226e-02 -5.06535821e-06 -7.03785968e-04 4.94850794e-04 6.14916200e-07 -9.08624868e-04
0.1221329        1.49197309e-01 -6.07098262e-06 1.34740818e-02 1.48698294e-01 -6.67602485e-06 1.43691268e-02 4.99015172e-04 6.05042230e-07 -8.95044996e-04
0.1227239        1.27477673e-01 -6.83494721e-06 2.69611417e-03 1.26976439e-01 -7.42912063e-06 3.60088786e-03 5.01233631e-04 5.94173421e-07 -9.04773688e-04
0.1233149        1.14858333e-01 -2.15982782e-05 1.67328999e-03 1.14357773e-01 -2.21753474e-05 2.58483482e-03 5.00559498e-04 5.77069193e-07 -9.11544835e-04
0.1239059        6.32758567e-02 -2.72067986e-04 2.39848641e-03 6.27867513e-02 -2.72520408e-04 3.29625054e-03 4.89105418e-04 4.52421565e-07 -8.97764123e-04
0.1244969        1.24721136e-01 2.34152513e-04 2.15311318e-03 1.24230132e-01 2.33606410e-04 3.05941964e-03 4.91003769e-04 5.46103815e-07 -9.06306461e-04
0.1250879        1.11657081e-01 2.42061093e-05 6.00179900e-05 1.11165480e-01 2.36556455e-05 9.74467884e-04 4.91600789e-04 5.50463799e-07 -9.14449894e-04
0.1256789        8.29766828e-02 -3.92418914e-06 2.62034279e-03 8.24950648e-02 -4.46907023e-06 3.52179503e-03 4.81618022e-04 5.44881095e-07 -9.01452236e-04
0.1262699        1.09576785e-01 1.42607680e-04 8.66506264e-05 1.09094398e-01 1.42005242e-04 9.95541519e-04 4.82387391e-04 6.02437740e-07 -9.08890893e-04
0.1268609        1.37988237e-01 -6.63768162e-05 1.53339129e-03 1.37503232e-01 -6.69506699e-05 2.45181660e-03 4.85004883e-04 5.73853752e-07 -9.18425307e-04
0.1274519        5.82086957e-02 7.57117841e-05 -1.95656444e-04 5.77351814e-02 7.51035041e-05 7.09734730e-04 4.73514265e-04 6.08280025e-07 -9.05391174e-04
0.1280429        1.02519453e-01 -6.72131738e-05 -7.32651026e-04 1.02046592e-01 -6.77899757e-05 1.78955388e-04 4.72861124e-04 5.76801938e-07 -9.11606414e-04
0.1286339        1.11729316e-01 -7.01056496e-06 -6.61110990e-05 1.11254651e-01 -7.58678698e-06 8.55168181e-04 4.74664814e-04 5.76222028e-07 -9.21279280e-04
0.1292249        1.55985445e-01 -1.93250377e-05 9.92157277e-03 1.55507270e-01 -1.98963390e-05 1.08300884e-02 4.78175298e-04 5.71301262e-07 -9.08515589e-04
0.1298159        9.56979345e-02 1.79413086e-04 -7.60425942e-04 9.52253752e-02 1.78755490e-04 1.52760516e-04 4.72559251e-04 6.57595761e-07 -9.13186459e-04
0.130407         4.24196701e-02 -6.46116482e-05 -1.14092291e-02 4.19571398e-02 -6.52392368e-05 -1.04839311e-02 4.62530360e-04 6.27588606e-07 -9.25298016e-04
0.130998         1.57601079e-01 1.02993491e-05 1.04392923e-02 1.57133192e-01 9.66406090e-06 1.13515963e-02 4.67886903e-04 6.35288231e-07 -9.12303985e-04
0.131589         9.63471414e-02 4.20973808e-05 -2.09744805e-03 9.58840317e-02 4.14382619e-05 -1.18117727e-03 4.63109703e-04 6.59118909e-07 -9.16270781e-04
0.13218          5.21286938e-02 1.90958710e-05 -7.62104086e-03 5.16752916e-02 1.84250248e-05 -6.69314193e-03 4.53402199e-04 6.70846157e-07 -9.27898932e-04
0.132771         1.45831452e-01 1.63364622e-05 8.62152877e-03 1.45374357e-01 1.56534034e-05 9.53684534e-03 4.57094779e-04 6.83058867e-07 -9.15316568e-04
0.133362         1.32012871e-01 6.98144716e-05 2.76564111e-03 1.31553929e-01 6.90948648e-05 3.68294502e-03 4.58942052e-04 7.19606791e-07 -9.17303912e-04
0.133953         1.23080927e-01 5.36608876e-05 -1.23755886e-03 1.22620500e-01 5.29142614e-05 -3.07853992e-04 4.60427800e-04 7.46626195e-07 -9.29704867e-04
0.134544         7.99179150e-02 -8.48856262e-05 2.18986505e-03 7.94667879e-02 -8.55960814e-05 3.10857150e-03 4.51127122e-04 7.10455245e-07 -9.18706453e-04
0.135135         7.78294695e-02 -2.05343601e-04 -9.23750888e-04 7.73861849e-02 -2.05961166e-04 -8.96427551e-06 4.43284564e-04 6.17564602e-07 -9.14786613e-04
0.135726         6.76206589e-02 2.33220557e-05 -3.74525573e-03 6.71853727e-02 2.26868834e-05 -2.82899128e-03 4.35286267e-04 6.35172230e-07 -9.16264448e-04
0.136317         1.21198971e-01 2.53201657e-05 -5.11222004e-03 1.20760625e-01 2.46655557e-05 -4.18289575e-03 4.38346564e-04 6.54610002e-07 -9.29324284e-04
0.136908         1.33123506e-01 -3.68080360e-06 2.54231886e-04 1.32682602e-01 -4.34032385e-06 1.18577541e-03 4.40903462e-04 6.59520249e-07 -9.31543522e-04
0.137499         1.51471248e-01 -3.24347761e-05 7.17283583e-03 1.51027292e-01 -3.30853656e-05 8.09193459e-03 4.43955537e-04 6.50589478e-07 -9.19098759e-04
0.13809          7.50416803e-02 -6.65076847e-06 -8.04701828e-03 7.46066269e-02 -7.30457982e-06 -7.11537494e-03 4.35053351e-04 6.53811345e-07 -9.31643341e-04
0.138681         1.11087321e-01 -2.08979895e-05 -2.73661731e-03 1.10655062e-01 -2.15489803e-05 -1.80103504e-03 4.32259076e-04 6.50990783e-07 -9.35582269e-04
0.139272         1.51840782e-01 -1.95156897e-05 6.05327366e-03 1.51404467e-01 -2.01641429e-05 6.97614421e-03 4.36314678e-04 6.48453136e-07 -9.22870554e-04
0.139863         1.37471868e-01 -2.79909724e-05 -3.16053773e-03 1.37032914e-01 -2.86348926e-05 -2.22618342e-03 4.38953997e-04 6.43920149e-07 -9.34354314e-04
