# Moment        
# CofR          : (6.34000000e-02 0.00000000e+00 4.00000000e-03)
#
# Time          	total_x total_y total_z	pressure_x pressure_y pressure_z	viscous_x viscous_y viscous_z
0.00144          4.03766704e-06 1.31586691e-01 7.23634901e-07 4.03479361e-06 1.31520118e-01 7.23740595e-07 2.87342867e-09 6.65730866e-05 -1.05693739e-10
0.00252          -5.22096774e-06 -1.41521057e-02 -5.51124960e-07 -5.21971193e-06 -1.42047841e-02 -5.50696202e-07 -1.25581372e-09 5.26783943e-05 -4.28757578e-10
0.003715714      -1.19619206e-06 -1.80286954e-02 -1.73455848e-07 -1.19378187e-06 -1.80712988e-02 -1.72988263e-07 -2.41019595e-09 4.26033884e-05 -4.67585550e-10
0.005060893      -3.67850902e-07 -1.51496541e-02 -1.93423184e-07 -3.64951992e-07 -1.51832408e-02 -1.92961869e-07 -2.89890998e-09 3.35866038e-05 -4.61315004e-10
0.006534184      1.96640432e-07 -1.70493102e-02 2.15861382e-09 1.99144816e-07 -1.70738268e-02 2.50535921e-09 -2.50438451e-09 2.45166352e-05 -3.46745392e-10
0.008171173      2.66882140e-07 -1.72685220e-02 -1.87429188e-08 2.68712054e-07 -1.72837486e-02 -1.85052196e-08 -1.82991383e-09 1.52266022e-05 -2.37699267e-10
0.01002643       -1.48836147e-07 -1.73014114e-02 5.84639189e-11 -1.47218048e-07 -1.73066652e-02 1.62346488e-10 -1.61809854e-09 5.25379773e-06 -1.03882570e-10
0.01219089       1.41897484e-07 -1.77295345e-02 3.06862638e-07 1.42517272e-07 -1.77232036e-02 3.06669862e-07 -6.19787303e-10 -6.33092123e-06 1.92776018e-10
0.01483635       -4.81962364e-08 -1.67425487e-02 9.02102151e-08 -4.80151787e-08 -1.67236362e-02 8.98076691e-08 -1.81057676e-10 -1.89124492e-05 4.02545917e-10
0.01748181       -2.55380457e-07 -1.89630660e-02 1.71630805e-07 -2.55424622e-07 -1.89307780e-02 1.70944258e-07 4.41642456e-11 -3.22880062e-05 6.86546652e-10
0.01916528       1.75826248e-08 -2.50063948e-02 2.50306385e-07 1.66967796e-08 -2.49640046e-02 2.49351213e-07 8.85845170e-10 -4.23902432e-05 9.55171286e-10
0.02036776       1.54277683e-07 -2.36056418e-02 2.13340568e-07 1.52585918e-07 -2.35574567e-02 2.12192310e-07 1.69176572e-09 -4.81850578e-05 1.14825746e-09
0.02140991       -4.73623252e-07 -2.38562908e-02 2.68543177e-07 -4.75575060e-07 -2.38039303e-02 2.67191016e-07 1.95180757e-09 -5.23605102e-05 1.35216026e-09
0.02238258       -2.99343364e-07 -1.78518019e-02 1.80693131e-07 -3.01532939e-07 -1.77965614e-02 1.79172082e-07 2.18957424e-09 -5.52405326e-05 1.52104937e-09
0.02329041       1.88697802e-08 -2.14901011e-02 5.77458536e-07 1.60049017e-08 -2.14317271e-02 5.75697178e-07 2.86487851e-09 -5.83740315e-05 1.76135794e-09
0.02413771       -1.10796250e-06 -2.28081086e-02 7.59896537e-08 -1.11065921e-06 -2.27467650e-02 7.41123642e-08 2.69670243e-09 -6.13436152e-05 1.87728948e-09
0.02492853       1.40915172e-06 -2.15456659e-02 -1.18332709e-07 1.40525807e-06 -2.14816451e-02 -1.20283646e-07 3.89365267e-09 -6.40207723e-05 1.95093657e-09
0.02566663       -8.08982963e-07 -2.10833791e-02 4.03388803e-07 -8.12897428e-07 -2.10169664e-02 4.01283466e-07 3.91446478e-09 -6.64127130e-05 2.10533721e-09
0.02640473       -6.94231952e-07 -2.11520773e-02 1.21537823e-07 -6.98128447e-07 -2.10833270e-02 1.19293472e-07 3.89649488e-09 -6.87502939e-05 2.24435026e-09
0.02709011       -7.28285494e-07 -2.13467754e-02 -3.54855278e-08 -7.32131555e-07 -2.12760143e-02 -3.78135106e-08 3.84606078e-09 -7.07610823e-05 2.32798280e-09
0.02777548       -2.40986685e-07 -1.93839160e-02 3.44669231e-07 -2.45076417e-07 -1.93120213e-02 3.42223195e-07 4.08973152e-09 -7.18946753e-05 2.44603616e-09
0.02840814       -2.23154994e-06 -2.20198686e-02 8.52321059e-08 -2.23478915e-06 -2.19459377e-02 8.27085162e-08 3.23920598e-09 -7.39308550e-05 2.52358972e-09
0.02904079       2.17545231e-06 -2.27286157e-02 9.08057371e-07 2.17056386e-06 -2.26528634e-02 9.05332067e-07 4.88845202e-09 -7.57523172e-05 2.72530415e-09
0.02962073       3.39229373e-07 -2.43516633e-02 2.59588893e-08 3.33981584e-07 -2.42742400e-02 2.31844183e-08 5.24778974e-09 -7.74232576e-05 2.77447103e-09
0.03020066       3.60324857e-07 -2.20093597e-02 2.90581882e-07 3.54555890e-07 -2.19303947e-02 2.87731047e-07 5.76896621e-09 -7.89650716e-05 2.85083457e-09
0.03078059       2.10773367e-06 -2.25440578e-02 3.33717938e-07 2.10071880e-06 -2.24634875e-02 3.30793748e-07 7.01487009e-09 -8.05703624e-05 2.92418956e-09
0.03136053       -1.16805451e-07 -2.24775924e-02 -1.15592825e-06 -1.23871855e-07 -2.23954276e-02 -1.15869100e-06 7.06640394e-09 -8.21648648e-05 2.76274683e-09
0.03187603       4.75526805e-07 -1.86597440e-02 2.95841050e-06 4.67509109e-07 -1.85769875e-02 2.95532458e-06 8.01769613e-09 -8.27565032e-05 3.08592741e-09
0.03239152       5.48764343e-06 -2.16883086e-02 -1.64727366e-06 5.47727014e-06 -2.16044864e-02 -1.65014770e-06 1.03732886e-08 -8.38222091e-05 2.87404247e-09
0.03290702       1.90255199e-06 -3.22688299e-02 3.81731618e-07 1.89085394e-06 -3.21825385e-02 3.78817589e-07 1.16980524e-08 -8.62914060e-05 2.91402981e-09
0.03342252       1.80073031e-06 -2.10970813e-02 7.21077343e-08 1.78795493e-06 -2.10101803e-02 6.92128103e-08 1.27753829e-08 -8.69009694e-05 2.89492397e-09
0.03393801       2.29580134e-07 -1.39330134e-02 5.06226986e-07 2.16468692e-07 -1.38464862e-02 5.03324274e-07 1.31114415e-08 -8.65272384e-05 2.90271166e-09
0.03445351       7.08763026e-07 -2.70341419e-02 1.46452961e-06 6.94889357e-07 -2.69455546e-02 1.46155129e-06 1.38736696e-08 -8.85872872e-05 2.97831710e-09
0.03496901       1.88973456e-06 -2.77321027e-02 8.47186911e-07 1.87490705e-06 -2.76415254e-02 8.44197004e-07 1.48275134e-08 -9.05772962e-05 2.98990740e-09
0.0354845        2.64509195e-08 -2.16338433e-02 -4.80143466e-07 1.17582133e-08 -2.15429409e-02 -4.82960290e-07 1.46927062e-08 -9.09024750e-05 2.81682405e-09
0.036            1.45437807e-06 -2.33484446e-02 4.37517187e-07 1.43893588e-06 -2.32566971e-02 4.34796116e-07 1.54421853e-08 -9.17475322e-05 2.72107100e-09
0.03646154       -3.62365567e-07 -2.69719591e-02 4.94737788e-07 -3.77747899e-07 -2.68788035e-02 4.92091950e-07 1.53823322e-08 -9.31555678e-05 2.64583799e-09
0.03691716       6.72851897e-07 -2.36317784e-02 1.47394653e-06 6.56913346e-07 -2.35379107e-02 1.47133568e-06 1.59385513e-08 -9.38676887e-05 2.61085150e-09
0.03736694       -3.94181188e-06 -2.06484705e-02 -1.19054463e-07 -3.95643239e-06 -2.05543385e-02 -1.21621107e-07 1.46205102e-08 -9.41320457e-05 2.56664395e-09
0.03781095       -4.55494270e-06 -2.42026325e-02 9.23354409e-07 -4.56830351e-06 -2.41076645e-02 9.20761303e-07 1.33608117e-08 -9.49680676e-05 2.59310639e-09
0.03824927       -1.27721546e-06 -2.61423461e-02 9.15969331e-07 -1.29055723e-06 -2.60462462e-02 9.13379063e-07 1.33417772e-08 -9.60999045e-05 2.59026851e-09
0.03868198       -4.09856661e-06 -2.68593349e-02 7.24470111e-07 -4.11079950e-06 -2.67623011e-02 7.21864826e-07 1.22328870e-08 -9.70337985e-05 2.60528517e-09
0.03910913       -1.23850640e-06 -2.96611983e-02 7.73678839e-07 -1.25062039e-06 -2.95631792e-02 7.71071817e-07 1.21139904e-08 -9.80191607e-05 2.60702181e-09
0.03953081       -5.92696906e-07 -2.64210327e-02 6.28512800e-07 -6.04933924e-07 -2.63223552e-02 6.25919318e-07 1.22370179e-08 -9.86774969e-05 2.59348138e-09
0.03994708       2.21921793e-07 -2.21716367e-02 3.93891522e-07 2.09274532e-07 -2.20726674e-02 3.91353421e-07 1.26472615e-08 -9.89693183e-05 2.53810099e-09
0.04035801       5.64172685e-07 -2.29678873e-02 4.19182685e-07 5.51148683e-07 -2.28685059e-02 4.16635878e-07 1.30240027e-08 -9.93814073e-05 2.54680663e-09
0.04076368       4.60259967e-06 -2.28108421e-02 5.12465203e-07 4.58766218e-06 -2.27109601e-02 5.10009660e-07 1.49374924e-08 -9.98820016e-05 2.45554255e-09
0.04116415       4.13638423e-06 -2.31180571e-02 -7.52796680e-06 4.12099153e-06 -2.30177518e-02 -7.52979793e-06 1.53926953e-08 -1.00305247e-04 1.83112253e-09
0.04156461       -8.86242491e-06 -1.76812643e-02 6.61288102e-06 -8.87621434e-06 -1.75814529e-02 6.61056471e-06 1.37894310e-08 -9.98114320e-05 2.31631395e-09
0.04196508       -1.99127715e-06 -1.81324232e-02 2.08733063e-06 -2.00524778e-06 -1.80328360e-02 2.08486308e-06 1.39706357e-08 -9.95871711e-05 2.46755228e-09
0.04236027       3.07707923e-06 -7.62159769e-03 5.50495920e-07 3.06158897e-06 -7.52379427e-03 5.48055921e-07 1.54902616e-08 -9.78034190e-05 2.43999858e-09
0.04276081       1.21754506e-06 -8.80067516e-04 4.81707929e-07 1.20108747e-06 -7.84471977e-04 4.79311134e-07 1.64575823e-08 -9.55955391e-05 2.39679488e-09
0.04316135       2.64885410e-07 -4.96378301e-03 2.91465980e-08 2.47802169e-07 -4.86984905e-03 2.68350502e-08 1.70832408e-08 -9.39339638e-05 2.31154785e-09
0.04356753       1.06890615e-06 -4.39774820e-03 2.80490058e-07 1.05108317e-06 -4.30547776e-03 2.78265183e-07 1.78229833e-08 -9.22704427e-05 2.22487540e-09
0.0439737        1.03951114e-06 -5.86310987e-03 1.25650103e-06 1.02101148e-06 -5.77218258e-03 1.25431459e-06 1.84996628e-08 -9.09272984e-05 2.18644256e-09
0.04437988       3.96600439e-07 -6.17272717e-03 1.36330553e-06 3.77629240e-07 -6.08263330e-03 1.36119857e-06 1.89711996e-08 -9.00938694e-05 2.10695157e-09
0.04479212       -1.87533175e-06 -6.73980716e-03 2.68406659e-07 -1.89406953e-06 -6.65063239e-03 2.66403342e-07 1.87377874e-08 -8.91747731e-05 2.00331620e-09
0.04520436       9.58869259e-06 -1.02963443e-02 4.26728706e-07 9.56653399e-06 -1.02081635e-02 4.24962272e-07 2.21585998e-08 -8.81808045e-05 1.76643410e-09
0.0456166        -6.50334596e-07 -1.08653705e-02 1.47647388e-06 -6.72474334e-07 -1.07781771e-02 1.47475319e-06 2.21397380e-08 -8.71934121e-05 1.72069066e-09
0.04603539       3.87751346e-06 -6.00513718e-03 7.21627086e-07 3.85415375e-06 -5.91885254e-03 7.20105180e-07 2.33597056e-08 -8.62846421e-05 1.52190517e-09
0.04645417       5.09831787e-06 -5.41755125e-03 3.48125412e-07 5.07326879e-06 -5.33202981e-03 3.46901700e-07 2.50490764e-08 -8.55214392e-05 1.22371233e-09
0.04687296       3.56924882e-06 -6.01065567e-03 1.47749332e-07 3.54292603e-06 -5.92639407e-03 1.46828054e-07 2.63227922e-08 -8.42615959e-05 9.21278352e-10
0.04729884       -3.33145601e-07 -6.51659217e-03 9.58941226e-07 -3.59613034e-07 -6.43379804e-03 9.58225076e-07 2.64674338e-08 -8.27941245e-05 7.16149547e-10
0.04772472       1.08901329e-06 -3.64214071e-03 2.65441023e-07 1.06206255e-06 -3.56063937e-03 2.64976066e-07 2.69507386e-08 -8.15013394e-05 4.64956640e-10
0.0481506        2.73091639e-06 -1.73535538e-03 -2.44756898e-09 2.70288806e-06 -1.65507686e-03 -2.61723236e-09 2.80283277e-08 -8.02785161e-05 1.69663378e-10
0.04858423       -3.31049477e-06 -4.83780171e-03 -1.36610655e-07 -3.33757295e-06 -4.75840493e-03 -1.36677463e-07 2.70781877e-08 -7.93967820e-05 6.68078053e-11
0.04901785       8.01939362e-07 -7.71952186e-03 -4.30461391e-07 7.74370688e-07 -7.64071497e-03 -4.30257137e-07 2.75686738e-08 -7.88068920e-05 -2.04254397e-10
0.04945148       -2.51180853e-05 -8.48322118e-03 1.63795171e-05 -2.51386849e-05 -8.40507124e-03 1.63782075e-05 2.05996518e-08 -7.81499412e-05 1.30956362e-09
0.04989361       2.80295503e-05 -9.06297341e-03 -1.42186165e-05 2.79997649e-05 -8.98535907e-03 -1.42179603e-05 2.97854093e-08 -7.76143400e-05 -6.56236950e-10
0.05033573       4.15157900e-07 -6.55805461e-03 -3.10647755e-06 3.85273826e-07 -6.48125798e-03 -3.10534898e-06 2.98840741e-08 -7.67966302e-05 -1.12857114e-09
0.05077786       1.87782473e-06 -2.45819520e-03 7.46456379e-08 1.84681556e-06 -2.38275538e-03 7.60320411e-08 3.10091641e-08 -7.54398275e-05 -1.38640312e-09
0.0512294        1.15765481e-05 -5.68807628e-03 5.71682136e-06 1.15400839e-05 -5.61350189e-03 5.71820886e-06 3.64642458e-08 -7.45743930e-05 -1.38749409e-09
0.05168093       -4.88085879e-06 -7.03550196e-03 -4.94109697e-06 -4.91525980e-06 -6.96120079e-03 -4.93915309e-06 3.44010073e-08 -7.43011627e-05 -1.94388531e-09
0.05213247       -2.08484460e-06 -6.86337556e-03 7.53162770e-08 -2.11886088e-06 -6.78958758e-03 7.74176629e-08 3.40162874e-08 -7.37879857e-05 -2.10138589e-09
0.052584         3.84661075e-06 -1.04592850e-02 2.67302946e-06 3.81045678e-06 -1.03860671e-02 2.67522730e-06 3.61539776e-08 -7.32178854e-05 -2.19784088e-09
0.05303554       -1.48952754e-06 -6.76264929e-03 -1.23784017e-06 -1.52541654e-06 -6.69020229e-03 -1.23537363e-06 3.58889963e-08 -7.24469990e-05 -2.46654096e-09
0.05349808       -9.57979538e-06 -6.45779609e-04 6.10354545e-06 -9.61318708e-06 -5.74436078e-04 6.10556575e-06 3.33917029e-08 -7.13435310e-05 -2.02030609e-09
0.05396063       1.52361988e-05 -4.83778700e-03 -6.29797616e-06 1.51977269e-05 -4.76715813e-03 -6.29495246e-06 3.84718496e-08 -7.06288772e-05 -3.02369503e-09
0.05442318       2.00954348e-06 -1.21297475e-02 -1.02492789e-07 1.97010836e-06 -1.20594025e-02 -9.91473974e-08 3.94351115e-08 -7.03449613e-05 -3.34539131e-09
0.05488573       -7.88107938e-07 -6.85153583e-03 9.92263154e-07 -8.27656981e-07 -6.78190625e-03 9.95818749e-07 3.95490425e-08 -6.96295837e-05 -3.55559479e-09
0.05534828       1.08574812e-06 -4.77874422e-04 4.33519787e-07 1.04563693e-06 -4.09314724e-04 4.37407844e-07 4.01111894e-08 -6.85596982e-05 -3.88805650e-09
0.05582404       3.00178253e-06 -5.36175867e-03 8.02862160e-07 2.96047515e-06 -5.29373553e-03 8.07182065e-07 4.13073846e-08 -6.80231416e-05 -4.31990489e-09
0.0562998        7.53850585e-07 -9.57218501e-03 5.29862341e-07 7.12304579e-07 -9.50425338e-03 5.34575022e-07 4.15460068e-08 -6.79316357e-05 -4.71268102e-09
0.05677557       2.42349741e-06 -5.18510811e-03 2.33041930e-07 2.38113583e-06 -5.11788726e-03 2.38235978e-07 4.23615814e-08 -6.72208418e-05 -5.19404792e-09
0.05725133       3.24365959e-06 -3.21872601e-03 -6.35612850e-07 3.20038809e-06 -3.15257752e-03 -6.29844987e-07 4.32715054e-08 -6.61484984e-05 -5.76786294e-09
0.05772709       6.73697339e-07 -6.35289060e-03 7.16836894e-08 6.30493259e-07 -6.28712726e-03 7.79013463e-08 4.32040806e-08 -6.57633391e-05 -6.21765690e-09
0.05820286       -2.11478709e-06 -8.40608602e-03 1.00047018e-06 -2.15694441e-06 -8.34053326e-03 1.00695732e-06 4.21573261e-08 -6.55527618e-05 -6.48714754e-09
0.05867862       1.07776022e-06 -6.44326081e-03 -2.51751239e-07 1.03554897e-06 -6.37789235e-03 -2.44753086e-07 4.22112469e-08 -6.53684610e-05 -6.99815259e-09
0.05915438       1.70148560e-06 -6.16294919e-03 -1.67167572e-07 1.65904293e-06 -6.09768302e-03 -1.59643920e-07 4.24426701e-08 -6.52661661e-05 -7.52365179e-09
0.05963015       -2.97322086e-07 -5.56107652e-03 8.63844947e-08 -3.39275198e-07 -5.49674217e-03 9.43312286e-08 4.19531125e-08 -6.43343527e-05 -7.94673386e-09
0.06010591       2.85053161e-06 -3.82003958e-03 -5.09124291e-07 2.80790029e-06 -3.75670247e-03 -5.00572237e-07 4.26313185e-08 -6.33371078e-05 -8.55205422e-09
0.0606015        1.23226154e-05 -7.80670555e-03 8.20515773e-07 1.22752597e-05 -7.74346399e-03 8.29724344e-07 4.73556872e-08 -6.32415609e-05 -9.20857090e-09
0.06109709       -9.93647957e-06 -7.32027265e-03 -1.17241404e-07 -9.97928374e-06 -7.25727965e-03 -1.08015683e-07 4.28041645e-08 -6.29929981e-05 -9.22572069e-09
0.06159267       -3.69342671e-06 -1.64066916e-03 3.69979561e-07 -3.73438293e-06 -1.57845886e-03 3.79389875e-07 4.09562197e-08 -6.22103011e-05 -9.41031408e-09
0.06208826       -9.76273807e-07 -4.34393196e-03 4.34618097e-08 -1.01623413e-06 -4.28215543e-03 5.31886666e-08 3.99603180e-08 -6.17765319e-05 -9.72685689e-09
0.06258385       3.53563624e-06 -8.64952821e-03 -1.40168248e-06 3.49482189e-06 -8.58773576e-03 -1.39134257e-06 4.08143525e-08 -6.17924545e-05 -1.03399046e-08
0.06307943       5.48799105e-06 -8.63438493e-03 -1.15339402e-06 5.44555008e-06 -8.57279567e-03 -1.14239532e-06 4.24409748e-08 -6.15892561e-05 -1.09986955e-08
0.06357502       9.01228477e-07 -1.14133458e-02 -7.32979050e-08 8.58909423e-07 -1.13518732e-02 -6.20250233e-08 4.23190536e-08 -6.14725483e-05 -1.12728817e-08
0.06407061       2.35025217e-06 -4.04824961e-03 -4.08509027e-07 2.30746031e-06 -3.98736942e-03 -3.96854885e-07 4.27918674e-08 -6.08801825e-05 -1.16541422e-08
0.06456619       -6.04736428e-07 -1.87212272e-03 -1.38199121e-07 -6.46599703e-07 -1.81188046e-03 -1.26315810e-07 4.18632755e-08 -6.02422620e-05 -1.18833113e-08
0.06506178       -7.19468985e-07 -7.38354509e-03 5.13775403e-07 -7.60324239e-07 -7.32331039e-03 5.25843419e-07 4.08552532e-08 -6.02347092e-05 -1.20680164e-08
0.06555737       3.90958669e-06 -8.72700477e-03 -1.92208779e-06 3.86802998e-06 -8.66677758e-03 -1.90937678e-06 4.15567157e-08 -6.02271860e-05 -1.27110177e-08
0.06605296       1.00217394e-05 -3.54913184e-03 -1.80502588e-06 9.97683659e-06 -3.48968234e-03 -1.79140696e-06 4.49027823e-08 -5.94495023e-05 -1.36189131e-08
0.06654854       -6.82676566e-06 -4.71826812e-03 1.53772170e-06 -6.86837207e-06 -4.65926947e-03 1.55120016e-06 4.16064112e-08 -5.89986445e-05 -1.34784617e-08
0.06704413       -5.98038707e-07 -8.41502543e-03 1.19019000e-07 -6.38921451e-07 -8.35591511e-03 1.32801241e-07 4.08827446e-08 -5.91103246e-05 -1.37822414e-08
0.06753972       1.44807286e-06 -8.53546147e-03 2.12626748e-07 1.40699476e-06 -8.47628431e-03 2.26794526e-07 4.10781052e-08 -5.91771582e-05 -1.41677787e-08
0.0680353        2.71725084e-06 -5.89059071e-03 -2.55306639e-07 2.67555740e-06 -5.83120523e-03 -2.40700903e-07 4.16934412e-08 -5.93854840e-05 -1.46057359e-08
0.06853089       1.03950746e-06 -6.49534263e-03 -5.17547718e-07 9.97857096e-07 -6.43639277e-03 -5.02557573e-07 4.16503632e-08 -5.89498582e-05 -1.49901451e-08
0.06902648       -1.00971002e-06 -6.50621025e-03 -1.88771069e-07 -1.05060601e-06 -6.44798861e-03 -1.73529883e-07 4.08959928e-08 -5.82216444e-05 -1.52411865e-08
0.06952206       6.35951381e-08 -3.34136816e-03 -2.70223177e-07 2.30205896e-08 -3.28357508e-03 -2.54691139e-07 4.05745485e-08 -5.77930805e-05 -1.55320378e-08
0.07001765       1.55769763e-06 -2.56569000e-03 -3.33066299e-07 1.51695968e-06 -2.50826215e-03 -3.17170921e-07 4.07379523e-08 -5.74278539e-05 -1.58953786e-08
0.07051324       -1.58231029e-06 -1.52786642e-02 -5.34846753e-07 -1.62211236e-06 -1.52203616e-02 -5.18714089e-07 3.98020706e-08 -5.83025665e-05 -1.61326639e-08
0.07100883       4.10838943e-06 -1.21090706e-02 -4.25797856e-07 4.06728649e-06 -1.20504577e-02 -4.09196146e-07 4.11029409e-08 -5.86128344e-05 -1.66017098e-08
0.07150441       1.69193673e-06 3.56704963e-03 -1.59970031e-06 1.65061578e-06 3.62413120e-03 -1.58272931e-06 4.13209534e-08 -5.70815727e-05 -1.69710035e-08
0.072            2.65822428e-06 -3.30443749e-03 -1.85118266e-06 2.61651489e-06 -3.24764566e-03 -1.83380404e-06 4.17093967e-08 -5.67918359e-05 -1.73786163e-08
0.07252941       -2.61226998e-08 -1.38504031e-02 -2.58525854e-07 -6.72664135e-08 -1.37923353e-02 -2.40969810e-07 4.11437137e-08 -5.80677264e-05 -1.75560441e-08
0.07305882       9.78660260e-07 -6.58256618e-03 -4.40985202e-07 9.37673606e-07 -6.52485543e-03 -4.23209352e-07 4.09866533e-08 -5.77107463e-05 -1.77758500e-08
0.07358824       -2.38199844e-06 -4.85679707e-03 2.76850842e-06 -2.42172322e-06 -4.79992277e-03 2.78598923e-06 3.97247794e-08 -5.68743019e-05 -1.74808114e-08
0.07412592       4.48363178e-06 -2.42200659e-03 -3.47739288e-06 4.44274101e-06 -2.36551936e-03 -3.45921177e-06 4.08907690e-08 -5.64872296e-05 -1.81811110e-08
0.0746636        1.12019989e-06 -3.95572558e-03 -4.53281882e-07 1.07931456e-06 -3.89941643e-03 -4.34927523e-07 4.08853322e-08 -5.63091555e-05 -1.83543587e-08
0.07520129       8.71947593e-08 -9.32226267e-03 -8.99649019e-07 4.67943618e-08 -9.26560723e-03 -8.81183762e-07 4.04003974e-08 -5.66554377e-05 -1.84652573e-08
0.07573897       2.41366250e-06 -8.78097954e-03 -1.90318367e-07 2.37259291e-06 -8.72411142e-03 -1.71630212e-07 4.10695925e-08 -5.68681231e-05 -1.86881544e-08
0.07627665       7.01972699e-06 -9.77713411e-03 -2.41687538e-06 6.97577172e-06 -9.72001294e-03 -2.39743866e-06 4.39552753e-08 -5.71211721e-05 -1.94367163e-08
0.07681434       3.59244043e-06 -2.70736520e-03 -2.41993266e-06 3.54731027e-06 -2.65065757e-03 -2.39992524e-06 4.51301617e-08 -5.67076281e-05 -2.00074237e-08
0.07736146       4.88013626e-06 -3.90874211e-03 -3.75226626e-06 4.83347748e-06 -3.85226324e-03 -3.73159766e-06 4.66587803e-08 -5.64788719e-05 -2.06685943e-08
0.07790857       -4.25717073e-07 -1.02558028e-02 1.75463932e-06 -4.72212216e-07 -1.01991982e-02 1.77524176e-06 4.64951429e-08 -5.66045907e-05 -2.06024382e-08
0.07845569       2.25021808e-07 -8.74415806e-03 -9.38658218e-08 1.78516304e-07 -8.68742478e-03 -7.31282359e-08 4.65055043e-08 -5.67332753e-05 -2.07375859e-08
0.07900281       -1.87611575e-06 -8.66610922e-03 -2.12633496e-06 -1.92127712e-06 -8.60913467e-03 -2.10541511e-06 4.51613748e-08 -5.69745484e-05 -2.09198520e-08
0.07954992       5.72415794e-06 -5.05145847e-03 -1.72130122e-07 5.67623621e-06 -4.99496925e-03 -1.50694265e-07 4.79217304e-08 -5.64892247e-05 -2.14358562e-08
0.08009704       3.32753421e-07 -5.17750631e-03 -4.27715323e-07 2.84584953e-07 -5.12133968e-03 -4.06137743e-07 4.81684681e-08 -5.61666260e-05 -2.15775802e-08
0.08064416       2.36740337e-06 -2.54948470e-03 -7.31967724e-07 2.31821453e-06 -2.49364819e-03 -7.10030684e-07 4.91888416e-08 -5.58365134e-05 -2.19370407e-08
0.08120244       -3.34129267e-06 -8.97654097e-03 9.37528657e-07 -3.38900322e-06 -8.91999464e-03 9.59167538e-07 4.77105426e-08 -5.65463368e-05 -2.16388814e-08
0.08174933       -1.16291945e-06 -1.37486347e-02 -6.94489956e-07 -1.21010401e-06 -1.36910429e-02 -6.72727119e-07 4.71845529e-08 -5.75917907e-05 -2.17628376e-08
0.08229622       -4.46576279e-06 7.13591730e-04 1.35187290e-05 -4.51224055e-06 7.69426262e-04 1.35391758e-05 4.64777618e-08 -5.58345324e-05 -2.04468443e-08
0.08285499       7.65327494e-06 -4.90350260e-03 -1.19857055e-05 7.60407389e-06 -4.84799081e-03 -1.19635511e-05 4.92010540e-08 -5.55117984e-05 -2.21543993e-08
0.08341377       -1.51605198e-06 -1.35518471e-02 -2.06716193e-06 -1.56485730e-06 -1.34946713e-02 -2.04476628e-06 4.88053270e-08 -5.71758200e-05 -2.23956525e-08
0.08396013       3.38436027e-06 -6.85253636e-03 -1.37113401e-06 3.33443511e-06 -6.79553556e-03 -1.34830050e-06 4.99251610e-08 -5.70007990e-05 -2.28335048e-08
0.0845192        -1.05957721e-05 -4.53266052e-03 7.31778342e-06 -1.06418682e-05 -4.47613322e-03 7.33941099e-06 4.60960509e-08 -5.65273040e-05 -2.16275700e-08
0.08507827       1.00919182e-05 -5.19815085e-03 -7.32235414e-06 1.00419700e-05 -5.14231480e-03 -7.29935029e-06 4.99481848e-08 -5.58360462e-05 -2.30038547e-08
0.08563733       -4.66786919e-07 -6.80328199e-03 -6.53389707e-07 -5.16221301e-07 -6.74736855e-03 -6.30281118e-07 4.94343814e-08 -5.59134401e-05 -2.31085881e-08
0.0861964        7.83008152e-06 -8.54231719e-03 -8.38845504e-07 7.77744864e-06 -8.48576374e-03 -8.14987378e-07 5.26328837e-08 -5.65534472e-05 -2.38581259e-08
0.08675547       2.44288778e-06 -7.86971583e-03 -4.35377423e-07 2.38954387e-06 -7.81287712e-03 -4.11246230e-07 5.33439020e-08 -5.68387069e-05 -2.41311929e-08
0.08731453       -3.60322869e-07 -7.97819878e-03 1.66245826e-07 -4.13064532e-07 -7.92125580e-03 1.90327572e-07 5.27416626e-08 -5.69429810e-05 -2.40817467e-08
0.0878736        -2.34446284e-07 -4.49207315e-03 -2.18965995e-06 -2.86410395e-07 -4.43566549e-03 -2.16535086e-06 5.19641103e-08 -5.64076632e-05 -2.43090911e-08
0.08843267       3.69223330e-08 -8.80113696e-03 -1.95580282e-07 -1.46609783e-08 -8.74444136e-03 -1.71268868e-07 5.15833113e-08 -5.66955951e-05 -2.43114139e-08
0.08899173       3.36286310e-06 -7.76317873e-03 -1.75180650e-06 3.31022433e-06 -7.70621376e-03 -1.72718045e-06 5.26387722e-08 -5.69649706e-05 -2.46260573e-08
0.0895508        -4.69040098e-06 -2.42334903e-03 1.36229564e-06 -4.74055783e-06 -2.36666872e-03 1.38628126e-06 5.01568466e-08 -5.66803094e-05 -2.39856146e-08
0.09010987       2.50308753e-07 -7.79900750e-03 -1.03255299e-06 2.00230638e-07 -7.74223384e-03 -1.00855506e-06 5.00781148e-08 -5.67736615e-05 -2.39979288e-08
0.09066893       3.99474457e-07 -1.06757892e-02 -1.72896955e-06 3.49601704e-07 -1.06187831e-02 -1.70495798e-06 4.98727529e-08 -5.70060368e-05 -2.40115715e-08
0.091228         1.31634745e-08 -8.76028769e-03 -6.17957958e-07 -3.64937437e-08 -8.70300588e-03 -5.94009752e-07 4.96572182e-08 -5.72818063e-05 -2.39482066e-08
0.09178707       3.07518257e-07 -8.09500982e-03 -7.14980777e-08 2.57772067e-07 -8.03753502e-03 -4.76291823e-08 4.97461900e-08 -5.74748001e-05 -2.38688954e-08
0.09234613       -2.46326999e-06 -3.49422212e-03 -3.42875287e-07 -2.51152226e-06 -3.43692841e-03 -3.19337227e-07 4.82522640e-08 -5.72937143e-05 -2.35380603e-08
0.0929052        2.61708522e-06 -5.76771963e-03 -8.28633874e-08 2.56785410e-06 -5.71081655e-03 -5.92316236e-08 4.92311230e-08 -5.69030789e-05 -2.36317638e-08
0.09346427       -1.72801719e-07 -5.58866817e-03 1.61165911e-08 -2.21702918e-07 -5.53230355e-03 3.95280332e-08 4.89011989e-08 -5.63646241e-05 -2.34114422e-08
0.0940457        1.50056928e-06 -1.30533442e-02 -4.60507750e-07 1.45110783e-06 -1.29957133e-02 -4.37104403e-07 4.94614567e-08 -5.76309411e-05 -2.34033472e-08
0.09460387       -1.75627476e-06 -8.24571436e-03 3.54325955e-08 -1.80476727e-06 -8.18775488e-03 5.84809058e-08 4.84925028e-08 -5.79594815e-05 -2.30483103e-08
0.09516204       1.11158348e-06 -2.62337967e-03 -9.85662896e-07 1.06296629e-06 -2.56572853e-03 -9.62634394e-07 4.86171907e-08 -5.76511406e-05 -2.30285019e-08
0.09572021       2.09764764e-06 -6.53986190e-03 -1.85827544e-06 2.04848609e-06 -6.48268248e-03 -1.83505480e-06 4.91615465e-08 -5.71794226e-05 -2.32206350e-08
0.09630496       -3.01715747e-06 -6.70581155e-03 3.69984884e-06 -3.06503078e-06 -6.64886106e-03 3.72226761e-06 4.78733165e-08 -5.69504924e-05 -2.24187761e-08
0.09688972       4.06723306e-07 -9.03352459e-03 -3.02593761e-06 3.58995912e-07 -8.97578928e-03 -3.00339304e-06 4.77273939e-08 -5.77353072e-05 -2.25445664e-08
0.09747447       -4.42168617e-06 -9.88842283e-03 2.16742799e-06 -4.46723380e-06 -9.83023200e-03 2.18901853e-06 4.55476291e-08 -5.81908287e-05 -2.15905379e-08
0.09805922       9.24901267e-06 -7.46601185e-03 -2.56706150e-06 9.19905287e-06 -7.40771316e-03 -2.54447605e-06 4.99598006e-08 -5.82986932e-05 -2.25854470e-08
0.09864397       3.13531896e-06 -5.23087543e-03 -2.23093213e-06 3.08408107e-06 -5.17333754e-03 -2.20809348e-06 5.12378890e-08 -5.75378843e-05 -2.28386470e-08
0.09922872       2.16275366e-06 -4.91356569e-03 -1.47052892e-06 2.11082470e-06 -4.85627177e-03 -1.44759958e-06 5.19289589e-08 -5.72939278e-05 -2.29293402e-08
0.09981347       -1.67016480e-06 -4.96031626e-03 1.36038013e-07 -1.72121052e-06 -4.90301317e-03 1.58502020e-07 5.10457194e-08 -5.73030877e-05 -2.24640070e-08
0.1003982        3.65238078e-07 -1.52259496e-02 -5.12687809e-07 3.14015995e-07 -1.51672699e-02 -4.90380160e-07 5.12220828e-08 -5.86797281e-05 -2.23076499e-08
0.100983         -8.90733834e-07 -7.43744202e-03 -2.16790862e-07 -9.41540962e-07 -7.37876807e-03 -1.94830948e-07 5.08071281e-08 -5.86739472e-05 -2.19599139e-08
0.1015677        -9.07785345e-07 -3.81612738e-03 3.43493193e-07 -9.58076152e-07 -3.75802745e-03 3.65032800e-07 5.02908079e-08 -5.80999261e-05 -2.15396069e-08
0.1021525        3.02456880e-06 -3.15329056e-03 -1.05530378e-06 2.97293252e-06 -3.09566015e-03 -1.03360261e-06 5.16362754e-08 -5.76304119e-05 -2.17011638e-08
0.1027372        5.28912029e-06 -7.01293696e-03 3.05901923e-06 5.23466118e-06 -6.95526004e-03 3.08089143e-06 5.44591140e-08 -5.76769184e-05 -2.18722035e-08
0.103322         -2.20703392e-06 -9.90627339e-03 -3.33720943e-06 -2.25986319e-06 -9.84818606e-03 -3.31564448e-06 5.28292664e-08 -5.80873353e-05 -2.15649487e-08
0.1039067        -4.16020071e-06 -9.43192969e-03 3.61855332e-07 -4.21101174e-06 -9.37347593e-03 3.82805455e-07 5.08110289e-08 -5.84537597e-05 -2.09501236e-08
0.1044915        -7.05794720e-07 -7.58947620e-03 -6.08038441e-07 -7.56188382e-07 -7.53101513e-03 -5.87335051e-07 5.03936626e-08 -5.84610781e-05 -2.07033895e-08
0.1050762        -1.95340824e-06 -4.30788608e-03 7.89773682e-07 -2.00284607e-06 -4.24991158e-03 8.09922347e-07 4.94378315e-08 -5.79745013e-05 -2.01486645e-08
0.105661         -1.04413056e-06 -4.40321474e-03 -2.99459967e-07 -1.09294841e-06 -4.34566140e-03 -2.79660468e-07 4.88178460e-08 -5.75533343e-05 -1.97994990e-08
0.1062457        -2.41417959e-06 -8.13328557e-03 6.41941194e-07 -2.46187560e-06 -8.07561594e-03 6.61170725e-07 4.76960178e-08 -5.76696342e-05 -1.92295304e-08
0.1068305        -3.28016739e-06 -1.52508783e-02 3.03990685e-07 -3.32639711e-06 -1.51918351e-02 3.22541734e-07 4.62297191e-08 -5.90432231e-05 -1.85510491e-08
0.1074152        1.06365159e-06 -5.82153473e-03 -5.53864261e-07 1.01702315e-06 -5.76285727e-03 -5.35529118e-07 4.66284323e-08 -5.86774572e-05 -1.83351439e-08
0.108            2.82332308e-06 -3.62676657e-03 -1.21234376e-06 2.77551851e-06 -3.56857676e-03 -1.19387494e-06 4.78045725e-08 -5.81898108e-05 -1.84688154e-08
0.1085806        1.69655143e-06 -4.53729251e-03 -7.97425733e-07 1.64806604e-06 -4.47953713e-03 -7.78983074e-07 4.84853884e-08 -5.77553863e-05 -1.84426595e-08
0.109171         -1.66513336e-06 -8.67341489e-03 5.98899792e-07 -1.71279804e-06 -8.61542560e-03 6.16781340e-07 4.76646778e-08 -5.79892924e-05 -1.78815481e-08
0.1097613        2.87198209e-06 -8.97065613e-03 -8.66595354e-07 2.82286081e-06 -8.91232735e-03 -8.48573034e-07 4.91212774e-08 -5.83287829e-05 -1.80223200e-08
0.1103516        -7.66164297e-08 -1.03458711e-02 -1.56301800e-09 -1.25660397e-07 -1.02871677e-02 1.60414297e-08 4.90439670e-08 -5.87033961e-05 -1.76044477e-08
0.1109318        7.74060552e-07 -5.47815178e-03 1.37208800e-07 7.24781263e-07 -5.41954213e-03 1.54479382e-07 4.92792888e-08 -5.86096523e-05 -1.72705828e-08
0.1115223        3.60279296e-06 -3.19519892e-03 -1.22520043e-06 3.55218434e-06 -3.13682402e-03 -1.20779067e-06 5.06086178e-08 -5.83749015e-05 -1.74097597e-08
0.1121128        -7.17195753e-07 -5.33077978e-03 -7.07497860e-07 -7.67124245e-07 -5.27319972e-03 -6.90550078e-07 4.99284918e-08 -5.75800659e-05 -1.69477820e-08
0.1127033        -1.67731253e-06 -1.03772486e-02 -5.35126027e-08 -1.72615751e-06 -1.03191913e-02 -3.71814980e-08 4.88449715e-08 -5.80572832e-05 -1.63311047e-08
0.1132938        -4.63337412e-06 -1.25155224e-02 -5.66318427e-07 -4.67954964e-06 -1.24564968e-02 -5.50858254e-07 4.61755184e-08 -5.90255919e-05 -1.54601734e-08
0.1138731        -7.46986569e-07 -3.81503958e-03 -1.47837318e-06 -7.92448764e-07 -3.75631939e-03 -1.46324271e-06 4.54621958e-08 -5.87201907e-05 -1.51304733e-08
0.1144639        4.67173698e-06 -4.27561783e-03 -3.15181866e-06 4.62452073e-06 -4.21738529e-03 -3.13623070e-06 4.72162474e-08 -5.82325422e-05 -1.55879601e-08
0.1150546        2.92580259e-06 -5.26738806e-03 -2.48337735e-08 2.87739545e-06 -5.20984540e-03 -9.32075015e-09 4.84071338e-08 -5.75426648e-05 -1.55130234e-08
0.1156453        -1.03772916e-06 -9.30584756e-03 -2.16370867e-06 -1.08513801e-06 -9.24791747e-03 -2.14843037e-06 4.74088538e-08 -5.79300941e-05 -1.52783003e-08
0.116236         -2.59544117e-06 -9.89307875e-03 9.84761961e-07 -2.64144735e-06 -9.83466997e-03 9.99167402e-07 4.60061780e-08 -5.84087790e-05 -1.44054409e-08
0.1168268        2.88712931e-06 -9.19665759e-03 -5.26523741e-07 2.83992425e-06 -9.13764216e-03 -5.12131811e-07 4.72050575e-08 -5.90154346e-05 -1.43919297e-08
0.1174049        8.89816085e-06 -4.89634035e-03 -1.75439856e-06 8.84693438e-06 -4.83815978e-03 -1.73916741e-06 5.12264741e-08 -5.81805739e-05 -1.52311513e-08
0.1179959        -2.20302511e-06 -7.68204680e-03 -2.22889071e-07 -2.25269731e-06 -7.62407826e-03 -2.08555514e-07 4.96721969e-08 -5.79685371e-05 -1.43335571e-08
0.1185869        3.86948713e-06 -9.47119609e-03 -2.78851279e-06 3.81802017e-06 -9.41283413e-03 -2.77366408e-06 5.14669598e-08 -5.83619588e-05 -1.48487051e-08
0.1191779        2.20625376e-06 -4.28194886e-03 -1.70382603e-06 2.15416865e-06 -4.22379672e-03 -1.68898057e-06 5.20851007e-08 -5.81521449e-05 -1.48454571e-08
0.1197689        6.00717238e-07 -5.69062609e-03 -8.14819671e-07 5.48765366e-07 -5.63259647e-03 -8.00280716e-07 5.19518714e-08 -5.80296116e-05 -1.45389544e-08
0.1203599        4.53005937e-07 -1.04724227e-02 -1.01361691e-06 4.01298943e-07 -1.04143573e-02 -9.99348781e-07 5.17069934e-08 -5.80653339e-05 -1.42681302e-08
0.1209509        7.89549151e-07 -4.14760732e-03 -1.32469508e-06 7.38215091e-07 -4.08975387e-03 -1.31074633e-06 5.13340606e-08 -5.78534464e-05 -1.39487494e-08
0.1215419        -8.31142433e-07 -6.21838943e-03 3.37140798e-07 -8.81686746e-07 -6.16057247e-03 3.50616679e-07 5.05443129e-08 -5.78169620e-05 -1.34758814e-08
0.1221329        -7.65874471e-07 -1.01908834e-02 -3.61257090e-07 -8.15666701e-07 -1.01330749e-02 -3.48186227e-07 4.97922310e-08 -5.78084455e-05 -1.30708629e-08
0.1227239        -5.88671466e-07 -8.91677607e-03 -2.72134908e-07 -6.37716312e-07 -8.85845127e-03 -2.59470876e-07 4.90448460e-08 -5.83248055e-05 -1.26640321e-08
0.1233149        -1.52963645e-06 -8.01991981e-03 -7.55020774e-07 -1.57747074e-06 -7.96135319e-03 -7.42768689e-07 4.78342845e-08 -5.85666173e-05 -1.22520849e-08
0.1239059        -2.15047676e-05 -4.30575800e-03 1.92521530e-05 -2.15430007e-05 -4.24824345e-03 1.92596384e-05 3.82330613e-08 -5.75145448e-05 -7.48535025e-09
0.1244969        1.86411565e-05 -8.71408959e-03 -1.90919445e-05 1.85955607e-05 -8.65610347e-03 -1.90805230e-05 4.55957323e-08 -5.79861161e-05 -1.14214581e-08
0.1250879        1.69164654e-06 -7.81978770e-03 -2.02386254e-06 1.64570175e-06 -7.76143139e-03 -2.01218639e-06 4.59447928e-08 -5.83563086e-05 -1.16761571e-08
0.1256789        -3.28171017e-07 -5.67795636e-03 -4.24691130e-07 -3.73677907e-07 -5.62053619e-03 -4.13123822e-07 4.55068894e-08 -5.74201778e-05 -1.15673082e-08
0.1262699        9.16286974e-06 -7.66011522e-03 -1.83165682e-06 9.11338235e-06 -7.60232873e-03 -1.81874457e-06 4.94873897e-08 -5.77864931e-05 -1.29122458e-08
0.1268609        -4.32604048e-06 -9.66356963e-03 4.95425622e-07 -4.37348536e-06 -9.60523066e-03 5.07724045e-07 4.74448807e-08 -5.83389650e-05 -1.22984233e-08
0.1274519        5.44140334e-06 -3.92377789e-03 -2.33038637e-06 5.39147971e-06 -3.86648918e-03 -2.31707338e-06 4.99236206e-08 -5.72887116e-05 -1.33129929e-08
0.1280429        -4.97719002e-06 -7.16230909e-03 2.11048560e-06 -5.02468958e-06 -7.10477988e-03 2.12288906e-06 4.74995590e-08 -5.75292153e-05 -1.24034643e-08
0.1286339        -5.21315691e-07 -7.77459794e-03 -1.74736841e-07 -5.68688331e-07 -7.71656940e-03 -1.62276209e-07 4.73726394e-08 -5.80285420e-05 -1.24606325e-08
0.1292249        -1.39812926e-06 -1.06377965e-02 4.08938359e-07 -1.44504546e-06 -1.05798278e-02 4.21272461e-07 4.69161998e-08 -5.79686924e-05 -1.23341026e-08
0.1298159        1.19764180e-05 -6.63755656e-03 -5.61363233e-06 1.19236719e-05 -6.57972399e-03 -5.59867485e-06 5.27460661e-08 -5.78325736e-05 -1.49574797e-08
0.130407         -4.00362062e-06 -3.10791701e-03 2.32608998e-06 -4.05430242e-06 -3.05028575e-03 2.34014715e-06 5.06818018e-08 -5.76312651e-05 -1.40571698e-08
0.130998         7.73778814e-07 -1.07068427e-02 9.15130195e-08 7.22602981e-07 -1.06491593e-02 1.05782742e-07 5.11758330e-08 -5.76833642e-05 -1.42697225e-08
0.131589         2.83763196e-06 -6.66877755e-03 -1.75571705e-07 2.78495076e-06 -6.61119801e-03 -1.60697855e-07 5.26812004e-08 -5.75795390e-05 -1.48738502e-08
0.13218          1.33150418e-06 -3.67781891e-03 1.72484104e-07 1.27815799e-06 -3.62042543e-03 1.87738997e-07 5.33461894e-08 -5.73934794e-05 -1.52548929e-08
0.132771         1.10469501e-06 -9.88923708e-03 -1.23968982e-07 1.05061839e-06 -9.83189232e-03 -1.08265282e-07 5.40766245e-08 -5.73447607e-05 -1.57037000e-08
0.133362         4.69469102e-06 -9.04279533e-03 -2.13650433e-06 4.63827221e-06 -8.98518144e-03 -2.11953129e-06 5.64188118e-08 -5.76138842e-05 -1.69730386e-08
0.133953         3.71017002e-06 -8.51535825e-03 -1.63082672e-06 3.65206109e-06 -8.45717755e-03 -1.61285054e-06 5.81089289e-08 -5.81807040e-05 -1.79761774e-08
0.134544         -5.59674753e-06 -5.36721556e-03 2.88492542e-06 -5.65215138e-06 -5.30989228e-03 2.90190410e-06 5.54038518e-08 -5.73232794e-05 -1.69786806e-08
0.135135         -1.38285867e-05 -5.29109468e-03 1.09955419e-05 -1.38774594e-05 -5.23431048e-03 1.10093629e-05 4.88726797e-08 -5.67842009e-05 -1.38210488e-08
0.135726         1.83278586e-06 -4.66087511e-03 -7.08301526e-06 1.78308197e-06 -4.60446499e-03 -7.06765209e-06 4.97038924e-08 -5.64101194e-05 -1.53631674e-08
0.136317         1.67173503e-06 -8.51789611e-03 -2.28600220e-06 1.62099353e-06 -8.46077329e-03 -2.26959624e-06 5.07415016e-08 -5.71228284e-05 -1.64059656e-08
0.136908         -7.90828849e-08 -9.17352129e-03 3.40783514e-07 -1.29990298e-07 -9.11606497e-03 3.57545867e-07 5.09074131e-08 -5.74563180e-05 -1.67623523e-08
0.137499         -2.05029267e-06 -1.02394604e-02 5.70661623e-07 -2.10035504e-06 -1.01821091e-02 5.87414922e-07 5.00623696e-08 -5.73512961e-05 -1.67532991e-08
0.13809          -1.86453961e-07 -5.31932090e-03 -1.02786832e-06 -2.36425612e-07 -5.26204567e-03 -1.01056955e-06 4.99716519e-08 -5.72752243e-05 -1.72987732e-08
0.138681         -1.23197516e-06 -7.68518387e-03 -1.09364454e-07 -1.28151732e-06 -7.62785770e-03 -9.17973808e-08 4.95421564e-08 -5.73261655e-05 -1.75670734e-08
0.139272         -1.17745835e-06 -1.02480140e-02 3.71630829e-07 -1.22663995e-06 -1.01907426e-02 3.89395147e-07 4.91816083e-08 -5.72714390e-05 -1.77643185e-08
0.139863         -2.00078751e-06 -9.52315144e-03 1.08592687e-06 -2.04920995e-06 -9.46524613e-03 1.10380835e-06 4.84224312e-08 -5.79053120e-05 -1.78814832e-08
