# Force         
# CofR          : (6.34000000e-02 0.00000000e+00 4.00000000e-03)
#
# Time          	total_x total_y total_z	pressure_x pressure_y pressure_z	viscous_x viscous_y viscous_z
0.001453488      -1.20826965e+00 1.51803251e-05 -1.10941277e+00 -1.20730144e+00 1.51849672e-05 -1.10938420e+00 -9.68211307e-04 -4.64214816e-09 -2.85718488e-05
0.002543605      -1.17828570e-02 -2.11752312e-05 2.17195478e-03 -1.09044191e-02 -2.11553670e-05 2.16284263e-03 -8.78437921e-04 -1.98641685e-08 9.11215620e-06
0.003696612      1.95700843e-03 -8.48371694e-06 1.14493784e-02 2.79251669e-03 -8.45519315e-06 1.14110495e-02 -8.35508263e-04 -2.85237858e-08 3.83289942e-05
0.00487268       6.66319980e-03 3.37924765e-06 1.42995649e-02 7.46669740e-03 3.40365954e-06 1.42401640e-02 -8.03497606e-04 -2.44118884e-08 5.94008850e-05
0.006048748      1.83482984e-02 -6.14763490e-06 2.05964939e-02 1.91096080e-02 -6.11859765e-06 2.05312796e-02 -7.61309628e-04 -2.90372499e-08 6.52143398e-05
0.007275949      2.87981057e-02 -1.98084106e-06 3.44857544e-02 2.95283592e-02 -1.95259013e-06 3.44017939e-02 -7.30253484e-04 -2.82509335e-08 8.39605359e-05
0.008531041      1.35055104e-02 -1.40902375e-06 1.85783793e-02 1.42130784e-02 -1.38165397e-06 1.84839426e-02 -7.07568001e-04 -2.73697800e-08 9.44367285e-05
0.009816016      1.37819131e-02 -1.30604753e-06 1.80453220e-02 1.44663654e-02 -1.27954707e-06 1.79431801e-02 -6.84452288e-04 -2.65004614e-08 1.02141957e-04
0.01113312       2.16910227e-02 -1.26615296e-06 2.52583141e-02 2.23484836e-02 -1.24029493e-06 2.51484982e-02 -6.57460913e-04 -2.58580316e-08 1.09815888e-04
0.01248488       2.10478025e-02 -9.83870138e-07 2.44109685e-02 2.16800378e-02 -9.59063473e-07 2.42945635e-02 -6.32235301e-04 -2.48066657e-08 1.16405091e-04
0.01387418       1.12422998e-03 -6.05304521e-07 3.64298064e-03 1.74010914e-03 -5.80745508e-07 3.52879382e-03 -6.15879158e-04 -2.45590131e-08 1.14186815e-04
0.01530436       4.02949025e-02 -1.24666887e-06 4.36915420e-02 4.08774828e-02 -1.22319029e-06 4.35634024e-02 -5.82580290e-04 -2.34785782e-08 1.28139618e-04
0.01677922       1.72373063e-02 -3.14628429e-07 2.07389627e-02 1.78016461e-02 -2.93264375e-07 2.06053659e-02 -5.64339807e-04 -2.13640545e-08 1.33596799e-04
0.01830325       1.12222361e-02 -2.15270381e-06 1.46166061e-02 1.17714499e-02 -2.13104202e-06 1.44794800e-02 -5.49213842e-04 -2.16617971e-08 1.37126059e-04
0.0198817        3.65722751e-02 -9.61688353e-07 3.96213708e-02 3.70914971e-02 -9.42712568e-07 3.94724162e-02 -5.19222004e-04 -1.89757858e-08 1.48954607e-04
0.02152087       1.33802965e-02 5.41636801e-08 1.52846857e-02 1.38809965e-02 7.07818137e-08 1.51371861e-02 -5.00699971e-04 -1.66181336e-08 1.47499568e-04
0.02322833       2.79042757e-02 8.23349004e-07 2.89450757e-02 2.83748860e-02 8.35562177e-07 2.87954344e-02 -4.70610227e-04 -1.22131729e-08 1.49641341e-04
0.02501341       1.02204882e-02 4.35695367e-07 1.30780674e-02 1.06805426e-02 4.44839255e-07 1.29253762e-02 -4.60054439e-04 -9.14388819e-09 1.52691211e-04
0.02679848       3.13514412e-02 -2.17375178e-07 3.24818307e-02 3.17808280e-02 -2.10853682e-07 3.23245067e-02 -4.29386760e-04 -6.52149590e-09 1.57324088e-04
0.02867751       2.47886432e-02 2.75784884e-07 2.71665878e-02 2.51987223e-02 2.79046410e-07 2.70011444e-02 -4.10079136e-04 -3.26152528e-09 1.65443433e-04
0.03066707       1.67708332e-02 3.20553619e-07 1.71847906e-02 1.71582427e-02 3.20573509e-07 1.70240354e-02 -3.87409424e-04 -1.98902661e-11 1.60755118e-04
0.03278926       2.83761382e-02 1.76767960e-08 3.01126115e-02 2.87395317e-02 1.41226576e-08 2.99420534e-02 -3.63393521e-04 3.55413844e-09 1.70558127e-04
0.0350747        2.01502109e-02 -9.84154722e-07 2.06384797e-02 2.04895360e-02 -9.88891861e-07 2.04696968e-02 -3.39325026e-04 4.73713912e-09 1.68782861e-04
0.03736015       2.70925736e-02 2.46356118e-07 2.84283754e-02 2.74090837e-02 2.37438212e-07 2.82511755e-02 -3.16510153e-04 8.91790562e-09 1.77199957e-04
0.03987413       2.14516239e-02 -5.70258431e-07 2.11369897e-02 2.17402910e-02 -5.80386903e-07 2.09638305e-02 -2.88667110e-04 1.01284728e-08 1.73159158e-04
0.04270236       2.38995035e-02 2.31035481e-07 2.44437867e-02 2.41626134e-02 2.17366577e-07 2.42644886e-02 -2.63109931e-04 1.36689035e-08 1.79298049e-04
0.0455306        2.29377737e-02 -1.12855093e-06 2.26218146e-02 2.31733714e-02 -1.14294577e-06 2.24429109e-02 -2.35597735e-04 1.43948447e-08 1.78903658e-04
0.04892448       2.57818467e-02 -9.42419382e-07 2.54197082e-02 2.59833811e-02 -9.58575946e-07 2.52360285e-02 -2.01534411e-04 1.61565636e-08 1.83679678e-04
0.05231836       2.22965285e-02 -2.03531719e-06 2.18529830e-02 2.24714232e-02 -2.05101816e-06 2.16680494e-02 -1.74894613e-04 1.57009670e-08 1.84933589e-04
0.05571224       2.66995052e-02 -2.69509756e-06 2.54723314e-02 2.68401351e-02 -2.71041848e-06 2.52862723e-02 -1.40629862e-04 1.53209233e-08 1.86059152e-04
0.05910612       2.56902898e-02 4.48015232e-07 2.42916741e-02 2.58002673e-02 4.26156864e-07 2.41052764e-02 -1.09977541e-04 2.18583672e-08 1.86397647e-04
0.0625           2.77868218e-02 -2.94240495e-07 2.63138888e-02 2.78668075e-02 -3.21362454e-07 2.61240985e-02 -7.99857302e-05 2.71219598e-08 1.89790247e-04
0.06640625       2.19503976e-02 -3.38461832e-06 2.03164546e-02 2.20020720e-02 -3.40764292e-06 2.01295680e-02 -5.16743408e-05 2.30245928e-08 1.86886580e-04
0.07091346       2.48489490e-02 -6.69100498e-07 2.29497792e-02 2.48654264e-02 -6.96421887e-07 2.27611890e-02 -1.64773384e-05 2.73213892e-08 1.88590210e-04
0.07507396       2.69742015e-02 4.52079181e-07 2.43320640e-02 2.69552734e-02 4.17201572e-07 2.41462337e-02 1.89280668e-05 3.48776095e-08 1.85830292e-04
0.07891443       2.73997983e-02 -4.47236867e-06 2.45549361e-02 2.73520378e-02 -4.49804221e-06 2.43707994e-02 4.77605345e-05 2.56735334e-08 1.84136661e-04
0.08245947       2.88667247e-02 -9.80997538e-07 2.53916058e-02 2.87910408e-02 -1.00729892e-06 2.52110460e-02 7.56839490e-05 2.63013785e-08 1.80559867e-04
0.08600452       2.64391002e-02 -3.40499257e-07 2.31412084e-02 2.63409088e-02 -3.68639851e-07 2.29641479e-02 9.81913784e-05 2.81405941e-08 1.77060452e-04
0.08925414       2.72218150e-02 -8.97298143e-07 2.32803118e-02 2.71024047e-02 -9.25526433e-07 2.31086433e-02 1.19410271e-04 2.82282898e-08 1.71668560e-04
0.09200382       3.17069964e-02 -3.29667727e-07 2.65210407e-02 3.15657488e-02 -3.59489537e-07 2.63556113e-02 1.41247607e-04 2.98218092e-08 1.65429449e-04
0.09454199       2.78435215e-02 -1.87867343e-06 2.29756002e-02 2.76885489e-02 -1.90646026e-06 2.28168600e-02 1.54972598e-04 2.77868323e-08 1.58740170e-04
0.09688491       2.83766572e-02 -2.11478253e-06 2.31164371e-02 2.82088045e-02 -2.14072231e-06 2.29642707e-02 1.67852694e-04 2.59397818e-08 1.52166426e-04
0.09922784       2.84755497e-02 -1.99927512e-07 2.28794550e-02 2.82945520e-02 -2.27471607e-07 2.27340027e-02 1.80997655e-04 2.75440944e-08 1.45452329e-04
0.1013755        2.93837088e-02 -1.16913748e-06 2.34289525e-02 2.91908643e-02 -1.19686106e-06 2.32899175e-02 1.92844529e-04 2.77235784e-08 1.39035065e-04
0.1033442        2.65936515e-02 1.87935626e-07 2.08378152e-02 2.63935314e-02 1.58697938e-07 2.07054314e-02 2.00120121e-04 2.92376882e-08 1.32383807e-04
0.1053129        3.39139245e-02 -5.25398524e-07 2.69455168e-02 3.37014406e-02 -5.55514304e-07 2.68168577e-02 2.12483936e-04 3.01157797e-08 1.28659125e-04
0.1072816        2.47099096e-02 -6.50421009e-07 1.92106116e-02 2.44938806e-02 -6.80668772e-07 1.90870716e-02 2.16028946e-04 3.02477621e-08 1.23540021e-04
0.1090535        2.84049775e-02 -8.16403694e-07 2.07354857e-02 2.81785460e-02 -8.46577640e-07 2.06226234e-02 2.26431455e-04 3.01739454e-08 1.12862270e-04
0.1108253        4.22285406e-02 -4.36037552e-06 3.38477185e-02 4.19894376e-02 -4.38618634e-06 3.37331341e-02 2.39103016e-04 2.58108168e-08 1.14584415e-04
0.1125971        2.07159217e-02 -3.92242989e-06 1.37506386e-02 2.04725915e-02 -3.94325544e-06 1.36492022e-02 2.43330201e-04 2.08255503e-08 1.01436385e-04
0.114369         3.12420785e-02 -3.84932686e-06 2.42970488e-02 3.09944444e-02 -3.86537842e-06 2.41954728e-02 2.47634066e-04 1.60515570e-08 1.01576010e-04
0.1161408        2.90921410e-02 -3.61185245e-06 2.00842428e-02 2.88335654e-02 -3.62342682e-06 1.99941780e-02 2.58575634e-04 1.15743709e-08 9.00647626e-05
0.1176173        3.51953736e-02 -2.36304191e-06 2.63700216e-02 3.49319111e-02 -2.37212524e-06 2.62814361e-02 2.63462552e-04 9.08333308e-09 8.85855627e-05
0.1190939        2.88917662e-02 1.52451100e-06 1.90911200e-02 2.86197879e-02 1.51378416e-06 1.90136941e-02 2.71978354e-04 1.07268393e-08 7.74258990e-05
0.1205704        3.40086953e-02 -3.37131893e-06 2.56929351e-02 3.37340906e-02 -3.37909298e-06 2.56140540e-02 2.74604688e-04 7.77404804e-09 7.88811443e-05
0.1220469        3.54071708e-02 5.53104661e-06 2.50696012e-02 3.51234450e-02 5.51735687e-06 2.49969591e-02 2.83725812e-04 1.36897365e-08 7.26421242e-05
0.1235235        1.32004799e-02 2.62336154e-06 7.32252417e-03 1.29227831e-02 2.60651951e-06 7.25697368e-03 2.77696781e-04 1.68420374e-08 6.55504877e-05
0.125            4.15957539e-02 1.05021040e-06 2.75838303e-02 4.12987467e-02 1.03229119e-06 2.75307328e-02 2.97007152e-04 1.79192191e-08 5.30974519e-05
0.1264205        2.26948138e-02 2.62345815e-06 1.62637994e-02 2.24042050e-02 2.60326430e-06 1.62088135e-02 2.90608816e-04 2.01938491e-08 5.49859798e-05
0.1278409        3.54408219e-02 4.81083227e-06 2.41385263e-02 3.51412280e-02 4.78656364e-06 2.40891416e-02 2.99593905e-04 2.42686253e-08 4.93846963e-05
0.1292283        2.66159333e-02 -1.44427451e-05 1.70536279e-02 2.63144155e-02 -1.44500522e-05 1.70101560e-02 3.01517792e-04 7.30707254e-09 4.34719387e-05
0.1306158        3.75768872e-02 6.31205156e-06 2.53606341e-02 3.72666827e-02 6.29821260e-06 2.53223395e-02 3.10204438e-04 1.38389595e-08 3.82945803e-05
0.1319701        3.24839285e-02 1.71934164e-07 2.10945060e-02 3.21688942e-02 1.58923976e-07 2.10617960e-02 3.15034278e-04 1.30101879e-08 3.27100158e-05
0.1333245        2.55749881e-02 2.91060753e-06 1.57288119e-02 2.52590994e-02 2.89486671e-06 1.57018157e-02 3.15888706e-04 1.57408155e-08 2.69962108e-05
0.1346459        2.79869377e-02 1.82503789e-06 1.74741525e-02 2.76694901e-02 1.80796758e-06 1.74525175e-02 3.17447574e-04 1.70703174e-08 2.16349725e-05
0.1359672        2.90355299e-02 2.09373300e-06 1.76736408e-02 2.87154304e-02 2.07492096e-06 1.76571467e-02 3.20099493e-04 1.88120392e-08 1.64941276e-05
0.1372886        5.07615573e-02 6.26677036e-06 3.57788069e-02 5.04308026e-02 6.24089664e-06 3.57593350e-02 3.30754708e-04 2.58737167e-08 1.94719208e-05
0.1385761        1.77025228e-02 -8.15737877e-06 7.78204388e-03 1.73723215e-02 -8.17384052e-06 7.77545226e-03 3.30201374e-04 1.64617496e-08 6.59161821e-06
0.1398635        3.66382776e-02 7.45565827e-06 2.23005881e-02 3.62996078e-02 7.43118366e-06 2.23009267e-02 3.38669773e-04 2.44746132e-08 -3.38648979e-07
0.1411171        3.23702509e-02 1.57225643e-06 2.05590517e-02 3.20303098e-02 1.54547367e-06 2.05604795e-02 3.39941030e-04 2.67827635e-08 -1.42777136e-06
0.1423707        2.54868818e-02 1.75134646e-07 1.53259932e-02 2.51501594e-02 1.48212545e-07 1.53289847e-02 3.36722355e-04 2.69221016e-08 -2.99146461e-06
0.1436243        3.03859827e-02 -3.92922252e-06 1.56054897e-02 3.00404654e-02 -3.95172178e-06 1.56217120e-02 3.45517292e-04 2.24992509e-08 -1.62222855e-05
0.1448431        4.03207538e-02 1.50688026e-06 2.66964890e-02 3.99735468e-02 1.48270609e-06 2.67093660e-02 3.47207040e-04 2.41741754e-08 -1.28769884e-05
0.1460618        2.12494797e-02 4.17115694e-06 9.42396368e-03 2.09011867e-02 4.14309511e-06 9.44737083e-03 3.48292944e-04 2.80618299e-08 -2.34071456e-05
0.1472806        3.08761812e-02 1.99402771e-06 1.70172275e-02 3.05232568e-02 1.96372997e-06 1.70465333e-02 3.52924338e-04 3.02977381e-08 -2.93057614e-05
0.1484994        4.62536660e-02 5.22247321e-06 2.92692531e-02 4.58935012e-02 5.18690131e-06 2.92974360e-02 3.60164812e-04 3.55719012e-08 -2.81829133e-05
0.1496812        3.14032675e-02 -2.11845121e-06 1.73002399e-02 3.10415791e-02 -2.15212562e-06 1.73345131e-02 3.61688449e-04 3.36744144e-08 -3.42732724e-05
0.1508631        2.81206340e-02 -2.14611708e-06 1.49531063e-02 2.77583876e-02 -2.17817349e-06 1.49927422e-02 3.62246425e-04 3.20564092e-08 -3.96358701e-05
0.1520449        2.91779143e-02 -1.59197182e-05 1.55361084e-02 2.88141335e-02 -1.59364333e-05 1.55809004e-02 3.63780791e-04 1.67151222e-08 -4.47919955e-05
0.1532267        3.08801009e-02 2.72118869e-05 1.65635331e-02 3.05142562e-02 2.71696459e-05 1.66133798e-02 3.65844671e-04 4.22409507e-08 -4.98467625e-05
0.1543692        2.59255967e-02 9.46421917e-06 1.30699646e-02 2.55599195e-02 9.41329212e-06 1.31248721e-02 3.65677210e-04 5.09270466e-08 -5.49074984e-05
0.1555116        4.50250280e-02 -9.69091826e-06 2.51995298e-02 4.46496609e-02 -9.73377351e-06 2.52594669e-02 3.75367058e-04 4.28552495e-08 -5.99371181e-05
0.1566541        2.94403632e-02 2.17262926e-06 1.48493886e-02 2.90647919e-02 2.12735310e-06 1.49145943e-02 3.75571247e-04 4.52761612e-08 -6.52057121e-05
0.1577965        1.71487068e-02 -8.58323409e-07 6.64238835e-03 1.67784965e-02 -9.03616909e-07 6.71276979e-03 3.70210267e-04 4.52935002e-08 -7.03814358e-05
0.1589389        4.38269959e-02 6.33581585e-06 2.44831149e-02 4.34462241e-02 6.28403649e-06 2.45586673e-02 3.80771785e-04 5.17793540e-08 -7.55523563e-05
0.1600814        3.89199082e-02 6.20364024e-06 2.26980217e-02 3.85379054e-02 6.14550730e-06 2.27726552e-02 3.82002827e-04 5.81329357e-08 -7.46335619e-05
0.1611781        3.14307371e-02 4.58627978e-07 1.62547947e-02 3.10482062e-02 3.98770853e-07 1.63334813e-02 3.82530923e-04 5.98571244e-08 -7.86866279e-05
0.1622749        2.19260022e-02 -5.21241378e-06 7.23391398e-03 2.15416925e-02 -5.26866565e-06 7.32506273e-03 3.84309708e-04 5.62518647e-08 -9.11487503e-05
0.1633716        3.93301783e-02 1.17854716e-05 2.23098949e-02 3.89448998e-02 1.17176629e-05 2.23989289e-02 3.85278585e-04 6.78087576e-08 -8.90340424e-05
0.1644684        4.07862720e-02 -8.97539598e-06 2.22972672e-02 4.03963429e-02 -9.03796616e-06 2.23888353e-02 3.89929094e-04 6.25701762e-08 -9.15680681e-05
0.1655651        3.90655971e-02 1.92553922e-06 1.99896406e-02 3.86701663e-02 1.86028782e-06 2.00873468e-02 3.95430774e-04 6.52514076e-08 -9.77061784e-05
0.1666619        1.05291247e-03 2.01538473e-05 -7.48578514e-03 6.65579591e-04 2.00709036e-05 -7.37482245e-03 3.87332878e-04 8.29437170e-08 -1.10962696e-04
0.1677586        4.58441364e-02 -1.42420783e-06 2.57033276e-02 4.54499814e-02 -1.50718662e-06 2.58144992e-02 3.94155043e-04 8.29787826e-08 -1.11171572e-04
0.1688553        4.51456178e-02 1.22275692e-06 2.50222859e-02 4.47463877e-02 1.13813132e-06 2.51335815e-02 3.99230020e-04 8.46256045e-08 -1.11295594e-04
0.1698912        8.81649728e-03 -2.11358065e-06 -9.10803825e-04 8.42601892e-03 -2.19659124e-06 -7.92333470e-04 3.90478361e-04 8.30105876e-08 -1.18470355e-04
0.1709917        5.30542629e-02 8.14980261e-06 2.97753144e-02 5.26551204e-02 8.05875869e-06 2.98923329e-02 3.99142499e-04 9.10439229e-08 -1.17018496e-04
0.1720235        4.03902888e-02 4.57965937e-06 2.07204779e-02 3.99880104e-02 4.48395345e-06 2.08408342e-02 4.02278448e-04 9.57059221e-08 -1.20356272e-04
0.1730552        4.29023333e-04 7.06336878e-06 -7.83607786e-03 3.56739271e-05 6.96190895e-06 -7.70297928e-03 3.93349406e-04 1.01459825e-07 -1.33098581e-04
0.174087         4.31326855e-02 4.10024657e-06 2.12587880e-02 4.27312806e-02 3.99479817e-06 2.13965160e-02 4.01404887e-04 1.05448396e-07 -1.37728044e-04
0.1751188        4.39263206e-02 6.25759507e-06 2.20828514e-02 4.35195218e-02 6.14590755e-06 2.22233192e-02 4.06798880e-04 1.11687518e-07 -1.40467773e-04
0.1761505        3.74882420e-02 1.20505041e-05 1.94153805e-02 3.70824748e-02 1.19288319e-05 1.95537076e-02 4.05767261e-04 1.21672143e-07 -1.38327139e-04
0.1771823        2.71935511e-02 -8.34858468e-07 9.49168311e-03 2.67859112e-02 -9.55264129e-07 9.64070949e-03 4.07639845e-04 1.20405661e-07 -1.49026379e-04
0.1782141        2.41368703e-02 1.59863681e-06 7.62614582e-03 2.37294878e-02 1.47717909e-06 7.78280164e-03 4.07382491e-04 1.21457721e-07 -1.56655824e-04
0.1792459        2.46287379e-02 -1.23523461e-05 1.13351423e-02 2.42284325e-02 -1.24646403e-05 1.14889072e-02 4.00305340e-04 1.12294269e-07 -1.53764855e-04
0.1802776        4.28120107e-02 1.76312277e-07 2.10237484e-02 4.24049353e-02 6.39551687e-08 2.11814795e-02 4.07075425e-04 1.12357108e-07 -1.57731100e-04
0.1813094        4.14485600e-02 -5.33807454e-06 1.90577092e-02 4.10357492e-02 -5.44656510e-06 1.92207508e-02 4.12810800e-04 1.08490554e-07 -1.63041593e-04
0.1823412        2.65962238e-02 2.04336293e-06 9.27698036e-03 2.61846659e-02 1.93301431e-06 9.44615709e-03 4.11557851e-04 1.10348625e-07 -1.69176731e-04
0.1833729        4.42535843e-02 -1.72590061e-06 2.23355217e-02 4.38396209e-02 -1.83546142e-06 2.25039165e-02 4.13963463e-04 1.09560810e-07 -1.68394753e-04
0.1844047        3.85534625e-02 2.79218887e-06 1.82458895e-02 3.81390332e-02 2.68036174e-06 1.84159713e-02 4.14429360e-04 1.11827129e-07 -1.70081716e-04
0.1854365        -2.27860943e-03 1.73714212e-05 -1.04159922e-02 -2.68457540e-03 1.72459721e-05 -1.02320969e-02 4.05965966e-04 1.25449059e-07 -1.83895239e-04
0.1864682        4.89989627e-02 3.22275131e-06 2.47123662e-02 4.85863577e-02 3.09524233e-06 2.48956153e-02 4.12604967e-04 1.27508979e-07 -1.83249098e-04
0.1875           5.22026643e-02 5.90861183e-06 2.59946681e-02 5.17833417e-02 5.77679725e-06 2.61787195e-02 4.19322556e-04 1.31814580e-07 -1.84051408e-04
0.1885081        1.98484856e-02 1.38533468e-06 2.30489100e-03 1.94297771e-02 1.25289665e-06 2.50273784e-03 4.18708495e-04 1.32438032e-07 -1.97846844e-04
0.1894999        2.84699473e-02 5.88038206e-06 1.08837095e-02 2.80541697e-02 5.74328175e-06 1.10828712e-02 4.15777575e-04 1.37100308e-07 -1.99161707e-04
0.1905082        3.18082683e-02 2.39484046e-06 1.37460618e-02 3.13952874e-02 2.25665104e-06 1.39443768e-02 4.12980930e-04 1.38189426e-07 -1.98314984e-04
0.1915165        4.91075729e-02 3.02635072e-07 2.18829902e-02 4.86858931e-02 1.63051266e-07 2.20875799e-02 4.21679861e-04 1.39583806e-07 -2.04589757e-04
0.1925078        3.76986925e-02 8.55383517e-06 1.62162690e-02 3.72775514e-02 8.40717665e-06 1.64222937e-02 4.21141124e-04 1.46658518e-07 -2.06024706e-04
0.193499         2.56296428e-02 1.26921129e-05 1.07191818e-02 2.52141080e-02 1.25356290e-05 1.09238787e-02 4.15534723e-04 1.56483886e-07 -2.04696893e-04
0.1944903        4.16558643e-02 1.01419724e-05 1.55012880e-02 4.12318886e-02 9.97769732e-06 1.57179434e-02 4.23975683e-04 1.64275086e-07 -2.16655400e-04
0.1954815        3.49039095e-02 -4.67448186e-06 1.27495418e-02 3.44785751e-02 -4.83497577e-06 1.29717623e-02 4.25334364e-04 1.60493905e-07 -2.22220455e-04
0.1964551        2.33331412e-02 1.14104653e-06 8.30320766e-03 2.29151753e-02 9.78817972e-07 8.52331972e-03 4.17965880e-04 1.62228561e-07 -2.20112059e-04
0.1974466        3.48595606e-02 2.17730547e-05 1.35039687e-02 3.44404359e-02 2.15928573e-05 1.37286185e-02 4.19124675e-04 1.80197460e-07 -2.24649787e-04
0.1984382        3.39365388e-02 -3.63951609e-06 1.20210839e-02 3.35158971e-02 -3.81674937e-06 1.22510427e-02 4.20641623e-04 1.77233280e-07 -2.29958870e-04
0.1994111        4.07988826e-02 -3.51356350e-06 1.61904093e-02 4.03755424e-02 -3.68848302e-06 1.64249285e-02 4.23340136e-04 1.74919521e-07 -2.34519178e-04
0.2003839        3.48249765e-02 4.13600806e-06 1.29908315e-02 3.44010183e-02 3.95746795e-06 1.32298371e-02 4.23958160e-04 1.78540115e-07 -2.39005568e-04
0.2013568        3.06011257e-02 9.95547253e-06 1.00248177e-02 3.01771785e-02 9.76916752e-06 1.02686500e-02 4.23947233e-04 1.86305014e-07 -2.43832225e-04
0.2023297        1.55309587e-02 1.06134409e-05 1.11092899e-03 1.51123362e-02 1.04193585e-05 1.36047435e-03 4.18622477e-04 1.94082389e-07 -2.49545356e-04
0.2033025        3.79586404e-02 -4.76798354e-06 1.47120948e-02 3.75384137e-02 -4.95987843e-06 1.49637016e-02 4.20226653e-04 1.91894896e-07 -2.51606807e-04
0.2042754        6.05426891e-02 7.21609600e-06 2.95290394e-02 6.01145740e-02 7.01748804e-06 2.97782998e-02 4.28115035e-04 1.98607955e-07 -2.49260429e-04
0.2052483        2.30762057e-02 -5.78111030e-07 5.35675033e-03 2.26527243e-02 -7.76961794e-07 5.61141656e-03 4.23481420e-04 1.98850765e-07 -2.54666229e-04
0.2062211        2.59768594e-02 3.14556913e-05 7.12080738e-03 2.55555442e-02 3.12321921e-05 7.38063283e-03 4.21315187e-04 2.23499205e-07 -2.59825445e-04
0.207194         5.45060868e-02 -6.60691428e-06 2.27716022e-02 5.40760937e-02 -6.82486777e-06 2.30365773e-02 4.29993094e-04 2.17953491e-07 -2.64975084e-04
0.2081669        3.85622163e-02 -1.27008295e-06 1.50796646e-02 3.81333783e-02 -1.48832329e-06 1.53454741e-02 4.28838014e-04 2.18240338e-07 -2.65809482e-04
0.2091397        2.81852469e-02 -6.53644457e-06 9.50892344e-03 2.77610129e-02 -6.75023608e-06 9.77432254e-03 4.24234009e-04 2.13791506e-07 -2.65399102e-04
0.2101126        3.15145579e-03 -1.89521848e-06 -7.99036944e-03 2.73384887e-03 -2.10725711e-06 -7.71227570e-03 4.17606920e-04 2.12038625e-07 -2.78093745e-04
0.2110854        3.19298636e-02 -3.47628849e-06 9.67460750e-03 3.15109822e-02 -3.68681766e-06 9.95771718e-03 4.18881423e-04 2.10529165e-07 -2.83109673e-04
0.2120583        6.94812108e-02 4.63518479e-06 3.31405713e-02 6.90516624e-02 4.42035858e-06 3.34207402e-02 4.29548415e-04 2.14826205e-07 -2.80168935e-04
0.2130068        3.03324630e-02 -7.27120252e-06 1.01027386e-02 2.99080125e-02 -7.48055797e-06 1.03828437e-02 4.24450491e-04 2.09355443e-07 -2.80105102e-04
0.2139554        2.63240720e-02 -1.81376824e-05 7.52333577e-03 2.59042955e-02 -1.83328267e-05 7.80510878e-03 4.19776513e-04 1.95144255e-07 -2.81773010e-04
0.2149296        3.00928993e-02 8.49578673e-06 6.52803400e-03 2.96699492e-02 8.29348518e-06 6.82259252e-03 4.22950150e-04 2.02301543e-07 -2.94558514e-04
0.2158774        3.67737899e-02 3.99296742e-06 1.21168287e-02 3.63498087e-02 3.78813903e-06 1.24147279e-02 4.23981175e-04 2.04828386e-07 -2.97899245e-04
0.2168253        4.17659628e-02 3.27289436e-06 1.63191796e-02 4.13419743e-02 3.06562219e-06 1.66151655e-02 4.23988449e-04 2.07272172e-07 -2.95985905e-04
0.2177731        4.30330732e-02 6.59544844e-05 1.45813456e-02 4.26064557e-02 6.56999083e-05 1.48825321e-02 4.26617543e-04 2.54576172e-07 -3.01186574e-04
0.218721         3.77860401e-02 -1.42306322e-05 1.10898080e-02 3.73586656e-02 -1.44736110e-05 1.13965572e-02 4.27374497e-04 2.42978809e-07 -3.06749209e-04
0.2196688        4.36747162e-03 -1.59554141e-05 -5.32582163e-03 3.94889623e-03 -1.61875095e-05 -5.01326016e-03 4.18575386e-04 2.32095376e-07 -3.12561469e-04
0.2206167        5.11456922e-02 4.35387945e-06 2.03277641e-02 5.07225215e-02 4.11893041e-06 2.06408355e-02 4.23170682e-04 2.34949039e-07 -3.13071404e-04
0.2215645        6.96006028e-02 1.02106320e-05 2.94941006e-02 6.91681478e-02 9.96831613e-06 2.98062464e-02 4.32455017e-04 2.42315853e-07 -3.12145894e-04
0.2225124        1.73544111e-02 5.54178001e-06 1.75686568e-03 1.69286856e-02 5.29668185e-06 2.07447874e-03 4.25725481e-04 2.45098161e-07 -3.17613057e-04
0.2234602        2.22396846e-02 -1.87798440e-06 3.36153564e-03 2.18182729e-02 -2.12150879e-06 3.68431158e-03 4.21411632e-04 2.43524386e-07 -3.22775942e-04
0.2244081        2.25835349e-02 -1.85798260e-06 3.44404819e-03 2.21651754e-02 -2.09922297e-06 3.77176921e-03 4.18359496e-04 2.41240370e-07 -3.27721024e-04
0.2253559        3.66034932e-02 1.37953227e-05 1.10124997e-02 3.61842950e-02 1.35438802e-05 1.13447175e-02 4.19198160e-04 2.51442494e-07 -3.32217794e-04
0.2263038        3.97079634e-02 3.77276516e-06 1.20074550e-02 3.92865267e-02 3.51763571e-06 1.23444369e-02 4.21436639e-04 2.55129450e-07 -3.36981922e-04
0.2272516        4.26431949e-02 1.74974906e-05 1.47593969e-02 4.22213290e-02 1.72307712e-05 1.50953696e-02 4.21865882e-04 2.66719401e-07 -3.35972723e-04
0.2281995        4.32283481e-02 1.05291974e-05 1.45245549e-02 4.28054675e-02 1.02558069e-05 1.48623905e-02 4.22880638e-04 2.73390502e-07 -3.37835660e-04
0.2291473        3.63263597e-02 7.17043040e-06 1.01968843e-02 3.59018624e-02 6.89209111e-06 1.05411238e-02 4.24497363e-04 2.78339297e-07 -3.44239446e-04
0.2300952        3.27079394e-02 -2.02588984e-06 9.95965043e-03 3.22863335e-02 -2.30245962e-06 1.03043206e-02 4.21605921e-04 2.76569780e-07 -3.44670122e-04
0.231043         3.06192472e-02 4.22727267e-06 9.56316898e-03 3.02013089e-02 3.94756712e-06 9.90732291e-03 4.17938322e-04 2.79705548e-07 -3.44153924e-04
0.2319909        3.74600542e-02 6.03727981e-06 1.05139721e-02 3.70408735e-02 5.75292928e-06 1.08635125e-02 4.19180628e-04 2.84350533e-07 -3.49540410e-04
0.2329387        4.12974517e-02 -1.51049947e-06 1.22641594e-02 4.08766440e-02 -1.79428737e-06 1.26184779e-02 4.20807746e-04 2.83787896e-07 -3.54318535e-04
0.2338866        4.19093534e-02 -3.96569068e-06 1.14602383e-02 4.14857964e-02 -4.24704632e-06 1.18205110e-02 4.23556917e-04 2.81355647e-07 -3.60272737e-04
0.2348344        4.47220773e-02 -5.49784107e-06 1.48608060e-02 4.42975880e-02 -5.77570579e-06 1.52212725e-02 4.24489265e-04 2.77864727e-07 -3.60466534e-04
0.2357823        4.59446201e-02 1.22361453e-06 1.54110694e-02 4.55197644e-02 9.44829109e-07 1.57717133e-02 4.24855705e-04 2.78785421e-07 -3.60643871e-04
0.2367301        2.83497029e-02 -1.44276014e-05 5.18969898e-03 2.79279605e-02 -1.46955202e-05 5.55647588e-03 4.21742406e-04 2.67918796e-07 -3.66776899e-04
0.237678         2.71226856e-02 2.57547248e-06 4.81795018e-03 2.67040518e-02 2.30616717e-06 5.18972537e-03 4.18633808e-04 2.69305307e-07 -3.71775193e-04
0.2386258        1.80022039e-02 -5.01161649e-07 1.14922188e-04 1.75883866e-02 -7.70849168e-07 4.92311918e-04 4.13817377e-04 2.69687519e-07 -3.77389730e-04
0.2395737        4.79025072e-02 1.83623481e-06 1.71274451e-02 4.74862677e-02 1.56366566e-06 1.75036790e-02 4.16239440e-04 2.72569154e-07 -3.76233860e-04
0.2405215        4.88887826e-02 -1.26855011e-05 1.64454899e-02 4.84699768e-02 -1.29512107e-05 1.68219969e-02 4.18805885e-04 2.65709627e-07 -3.76506978e-04
0.2414694        3.44689701e-02 3.13042991e-05 7.87920236e-03 3.40500629e-02 3.10128627e-05 8.26222672e-03 4.18907223e-04 2.91436383e-07 -3.83024356e-04
0.2424172        4.66956327e-02 1.43083011e-05 1.45624880e-02 4.62747713e-02 1.40053192e-05 1.49473800e-02 4.20861420e-04 3.02981934e-07 -3.84892038e-04
0.2433651        5.45749525e-02 -1.14303878e-05 1.92707428e-02 5.41511640e-02 -1.17259358e-05 1.96544008e-02 4.23788443e-04 2.95547935e-07 -3.83657976e-04
0.2443129        2.27453540e-02 9.53765539e-06 2.80578805e-03 2.23265642e-02 9.23443481e-06 3.19477359e-03 4.18789757e-04 3.03220588e-07 -3.88985537e-04
0.2452608        2.26029295e-02 4.32520045e-05 3.28287285e-03 2.21884483e-02 4.29157982e-05 3.67658772e-03 4.14481258e-04 3.36206296e-07 -3.93714877e-04
0.2462086        2.14127861e-02 1.06322046e-05 1.85737516e-03 2.10018726e-02 1.02884745e-05 2.25679790e-03 4.10913522e-04 3.43730155e-07 -3.99422740e-04
0.2471565        5.07354494e-02 1.99655713e-07 1.61763171e-02 5.03204384e-02 -1.44777736e-07 1.65768328e-02 4.15010984e-04 3.44433449e-07 -4.00515742e-04
0.2481043        6.67751823e-02 1.01584033e-05 2.41282653e-02 6.63520901e-02 9.80668194e-06 2.45276361e-02 4.23092183e-04 3.51721329e-07 -3.99370732e-04
0.2490522        1.16099783e-02 -3.74851393e-06 -3.71572724e-04 1.11981648e-02 -4.09541040e-06 2.74506865e-05 4.11813495e-04 3.46896475e-07 -3.99023411e-04
0.25             2.44220655e-02 1.34178495e-05 2.94052412e-03 2.40144191e-02 1.30628242e-05 3.34299262e-03 4.07646460e-04 3.55025353e-07 -4.02468495e-04
0.250947         5.30537202e-02 1.10464147e-05 1.26795059e-02 5.26357051e-02 1.06852141e-05 1.30956827e-02 4.18015114e-04 3.61200524e-07 -4.16176754e-04
0.2518796        4.36819752e-02 1.28991181e-05 1.26415917e-02 4.32644473e-02 1.25312379e-05 1.30564219e-02 4.17527873e-04 3.67880169e-07 -4.14830197e-04
0.2528122        4.56315623e-02 4.80822890e-06 1.54928884e-02 4.52173800e-02 4.44004573e-06 1.59006984e-02 4.14182318e-04 3.68183168e-07 -4.07809968e-04
0.2537448        1.25070243e-02 6.15281997e-06 -4.33178428e-03 1.20977728e-02 5.78373299e-06 -3.91101946e-03 4.09251573e-04 3.69086980e-07 -4.20764823e-04
0.2546775        2.75858410e-02 -9.64825408e-06 3.84188885e-03 2.71782554e-02 -1.00073158e-05 4.26870223e-03 4.07585543e-04 3.59061720e-07 -4.26813381e-04
0.2556101        7.02001969e-02 1.21374775e-05 2.59945231e-02 6.97875030e-02 1.17718968e-05 2.64113588e-02 4.12693859e-04 3.65580680e-07 -4.16835678e-04
0.2565427        4.32351087e-02 1.58935614e-05 1.10868010e-02 4.28208447e-02 1.55187667e-05 1.15096748e-02 4.14264065e-04 3.74794753e-07 -4.22873760e-04
0.2574753        2.82845029e-02 4.10314199e-06 2.85618706e-03 2.78690974e-02 3.72824243e-06 3.29152515e-03 4.15405487e-04 3.74899563e-07 -4.35338090e-04
0.2584079        3.44171459e-02 3.86311133e-06 1.00847420e-02 3.40069428e-02 3.48757242e-06 1.05129697e-02 4.10203150e-04 3.75538908e-07 -4.28227769e-04
0.2593406        3.96753779e-02 -1.69451720e-05 1.15126212e-02 3.92676980e-02 -1.73062355e-05 1.19388319e-02 4.07679890e-04 3.61063456e-07 -4.26210715e-04
0.2602732        3.88923531e-02 -4.72596337e-05 6.06777232e-03 3.84796349e-02 -4.75840018e-05 6.50889295e-03 4.12718120e-04 3.24368109e-07 -4.41120628e-04
0.2612058        4.30429297e-02 2.45755442e-05 1.12540338e-02 4.26317849e-02 2.42335589e-05 1.16946595e-02 4.11144746e-04 3.41985308e-07 -4.40625707e-04
0.2621384        3.63792518e-02 -5.60739399e-06 1.11002991e-02 3.59734287e-02 -5.94349532e-06 1.15330165e-02 4.05823115e-04 3.36101331e-07 -4.32717397e-04
0.2630711        4.14411756e-02 -1.59793741e-05 7.92818246e-03 4.10321506e-02 -1.63022381e-05 8.37250072e-03 4.09025045e-04 3.22864033e-07 -4.44318259e-04
0.2640037        4.11585123e-02 7.19986170e-07 8.34621907e-03 4.07478174e-02 3.99163585e-07 8.79783261e-03 4.10694951e-04 3.20822585e-07 -4.51613546e-04
0.2649363        4.69319414e-02 9.34374002e-06 1.45146897e-02 4.65235852e-02 9.01790724e-06 1.49579506e-02 4.08356154e-04 3.25832778e-07 -4.43260898e-04
0.2658689        3.43595612e-02 1.11531249e-05 7.05016587e-03 3.39543181e-02 1.08215618e-05 7.49552707e-03 4.05243050e-04 3.31563135e-07 -4.45361198e-04
0.2668015        1.95730044e-02 2.45521200e-05 9.49908259e-04 1.91725553e-02 2.42053660e-05 1.40119692e-03 4.00449181e-04 3.46753999e-07 -4.51288662e-04
0.2677536        4.12348347e-02 5.17943429e-06 8.49787590e-03 4.08312196e-02 4.83135890e-06 8.95468716e-03 4.03615076e-04 3.48075388e-07 -4.56811254e-04
0.2686858        4.78544169e-02 -7.01219996e-06 1.13291693e-02 4.74478065e-02 -7.35322529e-06 1.17900867e-02 4.06610328e-04 3.41025333e-07 -4.60917419e-04
0.269618         4.68947821e-02 -5.78635096e-06 1.22401299e-02 4.64870471e-02 -6.11935585e-06 1.27002785e-02 4.07735007e-04 3.33004899e-07 -4.60148615e-04
0.2705502        4.08913112e-02 3.12242430e-05 9.76124482e-03 4.04850408e-02 3.08728595e-05 1.02219040e-02 4.06270464e-04 3.51383492e-07 -4.60659206e-04
0.2714825        3.18033333e-02 -2.79118520e-06 7.11629272e-03 3.14010019e-02 -3.13511467e-06 7.57677231e-03 4.02331474e-04 3.43929470e-07 -4.60479588e-04
0.2724147        4.00910621e-02 1.91338191e-05 8.20886706e-03 3.96872830e-02 1.87799007e-05 8.67468427e-03 4.03779028e-04 3.53918417e-07 -4.65817218e-04
0.2733469        3.89206246e-02 4.52608328e-06 7.85962421e-03 3.85162519e-02 4.17296143e-06 8.32970123e-03 4.04372630e-04 3.53121846e-07 -4.70077014e-04
0.2742791        3.47547878e-02 7.21887002e-05 7.45945154e-03 3.43533057e-02 7.17857268e-05 7.92919050e-03 4.01482059e-04 4.02973426e-07 -4.69738963e-04
0.2752113        3.69713330e-02 -4.66455336e-05 8.38075834e-03 3.65725209e-02 -4.70092153e-05 8.85064144e-03 3.98812022e-04 3.63681618e-07 -4.69883100e-04
0.2761674        3.00371790e-02 -5.45565619e-06 5.27680501e-03 2.96419820e-02 -5.81054240e-06 5.74678314e-03 3.95197021e-04 3.54886209e-07 -4.69978135e-04
0.2771236        4.38492622e-02 -8.38790940e-06 9.31456505e-03 4.34522847e-02 -8.73252477e-06 9.78938069e-03 3.96977552e-04 3.44615369e-07 -4.74815644e-04
0.2780797        4.41024081e-02 -2.09138697e-06 9.52316300e-03 4.37036828e-02 -2.43099339e-06 1.00027796e-02 3.98725271e-04 3.39606422e-07 -4.79616579e-04
0.2790358        4.71653890e-02 1.53418124e-05 9.07793218e-03 4.67636188e-02 1.49935198e-05 9.56445717e-03 4.01770197e-04 3.48292548e-07 -4.86524986e-04
0.2799654        4.80802095e-02 -6.52552302e-06 1.21780600e-02 4.76790894e-02 -6.86527020e-06 1.26627276e-02 4.01120076e-04 3.39747180e-07 -4.84667629e-04
0.2808949        4.17824599e-02 2.00591252e-05 1.06720020e-02 4.13841227e-02 1.97081308e-05 1.11507110e-02 3.98337189e-04 3.50994460e-07 -4.78708935e-04
0.2818527        2.29282584e-02 -1.75668211e-05 5.73672867e-04 2.25344850e-02 -1.78992062e-05 1.05914839e-03 3.93773383e-04 3.32385023e-07 -4.85475518e-04
0.2828104        2.99677653e-02 9.81540155e-06 3.82545870e-03 2.95761394e-02 9.47976620e-06 4.31535166e-03 3.91625868e-04 3.35635352e-07 -4.89892961e-04
0.2837681        6.52275965e-02 -8.78824285e-06 1.74533280e-02 6.48299859e-02 -9.11233009e-06 1.79417939e-02 3.97610601e-04 3.24087234e-07 -4.88465893e-04
0.2847258        3.20498052e-02 1.32364411e-05 5.48647720e-03 3.16551718e-02 1.29085598e-05 5.97867559e-03 3.94633437e-04 3.27881316e-07 -4.92198388e-04
0.2856836        2.36856693e-02 -8.93833549e-06 1.22244668e-03 2.32955183e-02 -9.25680294e-06 1.72041627e-03 3.90151010e-04 3.18467449e-07 -4.97969595e-04
0.2866413        3.80350598e-02 1.33293164e-05 6.68317000e-03 3.76467498e-02 1.30052745e-05 7.18150962e-03 3.88310000e-04 3.24041908e-07 -4.98339618e-04
0.287599         4.16971038e-02 2.18875831e-05 8.30507015e-03 4.13090140e-02 2.15512842e-05 8.80388324e-03 3.88089861e-04 3.36298911e-07 -4.98813091e-04
0.2885568        5.35173681e-02 8.20024872e-07 1.22283291e-02 5.31261209e-02 4.88221987e-07 1.27276215e-02 3.91247261e-04 3.31802885e-07 -4.99292457e-04
0.2895145        5.39434207e-02 -3.88527315e-05 1.32682703e-02 5.35503251e-02 -3.91480334e-05 1.37671510e-02 3.93095640e-04 2.95301899e-07 -4.98880645e-04
0.2904722        4.24213650e-02 4.18002151e-05 9.24494567e-03 4.20288614e-02 4.14773970e-05 9.74425551e-03 3.92503654e-04 3.22818085e-07 -4.99309844e-04
0.29143          -5.20407656e-03 7.79438142e-06 -8.58353957e-03 -5.58445215e-03 7.47021096e-06 -8.07671242e-03 3.80375592e-04 3.24170462e-07 -5.06827158e-04
0.2923877        3.52660598e-02 4.99079991e-06 5.07193974e-03 3.48852524e-02 4.66662519e-06 5.58153541e-03 3.80807415e-04 3.24174722e-07 -5.09595678e-04
0.2933454        7.83606815e-02 2.48785994e-05 1.98098527e-02 7.79692363e-02 2.45382913e-05 2.03186772e-02 3.91445143e-04 3.40308031e-07 -5.08824537e-04
0.2943031        1.83663240e-02 9.30392680e-06 5.31001200e-04 1.79844859e-02 8.96078135e-06 1.04084333e-03 3.81838033e-04 3.43145452e-07 -5.09842130e-04
0.2952609        1.79459129e-02 -1.12330890e-06 5.77719977e-04 1.75711785e-02 -1.46259223e-06 1.08821219e-03 3.74734342e-04 3.39283330e-07 -5.10492210e-04
0.2962186        7.09707782e-02 -8.03061628e-06 1.66831929e-02 7.05890869e-02 -8.36285973e-06 1.71935125e-02 3.81691333e-04 3.32243449e-07 -5.10319597e-04
0.2971763        4.56171195e-02 1.49197934e-05 7.81529069e-03 4.52339284e-02 1.45802760e-05 8.32975392e-03 3.83191146e-04 3.39517385e-07 -5.14463239e-04
0.2981341        4.71509495e-02 7.89243240e-06 8.14109495e-03 4.67661279e-02 7.54838734e-06 8.66137051e-03 3.84821622e-04 3.44045061e-07 -5.20275569e-04
0.2990918        1.22649688e-02 6.26002814e-06 -1.29582592e-03 1.18904391e-02 5.91455446e-06 -7.75048169e-04 3.74529659e-04 3.45473680e-07 -5.20777749e-04
0.3000495        3.22022154e-02 -4.17564172e-07 4.52576712e-03 3.18304750e-02 -7.60544367e-07 5.04701234e-03 3.71740412e-04 3.42980195e-07 -5.21245221e-04
0.3010072        8.12759886e-02 3.42802886e-06 1.92080573e-02 8.08926061e-02 3.08476620e-06 1.97292436e-02 3.83382504e-04 3.43262665e-07 -5.21186343e-04
0.301965         2.73338039e-02 1.14956169e-05 3.75267440e-03 2.69570345e-02 1.11472318e-05 4.27426278e-03 3.76769417e-04 3.48385082e-07 -5.21588376e-04
0.3029227        1.33292880e-02 -3.91771593e-06 -1.72619309e-03 1.29615425e-02 -4.25884859e-06 -1.20307153e-03 3.67745525e-04 3.41132662e-07 -5.23121563e-04
0.3038804        3.70780122e-02 -1.48164852e-05 4.04509599e-03 3.67083181e-02 -1.51432461e-05 4.57539003e-03 3.69694048e-04 3.26760958e-07 -5.30294037e-04
0.3048382        4.98056768e-02 -3.36630660e-06 8.85907119e-03 4.94339099e-02 -3.68839787e-06 9.39034097e-03 3.71766972e-04 3.22091274e-07 -5.31269781e-04
0.3057959        6.34668730e-02 7.58021923e-06 1.49631236e-02 6.30911292e-02 7.25705972e-06 1.54875289e-02 3.75743868e-04 3.23159503e-07 -5.24405244e-04
0.3067536        1.14931703e-02 -1.92145810e-05 -2.25837528e-03 1.11276167e-02 -1.95215942e-05 -1.72860555e-03 3.65553552e-04 3.07013214e-07 -5.29769729e-04
0.3077114        1.24002506e-02 -1.69441939e-06 -2.41816035e-03 1.20426929e-02 -1.99787407e-06 -1.88310916e-03 3.57557635e-04 3.03454674e-07 -5.35051190e-04
0.3086691        5.95381528e-02 -1.32010335e-05 1.20045616e-02 5.91749143e-02 -1.34932566e-05 1.25391798e-02 3.63238573e-04 2.92223107e-07 -5.34618234e-04
0.3096268        5.39728553e-02 9.81321925e-06 9.97086755e-03 5.36077613e-02 9.51785957e-06 1.05060104e-02 3.65093992e-04 2.95359678e-07 -5.35142901e-04
0.3105845        4.05555792e-02 1.38166742e-06 6.42965424e-03 4.01905079e-02 1.08783991e-06 6.96524393e-03 3.65071252e-04 2.93827509e-07 -5.35589693e-04
0.3115423        3.52787333e-02 3.08955869e-05 4.56114704e-03 3.49167950e-02 3.05800287e-05 5.09793422e-03 3.61938302e-04 3.15558170e-07 -5.36787183e-04
0.3125           4.12149238e-02 -3.66040023e-06 5.69495613e-03 4.08554080e-02 -3.97128799e-06 6.23294400e-03 3.59515750e-04 3.10887759e-07 -5.37987874e-04
0.3134615        2.01007158e-02 1.70232109e-05 3.85586127e-04 1.97467143e-02 1.67026074e-05 9.24322579e-04 3.54001547e-04 3.20603496e-07 -5.38736452e-04
0.3144383        3.40261774e-02 2.95207231e-05 3.85330520e-03 3.36748625e-02 2.91809345e-05 4.39298947e-03 3.51314831e-04 3.39788614e-07 -5.39684266e-04
0.3154151        3.83375689e-02 1.13658889e-05 5.24670344e-03 3.79883428e-02 1.10191099e-05 5.78730740e-03 3.49226044e-04 3.46779013e-07 -5.40603955e-04
0.3163919        4.25765670e-02 3.44214220e-06 4.96162106e-03 4.22252989e-02 3.09423195e-06 5.50931089e-03 3.51268081e-04 3.47910259e-07 -5.47689827e-04
0.3173687        3.59762109e-02 1.20254801e-06 4.65250125e-03 3.56262975e-02 8.55575856e-07 5.20085581e-03 3.49913469e-04 3.46972156e-07 -5.48354562e-04
0.3183455        4.27897515e-02 -2.06060002e-05 7.00657078e-03 4.24431333e-02 -2.09371114e-05 7.54946036e-03 3.46618212e-04 3.31111194e-07 -5.42889588e-04
0.3193223        5.29359600e-02 -2.17857893e-05 8.43121441e-03 5.25870548e-02 -2.20989979e-05 8.97469395e-03 3.48905199e-04 3.13208612e-07 -5.43479540e-04
0.3202991        3.97862132e-02 -8.57275124e-06 4.54066884e-03 3.94374889e-02 -8.87772330e-06 5.08668507e-03 3.48724305e-04 3.04972053e-07 -5.46016228e-04
0.3212759        1.87088715e-02 7.06343967e-06 -2.35611165e-03 1.83663953e-02 6.75516383e-06 -1.80166825e-03 3.42476179e-04 3.08275842e-07 -5.54443405e-04
0.3222527        2.79424091e-02 -7.62416480e-06 2.45912381e-03 2.76039186e-02 -7.92449615e-06 3.01153134e-03 3.38490472e-04 3.00331346e-07 -5.52407532e-04
0.323248         3.48343085e-02 6.15315971e-06 4.12369159e-03 3.44991404e-02 5.84971377e-06 4.67182612e-03 3.35168143e-04 3.03445943e-07 -5.48134530e-04
0.3242432        5.07056981e-02 -1.08715698e-05 5.78562889e-03 5.03662870e-02 -1.11664513e-05 6.34200161e-03 3.39411184e-04 2.94881571e-07 -5.56372717e-04
0.3252384        3.64254487e-02 -5.12282198e-06 3.66039245e-03 3.60879443e-02 -5.41237813e-06 4.21992039e-03 3.37504317e-04 2.89556146e-07 -5.59527937e-04
0.3262337        2.01843513e-02 4.50979852e-05 3.01067833e-04 1.98534937e-02 4.47743727e-05 8.60951913e-04 3.30857676e-04 3.23612555e-07 -5.59884079e-04
0.3272289        5.86213646e-02 3.93279707e-06 1.03628218e-02 5.82864608e-02 3.60751111e-06 1.09174386e-02 3.34903884e-04 3.25285955e-07 -5.54616811e-04
0.3282241        3.76614169e-02 2.87142366e-05 4.65851629e-03 3.73289773e-02 2.83661904e-05 5.21266383e-03 3.32439617e-04 3.48046191e-07 -5.54147543e-04
0.3292194        -5.27957383e-03 -9.86112181e-06 -7.65606382e-03 -5.59826755e-03 -1.02000542e-05 -7.09275942e-03 3.18693715e-04 3.38932366e-07 -5.63304397e-04
0.3302146        4.88949874e-02 5.50360626e-06 6.93043552e-03 4.85739431e-02 5.15962913e-06 7.49002545e-03 3.21044337e-04 3.43977122e-07 -5.59589925e-04
0.3312098        4.89708518e-02 -9.03765418e-06 6.91786354e-03 4.86474097e-02 -9.37617990e-06 7.47487194e-03 3.23442098e-04 3.38525714e-07 -5.57008398e-04
0.3322051        3.20600864e-02 -1.49037358e-06 4.51166174e-04 3.17370014e-02 -1.82924305e-06 1.01747537e-03 3.23084950e-04 3.38869469e-07 -5.66309197e-04
0.3332003        4.01678014e-02 1.12244825e-05 4.33359397e-03 3.98467326e-02 1.08744234e-05 4.89858568e-03 3.21068794e-04 3.50059130e-07 -5.64991712e-04
0.3341955        3.69770998e-02 2.48761707e-06 3.93087310e-03 3.66595766e-02 2.13242627e-06 4.49186597e-03 3.17523124e-04 3.55190807e-07 -5.60992875e-04
0.3351908        2.72799370e-02 -1.93149582e-05 5.39028377e-04 2.69673503e-02 -1.96578070e-05 1.10211376e-03 3.12586712e-04 3.42848806e-07 -5.63085387e-04
0.336186         2.75928792e-02 1.64713645e-05 6.65473219e-04 2.72840563e-02 1.61129569e-05 1.23013878e-03 3.08822902e-04 3.58407552e-07 -5.64665562e-04
0.3371812        3.02587319e-02 -1.87701859e-05 1.99284278e-03 2.99530618e-02 -1.91172538e-05 2.55834223e-03 3.05670076e-04 3.47067922e-07 -5.65499447e-04
0.3381764        3.35488368e-02 1.09514935e-05 1.50913724e-03 3.32429621e-02 1.05938407e-05 2.08141608e-03 3.05874786e-04 3.57652797e-07 -5.72278847e-04
0.3391717        4.67394244e-02 -3.01842904e-06 4.75999412e-03 4.64320024e-02 -3.37491090e-06 5.33442617e-03 3.07421965e-04 3.56481856e-07 -5.74432050e-04
0.3401669        6.17908783e-02 3.77831324e-06 8.64202202e-03 6.14793542e-02 3.41581798e-06 9.21095569e-03 3.11524098e-04 3.62495267e-07 -5.68933668e-04
0.3411621        1.10546311e-02 1.64213088e-05 -2.21634336e-03 1.07539272e-02 1.60464665e-05 -1.64599284e-03 3.00703926e-04 3.74842272e-07 -5.70350517e-04
0.3421574        8.95795850e-03 -4.00119263e-08 -2.63899304e-03 8.66610071e-03 -4.19084432e-07 -2.06783914e-03 2.91857791e-04 3.79072506e-07 -5.71153903e-04
0.3431837        5.50842793e-02 -2.27276650e-05 6.86195998e-03 5.47870088e-02 -2.30916472e-05 7.42782723e-03 2.97270554e-04 3.63982213e-07 -5.65867251e-04
0.344178         2.25220152e-02 8.40008140e-06 -8.21151268e-04 2.22293661e-02 8.02828498e-06 -2.50513426e-04 2.92649096e-04 3.71796412e-07 -5.70637842e-04
0.3451722        2.62650833e-02 -1.07575916e-05 -8.38737240e-04 2.59769016e-02 -1.11217967e-05 -2.61707868e-04 2.88181684e-04 3.64205058e-07 -5.77029372e-04
0.3461665        5.45563837e-02 9.20807764e-06 7.56533705e-03 5.42644272e-02 8.83576618e-06 8.13566612e-03 2.91956518e-04 3.72311452e-07 -5.70329069e-04
0.3471607        2.86220911e-02 2.57118925e-05 7.13423783e-04 2.83335268e-02 2.53185936e-05 1.28635659e-03 2.88564263e-04 3.93298922e-07 -5.72932810e-04
0.348155         1.23370897e-02 -8.11042987e-07 -3.23111646e-03 1.20551990e-02 -1.20422642e-06 -2.65051721e-03 2.81890680e-04 3.93183430e-07 -5.80599249e-04
0.3491875        5.53880282e-02 1.97548783e-05 6.56687920e-03 5.51019304e-02 1.93449275e-05 7.14245369e-03 2.86097793e-04 4.09950821e-07 -5.75574486e-04
0.3501803        3.20044344e-02 -7.29102550e-06 1.39047336e-03 3.17221077e-02 -7.69501323e-06 1.96500071e-03 2.82326720e-04 4.03987730e-07 -5.74527355e-04
0.3512144        -2.80918964e-03 1.77614061e-06 -5.69002746e-03 -3.07828821e-03 1.37176071e-06 -5.11250661e-03 2.69098568e-04 4.04379904e-07 -5.77520853e-04
0.3522486        6.24033297e-02 -9.32189384e-07 5.75675847e-03 6.21256618e-02 -1.33503446e-06 6.33590250e-03 2.77667890e-04 4.02845077e-07 -5.79144030e-04
0.3532828        4.09086400e-02 -6.99160008e-06 2.23660451e-03 4.06311782e-02 -7.38806953e-06 2.81556133e-03 2.77461787e-04 3.96469443e-07 -5.78956817e-04
0.3543169        6.91131093e-04 1.13114273e-05 -3.11337004e-03 4.27795641e-04 1.09063178e-05 -2.53886498e-03 2.63335453e-04 4.05109508e-07 -5.74505060e-04
0.3553511        4.68189706e-02 -2.23462152e-05 3.39786011e-03 4.65523932e-02 -2.27333320e-05 3.97399397e-03 2.66577396e-04 3.87116842e-07 -5.76133860e-04
0.3563852        3.74615314e-02 1.53743468e-05 1.11720812e-03 3.71952459e-02 1.49774305e-05 1.69555018e-03 2.66285527e-04 3.96916367e-07 -5.78342063e-04
0.3574194        1.25545604e-02 -9.17322469e-06 -3.32045563e-03 1.22960247e-02 -9.56313114e-06 -2.74013033e-03 2.58535649e-04 3.89906444e-07 -5.80325307e-04
0.3584535        4.09975563e-02 -2.48712653e-06 1.45254814e-03 4.07367890e-02 -2.87494523e-06 2.03495074e-03 2.60767378e-04 3.87818691e-07 -5.82402597e-04
0.3594877        3.77919240e-02 -1.55651607e-05 7.09931977e-04 3.75315747e-02 -1.59400908e-05 1.29441213e-03 2.60349265e-04 3.74930152e-07 -5.84480153e-04
0.3605218        1.18074252e-02 -2.03172924e-05 -2.96044270e-03 1.15550085e-02 -2.06759011e-05 -2.37380299e-03 2.52416675e-04 3.58608695e-07 -5.86639713e-04
0.361556         4.57746387e-02 2.72709066e-06 2.96079124e-03 4.55195772e-02 2.36796144e-06 3.54416778e-03 2.55061495e-04 3.59129229e-07 -5.83376534e-04
0.3625901        3.69068975e-02 2.60714003e-06 2.14653448e-03 3.66536542e-02 2.24662245e-06 2.72767938e-03 2.53243287e-04 3.60517577e-07 -5.81144904e-04
0.3636243        -2.06040989e-02 1.72725730e-06 -7.38288579e-03 -2.08408077e-02 1.36569730e-06 -6.79921549e-03 2.36708745e-04 3.61559994e-07 -5.83670302e-04
0.3646585        5.59843749e-02 8.52859537e-06 2.55577280e-03 5.57393370e-02 8.15845399e-06 3.14216386e-03 2.45037915e-04 3.70141379e-07 -5.86391059e-04
0.3656926        5.22419873e-02 2.05913046e-05 2.57540116e-03 5.19935374e-02 2.02030464e-05 3.16247166e-03 2.48449982e-04 3.88258215e-07 -5.87070494e-04
0.3667268        -1.16924063e-02 -3.56151221e-05 -4.88654277e-03 -1.19243490e-02 -3.59775241e-05 -4.30425307e-03 2.31942705e-04 3.62401921e-07 -5.82289697e-04
0.3677609        3.13318601e-02 2.44983603e-05 -8.64498998e-04 3.10990987e-02 2.41177034e-05 -2.80033671e-04 2.32761319e-04 3.80656918e-07 -5.84465327e-04
0.3687951        4.88303238e-02 1.03248980e-05 1.67180253e-03 4.85947605e-02 9.93599781e-06 2.25859429e-03 2.35563290e-04 3.88900214e-07 -5.86791760e-04
0.3698292        3.77742082e-02 -3.09940411e-05 -3.27016741e-04 3.75385172e-02 -3.13571562e-05 2.62220608e-04 2.35691041e-04 3.63115073e-07 -5.89237350e-04
0.3708634        2.49705422e-02 -4.44132419e-06 -5.05853792e-04 2.47389681e-02 -4.80188404e-06 8.07315715e-05 2.31574068e-04 3.60559845e-07 -5.86585363e-04
0.3718975        2.07664744e-02 5.11575106e-06 -1.31337991e-03 2.05399401e-02 4.74993786e-06 -7.28703979e-04 2.26534302e-04 3.65813202e-07 -5.84675932e-04
0.3729317        1.38689067e-02 2.80068477e-06 -2.59360504e-03 1.36484837e-02 2.43175774e-06 -2.00677968e-03 2.20423003e-04 3.68927027e-07 -5.86825363e-04
0.3739658        1.45807779e-02 3.04573855e-05 -3.98141503e-03 1.43652862e-02 3.00621980e-05 -3.39116253e-03 2.15491709e-04 3.95187439e-07 -5.90252498e-04
0.375            2.68419018e-02 -2.20754631e-05 -1.73211453e-03 2.66281135e-02 -2.24547780e-05 -1.14031456e-03 2.13788278e-04 3.79314879e-07 -5.91799977e-04
0.3760593        6.40165087e-02 2.90038300e-06 4.04957614e-03 6.37935904e-02 2.51540619e-06 4.63587060e-03 2.22918272e-04 3.84976809e-07 -5.86294463e-04
0.3771186        8.31124132e-03 8.61201193e-07 -3.62976718e-03 8.09775110e-03 4.77218076e-07 -3.04106014e-03 2.13490217e-04 3.83983117e-07 -5.88707045e-04
0.378178         4.60756733e-03 -2.07560710e-05 -3.71617331e-03 4.40291560e-03 -2.11260268e-05 -3.12589612e-03 2.04651734e-04 3.69955884e-07 -5.90277190e-04
0.3792565        3.90346838e-02 -4.69616747e-06 1.69975220e-03 3.88277972e-02 -5.06359870e-06 2.28422618e-03 2.06886627e-04 3.67431224e-07 -5.84473980e-04
0.3803351        2.13487313e-02 -1.44926500e-05 -2.14397629e-03 2.11463249e-02 -1.48493725e-05 -1.55731036e-03 2.02406323e-04 3.56722560e-07 -5.86665929e-04
0.3814137        2.10885574e-02 -3.30622513e-06 -2.62062409e-03 2.08892316e-02 -3.66069165e-06 -2.03107372e-03 1.99325713e-04 3.54466526e-07 -5.89550362e-04
0.3824923        4.02502089e-02 9.18870843e-06 -5.38072709e-04 4.00485659e-02 8.82582622e-06 5.39065300e-05 2.01642991e-04 3.62882209e-07 -5.91979239e-04
0.3835709        9.76817519e-03 -1.04071937e-05 -3.05649556e-03 9.57399663e-03 -1.07636346e-05 -2.46809872e-03 1.94178560e-04 3.56440887e-07 -5.88396835e-04
0.3846495        2.23809831e-02 5.33310869e-06 -1.23295589e-03 2.21897424e-02 4.97051977e-06 -6.45668553e-04 1.91240756e-04 3.62588914e-07 -5.87287337e-04
0.385728         3.16156108e-02 3.88538880e-06 -1.57945081e-03 3.14233036e-02 3.51915961e-06 -9.89130703e-04 1.92307254e-04 3.66229188e-07 -5.90320107e-04
0.3868066        1.51441896e-02 8.25961059e-07 -2.40046514e-03 1.49577758e-02 4.57870938e-07 -1.81354537e-03 1.86413779e-04 3.68090122e-07 -5.86919766e-04
0.3879087        2.30863569e-02 -4.35622690e-05 -2.66017791e-03 2.29018879e-02 -4.38920182e-05 -2.07238862e-03 1.84469007e-04 3.29749217e-07 -5.87789288e-04
0.3890107        3.56894185e-02 2.50238851e-05 -1.62690653e-03 3.55046744e-02 2.46697918e-05 -1.03691331e-03 1.84744055e-04 3.54093346e-07 -5.89993220e-04
0.3901127        1.01173688e-02 -9.05446336e-06 -2.68434191e-03 9.93938520e-03 -9.40279195e-06 -2.09807446e-03 1.77983589e-04 3.48328580e-07 -5.86267448e-04
0.3912147        2.47145287e-02 4.49185990e-05 -2.68708538e-03 2.45376413e-02 4.45290835e-05 -2.09892959e-03 1.76887349e-04 3.89515496e-07 -5.88155797e-04
0.3923168        2.10915488e-02 5.05863237e-06 -3.20021117e-03 2.09167479e-02 4.66373458e-06 -2.61055777e-03 1.74800978e-04 3.94897788e-07 -5.89653410e-04
0.3934188        1.11469876e-02 9.25743394e-06 -2.54590930e-03 1.09782545e-02 8.85182365e-06 -1.95996852e-03 1.68733054e-04 4.05610291e-07 -5.85940783e-04
0.3945208        4.70071664e-03 2.09866348e-05 -4.11533388e-03 4.53936848e-03 2.05604432e-05 -3.52661708e-03 1.61348164e-04 4.26191600e-07 -5.88716798e-04
0.3956519        2.00484456e-02 -1.71746038e-05 -2.02340634e-03 1.98894605e-02 -1.75848194e-05 -1.43545574e-03 1.58985074e-04 4.10215586e-07 -5.87950600e-04
0.3967829        3.28486378e-02 1.93982852e-05 -8.65869442e-04 3.26880037e-02 1.89666981e-05 -2.81395266e-04 1.60634042e-04 4.31587171e-07 -5.84474175e-04
0.3979139        2.60382846e-02 5.74998446e-06 -2.79901411e-03 2.58782804e-02 5.31172789e-06 -2.21126837e-03 1.60004201e-04 4.38256566e-07 -5.87745733e-04
0.399045         1.54135119e-02 -4.37565249e-06 -2.94107189e-03 1.52581385e-02 -4.81368041e-06 -2.35515755e-03 1.55373319e-04 4.38027918e-07 -5.85914340e-04
0.400176         1.00527999e-02 5.50500977e-06 -3.62079360e-03 9.90348340e-03 5.05891408e-06 -3.03584717e-03 1.49316524e-04 4.46095692e-07 -5.84946430e-04
0.401307         2.94577317e-03 1.16090808e-06 -4.58616417e-03 2.80368900e-03 7.11390117e-07 -3.99770630e-03 1.42084171e-04 4.49517965e-07 -5.88457872e-04
0.402438         2.80923608e-02 2.41378668e-05 -1.90371007e-03 2.79487959e-02 2.36623492e-05 -1.31815336e-03 1.43564840e-04 4.75517579e-07 -5.85556705e-04
0.4035691        2.64742322e-02 -2.42627858e-05 -2.42557236e-03 2.63307542e-02 -2.47184865e-05 -1.84305248e-03 1.43477985e-04 4.55700694e-07 -5.82519885e-04
0.4047391        2.20682074e-02 -1.06644662e-05 -2.55381521e-03 2.19267311e-02 -1.11125069e-05 -1.97356342e-03 1.41476258e-04 4.48040703e-07 -5.80251786e-04
0.4059091        7.52177305e-03 -3.22697692e-06 -4.05587795e-03 7.38706602e-03 -3.67400326e-06 -3.47163951e-03 1.34707030e-04 4.47026340e-07 -5.84238441e-04
0.4070792        2.39131975e-02 -1.67785777e-05 -3.68506456e-03 2.37786387e-02 -1.72130559e-05 -3.09734105e-03 1.34558881e-04 4.34478168e-07 -5.87723515e-04
0.4082492        1.87756157e-02 2.67319931e-06 -2.92113107e-03 1.86444127e-02 2.23388926e-06 -2.33736302e-03 1.31202940e-04 4.39310046e-07 -5.83768056e-04
0.4094192        7.94962046e-03 -2.49925216e-06 -2.10427375e-03 7.82424613e-03 -2.93894029e-06 -1.52844643e-03 1.25374330e-04 4.39688130e-07 -5.75827320e-04
0.4105893        1.82589357e-02 -1.24126802e-05 -4.02542970e-03 1.81338135e-02 -1.28422730e-05 -3.44574179e-03 1.25122170e-04 4.29592896e-07 -5.79687907e-04
0.4117593        7.12794710e-04 6.28243997e-06 -4.50278227e-03 5.94510933e-04 5.84558259e-06 -3.91932444e-03 1.18283777e-04 4.36857383e-07 -5.83457825e-04
0.4129293        1.65226020e-02 -7.54238687e-05 -3.72287061e-03 1.64066723e-02 -7.57929378e-05 -3.13950169e-03 1.15929672e-04 3.69069088e-07 -5.83368922e-04
0.4140994        2.50795329e-02 3.89987026e-05 -2.73506810e-03 2.49637385e-02 3.85900810e-05 -2.15525348e-03 1.15794421e-04 4.08621612e-07 -5.79814620e-04
0.4152694        -3.49961163e-03 4.52943517e-06 -2.72457973e-03 -3.60596061e-03 4.11538622e-06 -2.14866386e-03 1.06348973e-04 4.14048953e-07 -5.75915877e-04
0.4165044        1.79695641e-02 7.01373456e-07 -2.89234262e-03 1.78636867e-02 2.85956366e-07 -2.31993487e-03 1.05877442e-04 4.15417089e-07 -5.72407755e-04
0.4177395        2.01976453e-02 4.92732538e-07 -3.97306268e-03 2.00917265e-02 7.59053579e-08 -3.39909289e-03 1.05918818e-04 4.16827180e-07 -5.73969786e-04
0.4189745        1.46226502e-02 -3.92983010e-07 -4.38690501e-03 1.45193395e-02 -8.09719272e-07 -3.81058941e-03 1.03310669e-04 4.16736262e-07 -5.76315604e-04
0.4202095        -5.54844948e-03 2.01968338e-05 -3.72780709e-03 -5.64242036e-03 1.97605855e-05 -3.15542589e-03 9.39708776e-05 4.36248310e-07 -5.72381202e-04
0.4214446        2.43451863e-02 7.61384205e-06 -3.64152750e-03 2.42493190e-02 7.16907457e-06 -3.06522842e-03 9.58673553e-05 4.44767478e-07 -5.76299081e-04
0.4226796        1.48089198e-03 7.34204822e-06 -3.91205147e-03 1.39265603e-03 6.89108451e-06 -3.33798998e-03 8.82359438e-05 4.50963702e-07 -5.74061492e-04
0.4239146        7.32362462e-03 6.11597413e-06 -3.94055120e-03 7.23932357e-03 5.66005159e-06 -3.36919806e-03 8.43010485e-05 4.55922537e-07 -5.71353134e-04
0.4251497        1.85173550e-02 9.59037993e-06 -3.89254731e-03 1.84327161e-02 9.12676904e-06 -3.32346976e-03 8.46388260e-05 4.63610888e-07 -5.69077554e-04
0.4263847        1.54867405e-02 -1.89035937e-06 -3.87015479e-03 1.54037456e-02 -2.35049745e-06 -3.30433753e-03 8.29948361e-05 4.60138085e-07 -5.65817263e-04
0.4276197        -3.40391552e-03 -6.28052516e-07 -5.96146160e-03 -3.47892812e-03 -1.08652414e-06 -5.38992470e-03 7.50125933e-05 4.58471625e-07 -5.71536899e-04
0.4288548        1.11616714e-02 9.38362062e-06 -4.26605221e-03 1.10889977e-02 8.91784845e-06 -3.69607988e-03 7.26736828e-05 4.65772169e-07 -5.69972325e-04
0.4300898        1.68465299e-02 5.72262866e-07 -3.77236684e-03 1.67741664e-02 1.11423247e-07 -3.20580121e-03 7.23635467e-05 4.60839619e-07 -5.66565627e-04
0.4313248        1.43828707e-02 -1.16580419e-05 -4.07988578e-03 1.43120190e-02 -1.21044898e-05 -3.51491890e-03 7.08517348e-05 4.46447835e-07 -5.64966877e-04
0.4325599        -1.15538649e-02 1.28864192e-06 -4.60219944e-03 -1.16145124e-02 8.44590716e-07 -4.03344874e-03 6.06475609e-05 4.44051206e-07 -5.68750698e-04
0.4337949        1.01762573e-02 -2.38865958e-06 -3.23481418e-03 1.01155724e-02 -2.82838206e-06 -2.66918653e-03 6.06849183e-05 4.39722475e-07 -5.65627642e-04
0.4350299        -9.19304675e-03 -8.01179488e-06 -3.47089360e-03 -9.24595558e-03 -8.43981118e-06 -2.90833436e-03 5.29088251e-05 4.28016297e-07 -5.62559247e-04
0.436265         4.20891958e-03 -7.63578485e-06 -3.28395082e-03 4.15899102e-03 -8.05281783e-06 -2.72460147e-03 4.99285526e-05 4.17032985e-07 -5.59349350e-04
0.4375           3.45539523e-02 1.04287232e-05 -3.90095738e-03 3.44970380e-02 1.00034234e-05 -3.34449325e-03 5.69142582e-05 4.25299806e-07 -5.56464128e-04
0.4386792        -1.44657633e-02 -2.27292329e-05 -2.92693657e-03 -1.45118413e-02 -2.31283690e-05 -2.37454215e-03 4.60779699e-05 3.99136064e-07 -5.52394412e-04
0.4398585        -9.14414459e-03 -7.86075521e-06 -4.40934638e-03 -9.18263342e-03 -8.24980220e-06 -3.85328504e-03 3.84888286e-05 3.89046996e-07 -5.56061339e-04
0.4410377        1.19186894e-02 4.70008690e-06 -4.46226673e-03 1.18801098e-02 4.31012234e-06 -3.90613789e-03 3.85796510e-05 3.89964558e-07 -5.56128836e-04
0.442217         2.34268524e-02 -7.64584746e-06 -3.47139651e-03 2.33843833e-02 -8.02791576e-06 -2.91977707e-03 4.24691072e-05 3.82068298e-07 -5.51619437e-04
0.4433962        -1.04764096e-02 -1.43239131e-05 -3.18953903e-03 -1.05095287e-02 -1.46898028e-05 -2.64011245e-03 3.31191682e-05 3.65889704e-07 -5.49426583e-04
0.4445755        5.16539250e-03 2.05046168e-07 -3.97959486e-03 5.13359698e-03 -1.58426753e-07 -3.43328082e-03 3.17955198e-05 3.63472921e-07 -5.46314046e-04
0.4457547        -4.61616506e-03 1.34278038e-06 -4.25166156e-03 -4.64241245e-03 9.82070970e-07 -3.70434369e-03 2.62473912e-05 3.60709409e-07 -5.47317876e-04
0.4469602        -1.47195121e-02 -2.24885812e-05 -4.09016849e-03 -1.47374681e-02 -2.28248487e-05 -3.54109302e-03 1.79560353e-05 3.36267518e-07 -5.49075470e-04
0.4481656        3.96190195e-03 -3.34184310e-05 -2.97765779e-03 3.94472399e-03 -3.37212005e-05 -2.43920319e-03 1.71779580e-05 3.02769467e-07 -5.38454600e-04
0.4493711        9.50033338e-03 2.35509786e-05 -5.10111230e-03 9.48370450e-03 2.32293084e-05 -4.55830745e-03 1.66288823e-05 3.21670135e-07 -5.42804850e-04
0.4505765        4.43885403e-03 2.59681443e-06 -4.30991294e-03 4.42436059e-03 2.27604805e-06 -3.76782321e-03 1.44934391e-05 3.20766380e-07 -5.42089729e-04
0.451782         3.20545152e-03 -1.08779868e-06 -3.97997147e-03 3.19329719e-03 -1.40456626e-06 -3.44112859e-03 1.21543343e-05 3.16767579e-07 -5.38842887e-04
0.4530183        5.79116139e-03 4.47403549e-06 -4.23962527e-03 5.78040636e-03 4.15638158e-06 -3.70284499e-03 1.07550299e-05 3.17653913e-07 -5.36780282e-04
0.4542547        -1.96774209e-02 4.48085557e-06 -2.21154815e-03 -1.96774007e-02 4.16357854e-06 -1.67882001e-03 -2.02158258e-08 3.17277038e-07 -5.32728145e-04
0.455491         8.39620625e-06 5.16941107e-07 -4.59378078e-03 1.05828454e-05 2.03470417e-07 -4.05728056e-03 -2.18663916e-06 3.13470690e-07 -5.36500219e-04
0.4566623        7.57851890e-04 8.86632500e-06 -3.53160207e-03 7.61843601e-04 8.54986201e-06 -2.99845259e-03 -3.99171154e-06 3.16462994e-07 -5.33149488e-04
0.4578336        -3.90134578e-03 1.73382346e-06 -2.24520805e-03 -3.89443301e-03 1.42019156e-06 -1.72090031e-03 -6.91276796e-06 3.13631901e-07 -5.24307737e-04
0.4590049        4.25996539e-03 2.56742196e-06 -5.50486300e-03 4.26795106e-03 2.25491708e-06 -4.97462907e-03 -7.98567319e-06 3.12504879e-07 -5.30233928e-04
0.4601762        -3.23317354e-03 -1.73993368e-05 -3.43039072e-03 -3.22242167e-03 -1.76913448e-05 -2.90312286e-03 -1.07518648e-05 2.92007985e-07 -5.27267867e-04
0.4613475        -1.30520817e-02 -1.62337275e-05 -2.68017098e-03 -1.30352216e-02 -1.65056129e-05 -2.15589543e-03 -1.68601051e-05 2.71885444e-07 -5.24275549e-04
0.4625188        -2.00696028e-02 -7.71817605e-06 -2.14095089e-03 -2.00448849e-02 -7.97777304e-06 -1.61907529e-03 -2.47178581e-05 2.59596991e-07 -5.21875599e-04
0.4636901        -5.74480641e-03 -1.59098605e-06 -2.33893044e-03 -5.71797974e-03 -1.84515981e-06 -1.82095277e-03 -2.68266639e-05 2.54173758e-07 -5.17977674e-04
0.4648614        -3.25806269e-03 -3.63827970e-06 -3.51843853e-03 -3.22941117e-03 -3.88408363e-06 -3.00266503e-03 -2.86515227e-05 2.45803935e-07 -5.15773504e-04
0.4660326        -1.85307155e-03 1.87182840e-05 -3.35298820e-03 -1.82215893e-03 1.84593538e-05 -2.84021540e-03 -3.09126215e-05 2.58930201e-07 -5.12772794e-04
0.4672039        -4.79817726e-03 -7.91238329e-06 -3.47712756e-03 -4.76431134e-03 -8.15802208e-06 -2.96668015e-03 -3.38659236e-05 2.45638793e-07 -5.10447415e-04
0.4683752        2.05754112e-04 1.12167713e-05 -5.07602892e-03 2.41220067e-04 1.09651799e-05 -4.56004517e-03 -3.54659552e-05 2.51591473e-07 -5.15983749e-04
0.4695465        -5.16579309e-03 5.12348841e-06 -2.44754209e-03 -5.12764042e-03 4.87179076e-06 -1.94022934e-03 -3.81526787e-05 2.51697651e-07 -5.07312756e-04
0.4707178        -1.69743528e-02 -1.45383913e-06 -1.37954708e-03 -1.69298909e-02 -1.69929087e-06 -8.78383049e-04 -4.44618522e-05 2.45451738e-07 -5.01164027e-04
0.4718891        -2.15083207e-02 -6.68237106e-06 -2.20832007e-03 -2.14558187e-02 -6.91843167e-06 -1.70796971e-03 -5.25019323e-05 2.36060612e-07 -5.00350367e-04
0.4730604        -5.62434800e-03 6.99027702e-06 -4.71631649e-03 -5.56926848e-03 6.75149742e-06 -4.21179558e-03 -5.50795242e-05 2.38779602e-07 -5.04520908e-04
0.4742317        1.60495705e-02 6.89295177e-06 -5.72555427e-03 1.60993570e-02 6.65008784e-06 -5.22227108e-03 -4.97864834e-05 2.42863927e-07 -5.03283186e-04
0.4754587        -4.47456810e-03 -1.77171110e-05 -2.84968507e-03 -4.42144400e-03 -1.79391963e-05 -2.35280300e-03 -5.31241012e-05 2.22085346e-07 -4.96882067e-04
0.4766858        -2.85970420e-02 -7.23152515e-06 -2.20798254e-04 -2.85336041e-02 -7.44432938e-06 2.68845330e-04 -6.34378746e-05 2.12804233e-07 -4.89643584e-04
0.4779129        -7.41341908e-03 4.33024103e-06 -4.01657411e-03 -7.34738767e-03 4.11629131e-06 -3.52249932e-03 -6.60314110e-05 2.13949723e-07 -4.94074786e-04
0.4791399        -8.83039003e-03 1.21110159e-05 -2.34451461e-03 -8.76148989e-03 1.18859842e-05 -1.85397929e-03 -6.89001341e-05 2.25031754e-07 -4.90535324e-04
0.480367         -9.34383918e-03 5.27536701e-06 -3.00854175e-03 -9.27211124e-03 5.04717998e-06 -2.52051635e-03 -7.17279435e-05 2.28187028e-07 -4.88025401e-04
0.4815219        -1.08550175e-02 -8.21885103e-07 -2.60339283e-03 -1.07802541e-02 -1.04828868e-06 -2.11814931e-03 -7.47634082e-05 2.26403580e-07 -4.85243516e-04
0.4826767        -1.46807065e-02 -9.62930888e-07 -1.99699178e-03 -1.46021334e-02 -1.18770025e-06 -1.51501190e-03 -7.85731019e-05 2.24769358e-07 -4.81979880e-04
0.4838316        -1.32791985e-02 -4.75164400e-06 -2.58022822e-03 -1.31978814e-02 -4.97147554e-06 -2.10034315e-03 -8.13170997e-05 2.19831544e-07 -4.79885074e-04
0.4849865        -1.24929030e-02 -1.63520557e-05 -2.05158675e-03 -1.24081536e-02 -1.65557310e-05 -1.57488516e-03 -8.47494357e-05 2.03675278e-07 -4.76701596e-04
0.4861414        -1.37448871e-02 9.21240808e-06 -2.17037613e-03 -1.36567301e-02 9.00105461e-06 -1.69658727e-03 -8.81570380e-05 2.11353472e-07 -4.73788858e-04
0.4872963        -1.17713145e-02 2.10154610e-05 -2.09182476e-03 -1.16807583e-02 2.07866040e-05 -1.62062648e-03 -9.05562228e-05 2.28857005e-07 -4.71198282e-04
0.4884512        -4.15935279e-02 -9.97563587e-06 1.17845201e-03 -4.14907659e-02 -1.01941618e-05 1.64639605e-03 -1.02762000e-04 2.18525913e-07 -4.67944040e-04
0.489606         -7.79995208e-03 -6.50709497e-06 -3.37914068e-03 -7.69743791e-03 -6.72103008e-06 -2.91329725e-03 -1.02514174e-04 2.13935109e-07 -4.65843433e-04
0.4907609        -4.95313038e-04 -3.99711134e-06 -3.52332270e-03 -3.95236042e-04 -4.20787595e-06 -3.06022324e-03 -1.00076996e-04 2.10764607e-07 -4.63099466e-04
0.4919158        -2.17817890e-02 4.13706282e-06 -4.16015199e-04 -2.16761852e-02 3.92328738e-06 4.32571752e-05 -1.05603809e-04 2.13775430e-07 -4.59272374e-04
0.4930707        -1.36873170e-02 9.95822408e-06 -2.36911501e-03 -1.35792832e-02 9.73542819e-06 -1.91206760e-03 -1.08033767e-04 2.22795891e-07 -4.57047412e-04
0.4942256        -3.28037778e-02 3.09044065e-06 2.73059807e-04 -3.26872282e-02 2.86550945e-06 7.27207071e-04 -1.16549601e-04 2.24931205e-07 -4.54147264e-04
0.4953805        -3.33386492e-02 -8.24278665e-06 4.44884326e-04 -3.32138545e-02 -8.45883377e-06 8.96026913e-04 -1.24794706e-04 2.16047120e-07 -4.51142587e-04
0.4965353        7.84398854e-03 -1.47535091e-06 -5.22121942e-03 7.96267892e-03 -1.68855312e-06 -4.77204763e-03 -1.18690380e-04 2.13202218e-07 -4.49171787e-04
0.4976902        -1.96281383e-02 1.81935333e-06 -1.32631542e-03 -1.95049419e-02 1.60586530e-06 -8.80336835e-04 -1.23196460e-04 2.13488023e-07 -4.45978584e-04
0.4988451        -2.02142317e-02 3.37235935e-06 -1.32055058e-03 -2.00868977e-02 3.15711431e-06 -8.77303245e-04 -1.27334040e-04 2.15245037e-07 -4.43247338e-04
0.5              -1.72764065e-02 -4.63793931e-06 -1.36878235e-03 -1.71458643e-02 -4.84890657e-06 -9.28249343e-04 -1.30542189e-04 2.10967252e-07 -4.40533003e-04
0.5012019        -2.23099473e-02 -2.30596369e-06 2.71479493e-04 -2.21747749e-02 -2.51463092e-06 7.07739382e-04 -1.35172442e-04 2.08667226e-07 -4.36259889e-04
0.5024038        -1.99078561e-02 -1.59331283e-05 -1.03987286e-03 -1.97690865e-02 -1.61270116e-05 -6.06364142e-04 -1.38769621e-04 1.93883301e-07 -4.33508717e-04
0.5036058        -2.13739979e-02 -2.48751451e-05 -1.06447408e-03 -2.12311220e-02 -2.50483468e-05 -6.33887932e-04 -1.42875882e-04 1.73201718e-07 -4.30586143e-04
0.5048077        -2.30498240e-02 1.02422949e-05 -5.39976882e-04 -2.29025619e-02 1.00566595e-05 -1.12705493e-04 -1.47262131e-04 1.85635408e-07 -4.27271389e-04
0.5060096        -1.73748818e-02 1.51405544e-06 -1.65260766e-03 -1.72244324e-02 1.32403659e-06 -1.22734799e-03 -1.50449376e-04 1.90018845e-07 -4.25259671e-04
0.5071865        -2.65289345e-02 -2.06978120e-06 1.22195335e-03 -2.63742357e-02 -2.26237142e-06 1.63685579e-03 -1.54698763e-04 1.92590221e-07 -4.14902439e-04
0.5083634        -2.53102696e-02 3.70377499e-06 -4.50409121e-04 -2.51509082e-02 3.50347357e-06 -3.63235518e-05 -1.59361379e-04 2.00301428e-07 -4.14085569e-04
0.5095403        -2.01508600e-02 1.49497483e-06 -2.07053238e-03 -1.99886531e-02 1.28890362e-06 -1.65434160e-03 -1.62206864e-04 2.06071207e-07 -4.16190787e-04
0.5107171        -4.74450939e-03 1.48455274e-06 -3.05594995e-03 -4.58566992e-03 1.27265008e-06 -2.64381901e-03 -1.58839472e-04 2.11902657e-07 -4.12130942e-04
0.511894         -4.37519690e-02 -2.45499355e-06 2.77190928e-03 -4.35807743e-02 -2.66844972e-06 3.18107430e-03 -1.71194649e-04 2.13456169e-07 -4.09165020e-04
0.5130709        -1.55680181e-02 -1.94179220e-06 -1.57696817e-03 -1.53963598e-02 -2.15753399e-06 -1.17051809e-03 -1.71658318e-04 2.15741795e-07 -4.06450079e-04
0.5142478        -1.62835997e-02 -1.60741338e-06 -1.26514095e-03 -1.61111725e-02 -1.82550946e-06 -8.63543061e-04 -1.72427170e-04 2.18096080e-07 -4.01597891e-04
0.5154247        -5.54848151e-02 -3.39959948e-06 6.33849129e-03 -5.52986996e-02 -3.61864288e-06 6.72915874e-03 -1.86115446e-04 2.19043395e-07 -3.90667451e-04
0.5166016        -3.72557113e-03 -3.51329355e-06 -4.52028553e-03 -3.54375837e-03 -3.73412734e-06 -4.12551327e-03 -1.81812762e-04 2.20833786e-07 -3.94772257e-04
0.5177784        -1.71661516e-02 -9.26913715e-07 -1.81204635e-03 -1.69821036e-02 -1.15138377e-06 -1.41816262e-03 -1.84048039e-04 2.24470051e-07 -3.93883725e-04
0.5189553        -2.83811097e-02 -1.01677538e-09 1.00581194e-03 -2.81920973e-02 -2.30031796e-07 1.39411632e-03 -1.89012450e-04 2.29015020e-07 -3.88304376e-04
0.5201322        -3.52266019e-02 -3.50094552e-06 4.60433502e-03 -3.50323389e-02 -3.73137670e-06 4.98074334e-03 -1.94263023e-04 2.30431186e-07 -3.76408320e-04
0.5213091        -2.76907441e-03 1.49749310e-06 -4.80910281e-03 -2.57905664e-03 1.26217808e-06 -4.42768380e-03 -1.90017768e-04 2.35315026e-07 -3.81419008e-04
0.522486         -4.26427812e-02 9.42925511e-06 3.48681406e-03 -4.24432843e-02 9.18262844e-06 3.86143492e-03 -1.99496879e-04 2.46626666e-07 -3.74620863e-04
0.5236629        -4.33632450e-02 -1.21959144e-05 4.11670252e-03 -4.31559009e-02 -1.24340452e-05 4.48301141e-03 -2.07344057e-04 2.38130842e-07 -3.66308897e-04
0.5248397        -8.50840804e-03 -5.36690988e-06 -2.65233938e-03 -8.30542416e-03 -5.60355569e-06 -2.28841348e-03 -2.02983888e-04 2.36645810e-07 -3.63925898e-04
0.5260166        -5.40120686e-02 -6.96452945e-07 3.88633682e-03 -5.37949263e-02 -9.33747948e-07 4.25385863e-03 -2.17142367e-04 2.37295003e-07 -3.67521813e-04
0.5271935        -2.53172262e-02 5.69377778e-07 6.51727075e-04 -2.50993206e-02 3.29540937e-07 1.01256980e-03 -2.17905548e-04 2.39836840e-07 -3.60842726e-04
0.5283704        -1.56243098e-02 4.89294747e-08 -5.91289793e-04 -1.54090494e-02 -1.91853690e-07 -2.38310503e-04 -2.15260426e-04 2.40783165e-07 -3.52979290e-04
0.5295473        -1.50484341e-02 9.40703334e-07 -1.55014182e-03 -1.48343346e-02 6.97183890e-07 -1.19996129e-03 -2.14099490e-04 2.43519444e-07 -3.50180530e-04
0.5307242        -5.83130993e-02 -2.59237172e-06 6.76220044e-03 -5.80846319e-02 -2.83430149e-06 7.10790359e-03 -2.28467336e-04 2.41929772e-07 -3.45703147e-04
0.531901         -2.34656305e-02 1.30911806e-05 2.71356073e-04 -2.32373203e-02 1.28358204e-05 6.13339010e-04 -2.28310122e-04 2.55360127e-07 -3.41982936e-04
0.5330779        -2.83323923e-02 -3.28010798e-05 1.22604818e-03 -2.81017010e-02 -3.30289762e-05 1.56424517e-03 -2.30691279e-04 2.27896396e-07 -3.38196998e-04
0.5342548        -5.68384529e-02 2.03240937e-05 5.99883814e-03 -5.65954078e-02 2.00767365e-05 6.33363324e-03 -2.43045087e-04 2.47357235e-07 -3.34795106e-04
0.5353846        -1.80923198e-02 4.47258376e-06 -6.95238882e-04 -1.78520164e-02 4.21948719e-06 -3.63834046e-04 -2.40303473e-04 2.53096573e-07 -3.31404835e-04
0.5365144        -1.88948008e-02 8.68357869e-06 9.40000100e-05 -1.86568551e-02 8.42141964e-06 4.16998417e-04 -2.37945754e-04 2.62159047e-07 -3.22998407e-04
0.5376442        -2.91868318e-02 5.34610723e-06 2.20498979e-03 -2.89468435e-02 5.07897304e-06 2.52136797e-03 -2.39988297e-04 2.67134182e-07 -3.16378183e-04
0.538774         -5.53782813e-02 7.39410360e-07 4.51831255e-03 -5.51250521e-02 4.71662607e-07 4.83923805e-03 -2.53229191e-04 2.67747752e-07 -3.20925500e-04
0.5399038        -2.52865737e-02 -1.15507613e-06 1.74183776e-03 -2.50355531e-02 -1.42223890e-06 2.05176640e-03 -2.51020616e-04 2.67162770e-07 -3.09928637e-04
0.5410337        -3.12645331e-02 -1.35390126e-06 1.80902651e-03 -3.10113744e-02 -1.61995014e-06 2.11607167e-03 -2.53158722e-04 2.66048880e-07 -3.07045161e-04
0.5421635        -3.82309493e-02 6.63764190e-06 1.85550544e-03 -3.79723450e-02 6.36618532e-06 2.16456312e-03 -2.58604327e-04 2.71456585e-07 -3.09057684e-04
0.5432933        -4.19554053e-02 7.84083684e-07 5.10994722e-03 -4.16926833e-02 5.12158377e-07 5.40778758e-03 -2.62722018e-04 2.71925307e-07 -2.97840356e-04
0.5444231        -4.34695517e-02 1.13420782e-05 4.70489288e-03 -4.32016927e-02 1.10608086e-05 4.99756797e-03 -2.67858979e-04 2.81269684e-07 -2.92675091e-04
0.5455529        -3.23599903e-02 1.56647165e-05 1.35783699e-03 -3.20900817e-02 1.53705867e-05 1.64941888e-03 -2.69908682e-04 2.94129846e-07 -2.91581886e-04
0.5466827        -1.81504427e-02 -8.00824136e-07 -2.28221854e-03 -1.78826393e-02 -1.09347354e-06 -1.98787729e-03 -2.67803358e-04 2.92649404e-07 -2.94341259e-04
0.5478125        -4.35083407e-02 1.72762831e-06 5.22706335e-03 -4.32349907e-02 1.43410156e-06 5.51103484e-03 -2.73350016e-04 2.93526754e-07 -2.83971492e-04
0.5489423        -4.61586610e-02 6.34728783e-06 5.73559603e-03 -4.58803094e-02 6.04805115e-06 6.00979403e-03 -2.78351598e-04 2.99236682e-07 -2.74198002e-04
0.5500721        -4.13661085e-02 2.81363593e-06 4.59116058e-03 -4.10845407e-02 2.51164886e-06 4.85837573e-03 -2.81567817e-04 3.01987071e-07 -2.67215152e-04
0.5512019        -1.74509792e-02 3.03120485e-06 -1.94697789e-03 -1.71722519e-02 2.72579812e-06 -1.67632533e-03 -2.78727320e-04 3.05406730e-07 -2.70652562e-04
0.5523317        -3.96167149e-02 2.55816993e-06 4.14877591e-03 -3.93335315e-02 2.25008807e-06 4.41514010e-03 -2.83183440e-04 3.08081860e-07 -2.66364186e-04
0.5534615        -4.47154912e-02 -1.28225173e-06 4.87749980e-03 -4.44272607e-02 -1.58983263e-06 5.13952281e-03 -2.88230456e-04 3.07580892e-07 -2.62023007e-04
0.5545913        -4.49697825e-02 7.58307800e-06 4.88582135e-03 -4.46767457e-02 7.26791194e-06 5.14333426e-03 -2.93036794e-04 3.15166055e-07 -2.57512910e-04
0.5557212        -4.98144408e-02 -7.37074166e-06 7.04302475e-03 -4.95164470e-02 -7.68079749e-06 7.28991354e-03 -2.97993777e-04 3.10055828e-07 -2.46888789e-04
0.556851         -3.19986614e-02 2.17985046e-06 2.61629173e-03 -3.17013958e-02 1.86665434e-06 2.85756274e-03 -2.97265642e-04 3.13196114e-07 -2.41271015e-04
0.5579808        -3.12571895e-02 -6.65457746e-07 1.93472107e-03 -3.09596597e-02 -9.79869485e-07 2.17381823e-03 -2.97529767e-04 3.14411739e-07 -2.39097161e-04
0.5591106        -4.35132858e-02 -2.47159145e-06 3.20744398e-03 -4.32099145e-02 -2.78549339e-06 3.44973318e-03 -3.03371309e-04 3.13901936e-07 -2.42289195e-04
0.5602404        -2.32389301e-02 3.26128047e-08 1.33462218e-03 -2.29388830e-02 -2.82834917e-07 1.56634414e-03 -3.00047147e-04 3.15447721e-07 -2.31721963e-04
0.5613702        -5.21535356e-02 -2.54711737e-06 6.94619028e-03 -5.18466316e-02 -2.86273876e-06 7.17121533e-03 -3.06903927e-04 3.15621383e-07 -2.25025044e-04
0.5625           -6.45587775e-02 -2.90364871e-06 9.17017325e-03 -6.42414000e-02 -3.21920298e-06 9.39136994e-03 -3.17377404e-04 3.15554265e-07 -2.21196694e-04
0.5635417        -2.74740731e-02 8.33291787e-07 1.20259771e-03 -2.71603925e-02 5.13054118e-07 1.42003729e-03 -3.13680639e-04 3.20237669e-07 -2.17439580e-04
0.5645833        -2.90814941e-02 3.61427593e-06 1.46268480e-03 -2.87696377e-02 3.28833665e-06 1.67692636e-03 -3.11856401e-04 3.25939283e-07 -2.14241561e-04
