# Moment        
# CofR          : (6.34000000e-02 0.00000000e+00 4.00000000e-03)
#
# Time          	total_x total_y total_z	pressure_x pressure_y pressure_z	viscous_x viscous_y viscous_z
0.001453488      1.52447177e-06 1.14273204e-01 -2.68243708e-07 1.52452694e-06 1.14205141e-01 -2.67557690e-07 -5.51703448e-11 6.80631425e-05 -6.86018246e-10
0.002543605      -2.63673970e-06 6.96031931e-04 -2.78387333e-08 -2.63517465e-06 6.35341067e-04 -2.67991508e-08 -1.56504792e-09 6.06908644e-05 -1.03958249e-09
0.003696612      -3.87811943e-07 -4.22258554e-04 -4.20501650e-07 -3.85568719e-07 -4.79213226e-04 -4.19253727e-07 -2.24322439e-09 5.69546721e-05 -1.24792286e-09
0.00487268       -5.01155610e-08 -8.08459085e-04 2.00077223e-07 -4.79746201e-08 -8.62652885e-04 2.01232936e-07 -2.14094088e-09 5.41938003e-05 -1.15571271e-09
0.006048748      -2.79993716e-07 -1.80832220e-03 -3.53059178e-07 -2.77481843e-07 -1.85934833e-03 -3.51794558e-07 -2.51187323e-09 5.10261271e-05 -1.26462026e-09
0.007275949      -2.32775468e-07 -2.88863344e-03 -7.44070971e-08 -2.30204406e-07 -2.93706532e-03 -7.31608441e-08 -2.57106156e-09 4.84318777e-05 -1.24625296e-09
0.008531041      -1.87279501e-07 -1.39992112e-03 -7.08266269e-08 -1.84674746e-07 -1.44650443e-03 -6.96077910e-08 -2.60475437e-09 4.65833101e-05 -1.21883594e-09
0.009816016      -1.86458624e-07 -1.40980715e-03 -5.66260084e-08 -1.83838146e-07 -1.45456674e-03 -5.54494180e-08 -2.62047781e-09 4.47595830e-05 -1.17659039e-09
0.01113312       -1.90836889e-07 -2.15900310e-03 -4.12763567e-08 -1.88208351e-07 -2.20167405e-03 -4.01636544e-08 -2.62853725e-09 4.26709540e-05 -1.11270227e-09
0.01248488       -1.63537171e-07 -2.09467924e-03 -3.36175293e-08 -1.60937297e-07 -2.13541007e-03 -3.25870344e-08 -2.59987385e-09 4.07308308e-05 -1.03049494e-09
0.01387418       -1.06537808e-07 -1.57104731e-04 -4.11975116e-08 -1.03914357e-07 -1.96670811e-04 -4.02392351e-08 -2.62345106e-09 3.95660796e-05 -9.58276481e-10
0.01530436       -2.03762715e-07 -3.95622558e-03 -1.38048537e-08 -2.01166689e-07 -3.99316042e-03 -1.29711341e-08 -2.59602631e-09 3.69348415e-05 -8.33719643e-10
0.01677922       -8.88787690e-08 -1.73682115e-03 -2.08456028e-08 -8.64233599e-08 -1.77233371e-03 -2.01434340e-08 -2.45540912e-09 3.55125577e-05 -7.02168799e-10
0.01830325       -1.78285280e-07 -1.15739626e-03 -9.71643046e-08 -1.75804641e-07 -1.19173487e-03 -9.65259927e-08 -2.48063976e-09 3.43386107e-05 -6.38311857e-10
0.0198817        -1.52075951e-07 -3.59429609e-03 -1.18269486e-08 -1.49846268e-07 -3.62627876e-03 -1.13547509e-08 -2.22968331e-09 3.19826723e-05 -4.72197718e-10
0.02152087       -4.11893524e-08 -1.33622804e-03 -7.71313915e-09 -3.91144064e-08 -1.36689195e-03 -7.36132511e-09 -2.07494602e-09 3.06639020e-05 -3.51814035e-10
0.02322833       -4.55269096e-09 -2.71963168e-03 2.80864712e-08 -2.73086130e-09 -2.74810190e-03 2.82612744e-08 -1.82182966e-09 2.84702146e-05 -1.74803199e-10
0.02501341       -1.80596749e-08 -1.05928557e-03 1.85256313e-09 -1.63969320e-08 -1.08691112e-03 1.88803637e-09 -1.66274282e-09 2.76255557e-05 -3.54732359e-11
0.02679848       -9.47242238e-08 -3.05863307e-03 9.07503527e-09 -9.31827164e-08 -3.08398007e-03 8.95924101e-09 -1.54150741e-09 2.53470050e-05 1.15794260e-10
0.02867751       -5.64270985e-08 -2.45464890e-03 2.11529471e-08 -5.50680964e-08 -2.47845581e-03 2.08760733e-08 -1.35900212e-09 2.38069086e-05 2.76873726e-10
0.03066707       -3.87487717e-08 -1.64383259e-03 1.78719384e-08 -3.76073916e-08 -1.66608205e-03 1.74394184e-08 -1.14138012e-09 2.22494651e-05 4.32519968e-10
0.03278926       -8.68441050e-08 -2.78980205e-03 3.89410274e-08 -8.59764395e-08 -2.81014624e-03 3.83422594e-08 -8.67665459e-10 2.03441861e-05 5.98768036e-10
0.0350747        -1.27968416e-07 -1.97279013e-03 1.05629597e-08 -1.27225839e-07 -1.99142135e-03 9.84139721e-09 -7.42577119e-10 1.86312192e-05 7.21562478e-10
0.03736015       3.13215483e-08 -2.66200656e-03 -3.51014168e-08 3.17056074e-08 -2.67883542e-03 -3.59782054e-08 -3.84059184e-10 1.68288603e-05 8.76788564e-10
0.03987413       -1.59119806e-07 -2.08470021e-03 7.03426734e-08 -1.58809138e-07 -2.09958645e-03 6.93781635e-08 -3.10667915e-10 1.48862437e-05 9.64509864e-10
0.04270236       -2.61618411e-08 -2.33799124e-03 1.42524041e-08 -2.61569263e-08 -2.35091295e-03 1.31810208e-08 -4.91472797e-12 1.29217101e-05 1.07138327e-09
0.0455306        -1.05488399e-07 -2.23086352e-03 -3.18880994e-08 -1.05556948e-07 -2.24178920e-03 -3.30188837e-08 6.85494672e-11 1.09256774e-05 1.13078424e-09
0.04892448       -1.20273390e-07 -2.49825133e-03 8.40092997e-09 -1.20451038e-07 -2.50663242e-03 7.14479028e-09 1.77647575e-10 8.38109811e-06 1.25613968e-09
0.05231836       -1.84937507e-07 -2.16638599e-03 -3.49171089e-08 -1.85081125e-07 -2.17279068e-03 -3.62244928e-08 1.43618400e-10 6.40468647e-06 1.30738385e-09
0.05571224       -2.46635850e-07 -2.57184389e-03 -1.83836608e-08 -2.46734516e-07 -2.57574554e-03 -1.97700854e-08 9.86667581e-11 3.90165348e-06 1.38642459e-09
0.05910612       1.20453672e-08 -2.47057154e-03 5.47973872e-09 1.15041668e-08 -2.47224224e-03 3.89856692e-09 5.41200371e-10 1.67070406e-06 1.58117180e-09
0.0625           -3.67398923e-08 -2.66709948e-03 3.28938949e-09 -3.76545013e-08 -2.66654081e-03 1.52539526e-09 9.14608999e-10 -5.58666305e-07 1.76399423e-09
0.06640625       -2.52819861e-07 -2.10411800e-03 -7.64907686e-08 -2.53381916e-07 -2.10154530e-03 -7.82186155e-08 5.62055422e-10 -2.57269838e-06 1.72784687e-09
0.07091346       -7.34647975e-08 -2.37048297e-03 2.76588330e-09 -7.42660668e-08 -2.36532717e-03 8.72715114e-10 8.01269395e-10 -5.15580503e-06 1.89316818e-09
0.07507396       3.33534928e-08 -2.55951994e-03 9.55413312e-09 3.19999105e-08 -2.55183470e-03 7.45829536e-09 1.35358234e-09 -7.68524096e-06 2.09583776e-09
0.07891443       -3.10545650e-07 -2.59239472e-03 -1.15713659e-07 -3.11193882e-07 -2.58264661e-03 -1.17639737e-07 6.48232330e-10 -9.74811306e-06 1.92607757e-09
0.08245947       -9.64703135e-08 -2.71571916e-03 1.27592613e-08 -9.71429700e-08 -2.70401872e-03 1.07624010e-08 6.72656471e-10 -1.17004470e-05 1.99686038e-09
0.08600452       -5.75964594e-08 -2.48295451e-03 2.01895637e-08 -5.83769870e-08 -2.46969798e-03 1.81028509e-08 7.80527670e-10 -1.32565231e-05 2.08671276e-09
0.08925414       -6.72048425e-08 -2.54383017e-03 -1.15309189e-08 -6.79759099e-08 -2.52914151e-03 -1.36319640e-08 7.71067399e-10 -1.46886535e-05 2.10104507e-09
0.09200382       -3.88698292e-08 -2.94024155e-03 2.82426710e-08 -3.97306067e-08 -2.92410264e-03 2.60956494e-08 8.60777501e-10 -1.61389110e-05 2.14702162e-09
0.09454199       -1.30702976e-07 -2.57837549e-03 -3.69694799e-08 -1.31382307e-07 -2.56137578e-03 -3.90578079e-08 6.79330286e-10 -1.69997175e-05 2.08832806e-09
0.09688491       -1.19750309e-07 -2.61896709e-03 -2.95036091e-08 -1.20288127e-07 -2.60116655e-03 -3.15656383e-08 5.37817335e-10 -1.78005386e-05 2.06202923e-09
0.09922784       -4.16968012e-08 -2.61655877e-03 4.62586909e-08 -4.22930079e-08 -2.59794513e-03 4.41707341e-08 5.96206699e-10 -1.86136446e-05 2.08795677e-09
0.1013755        -6.39135305e-08 -2.69295945e-03 -1.26495898e-08 -6.44861124e-08 -2.67361508e-03 -1.47100907e-08 5.72581887e-10 -1.93443724e-05 2.06050092e-09
0.1033442        2.52801034e-08 -2.43319565e-03 2.20612826e-08 2.46471065e-08 -2.41345363e-03 2.00062362e-08 6.32996817e-10 -1.97420203e-05 2.05504637e-09
0.1053129        -4.23505809e-08 -3.08747141e-03 4.97047258e-08 -4.30078169e-08 -3.06693068e-03 4.76377841e-08 6.57236022e-10 -2.05407368e-05 2.06694167e-09
0.1072816        -3.61264169e-08 -2.25731837e-03 3.68706525e-08 -3.67573190e-08 -2.23661948e-03 3.48087351e-08 6.30902106e-10 -2.06988877e-05 2.06191739e-09
0.1090535        -3.96133339e-08 -2.56305616e-03 1.61164896e-08 -4.01942691e-08 -2.54178030e-03 1.40726810e-08 5.80935219e-10 -2.12758601e-05 2.04380858e-09
0.1108253        -3.21290322e-07 -3.81665550e-03 -2.32875854e-08 -3.21491186e-07 -3.79449349e-03 -2.52513080e-08 2.00863847e-10 -2.21620022e-05 1.96372263e-09
0.1125971        -2.63195963e-07 -1.85234742e-03 -3.29058680e-08 -2.62980686e-07 -1.83007899e-03 -3.47678626e-08 -2.15277446e-10 -2.22684232e-05 1.86199455e-09
0.114369         -2.24870238e-07 -2.81933971e-03 -7.43789971e-08 -2.24265028e-07 -2.79679208e-03 -7.61300094e-08 -6.05210018e-10 -2.25476377e-05 1.75101233e-09
0.1161408        -2.18859302e-07 -2.58414125e-03 -3.40395140e-08 -2.17878241e-07 -2.56098381e-03 -3.56914851e-08 -9.81060583e-10 -2.31574344e-05 1.65197116e-09
0.1176173        -1.40735016e-07 -3.14696336e-03 -1.03975973e-08 -1.39517027e-07 -3.12350265e-03 -1.19806664e-08 -1.21798929e-09 -2.34607105e-05 1.58306907e-09
0.1190939        1.32064519e-07 -2.54616298e-03 7.35130580e-08 1.33202792e-07 -2.52225913e-03 7.19186142e-08 -1.13827327e-09 -2.39038454e-05 1.59444382e-09
0.1205704        -1.90517397e-07 -3.03256594e-03 -4.03461084e-08 -1.89121085e-07 -3.00848784e-03 -4.18595713e-08 -1.39631172e-09 -2.40781079e-05 1.51346290e-09
0.1220469        2.76700947e-07 -3.12590598e-03 3.65456316e-07 2.77710643e-07 -3.10127716e-03 3.63780290e-07 -1.00969616e-09 -2.46288186e-05 1.67602642e-09
0.1235235        2.84572175e-07 -1.16608583e-03 3.14968746e-08 2.85361528e-07 -1.14199299e-03 2.98175243e-08 -7.89353259e-10 -2.40928348e-05 1.67935033e-09
0.125            8.70463923e-08 -3.62729687e-03 8.31657347e-08 8.78009350e-08 -3.60198980e-03 8.14956716e-08 -7.54542773e-10 -2.53070734e-05 1.67006310e-09
0.1264205        1.62056675e-07 -2.01737095e-03 1.78988157e-07 1.62673196e-07 -1.99251797e-03 1.77290875e-07 -6.16521193e-10 -2.48529751e-05 1.69728178e-09
0.1278409        2.81713442e-07 -3.09839798e-03 2.39507962e-07 2.82062266e-07 -3.07299305e-03 2.37745221e-07 -3.48824084e-10 -2.54049262e-05 1.76274094e-09
0.1292283        -9.74731775e-07 -2.32147936e-03 -2.24641284e-07 -9.73085665e-07 -2.29602184e-03 -2.26087180e-07 -1.64611052e-09 -2.54575133e-05 1.44589561e-09
0.1306158        5.02045068e-07 -3.27281523e-03 1.36506197e-07 5.03187010e-07 -3.24681108e-03 1.35015763e-07 -1.14194214e-09 -2.60041455e-05 1.49043433e-09
0.1319701        4.02789159e-08 -2.81948114e-03 8.48450322e-08 4.14794832e-08 -2.79321015e-03 8.34110678e-08 -1.20056729e-09 -2.62709853e-05 1.43396443e-09
0.1333245        3.25972624e-07 -2.21007248e-03 2.52580823e-08 3.26941298e-07 -2.18382043e-03 2.38620119e-08 -9.68673215e-10 -2.62520484e-05 1.39607038e-09
0.1346459        1.49457029e-07 -2.42365945e-03 1.22436033e-07 1.50324857e-07 -2.39736596e-03 1.21072149e-07 -8.67828596e-10 -2.62934822e-05 1.36388395e-09
0.1359672        2.68228652e-07 -2.49878159e-03 1.98073911e-08 2.68933271e-07 -2.47236400e-03 1.85042537e-08 -7.04619685e-10 -2.64175980e-05 1.30313741e-09
0.1372886        7.30027949e-07 -4.39136388e-03 -1.69171126e-07 7.30165501e-07 -4.36417167e-03 -1.70417311e-07 -1.37551972e-10 -2.71922059e-05 1.24618452e-09
0.1385761        -8.10295922e-07 -1.49029970e-03 2.85369657e-07 -8.09384536e-07 -1.46329410e-03 2.84232865e-07 -9.11386104e-10 -2.70056045e-05 1.13679127e-09
0.1398635        5.20965035e-07 -3.12841536e-03 2.53190170e-07 5.21292682e-07 -3.10088343e-03 2.51992564e-07 -3.27647310e-10 -2.75319364e-05 1.19760641e-09
0.1411171        1.11382423e-07 -2.77563877e-03 1.52857094e-07 1.11556548e-07 -2.74803935e-03 1.51680610e-07 -1.74124784e-10 -2.75994291e-05 1.17648392e-09
0.1423707        1.08399434e-07 -2.17842413e-03 1.93233086e-08 1.08558628e-07 -2.15108278e-03 1.82339760e-08 -1.59194258e-10 -2.73413462e-05 1.08933265e-09
0.1436243        -2.57884771e-07 -2.55334067e-03 3.44569867e-08 -2.57373468e-07 -2.52550814e-03 3.34930716e-08 -5.11302177e-10 -2.78325287e-05 9.63915068e-10
0.1448431        1.07750812e-07 -3.44877742e-03 1.11535900e-07 1.08168458e-07 -3.42080532e-03 1.10620846e-07 -4.17646283e-10 -2.79721016e-05 9.15054358e-10
0.1460618        3.29871201e-07 -1.77779495e-03 1.28778868e-07 3.29999551e-07 -1.74984602e-03 1.27901539e-07 -1.28350250e-10 -2.79489302e-05 8.77328034e-10
0.1472806        1.44456332e-07 -2.59396455e-03 1.98244456e-07 1.44394005e-07 -2.56574775e-03 1.97383623e-07 6.23264254e-11 -2.82167980e-05 8.60833685e-10
0.1484994        2.89871542e-07 -3.90975526e-03 2.96304084e-07 2.89417240e-07 -3.88103012e-03 2.95412918e-07 4.54302180e-10 -2.87251407e-05 8.91165448e-10
0.1496812        -1.68897914e-08 -2.64056961e-03 -1.09263026e-07 -1.72427772e-08 -2.61179303e-03 -1.10000650e-07 3.52985800e-10 -2.87765745e-05 7.37624396e-10
0.1508631        -9.70911547e-08 -2.35236736e-03 5.44832645e-08 -9.73700627e-08 -2.32361003e-03 5.38422769e-08 2.78907962e-10 -2.87573239e-05 6.40987640e-10
0.1520449        -2.13168373e-06 -2.44344797e-03 1.02171004e-06 -2.13056561e-06 -2.41463021e-03 1.02111268e-06 -1.11811782e-09 -2.88177620e-05 5.97358500e-10
0.1532267        2.76280662e-06 -2.58153642e-03 -4.36904322e-07 2.76173397e-06 -2.55261644e-03 -4.37562456e-07 1.07264840e-09 -2.89199745e-05 6.58133838e-10
0.1543692        9.19156935e-07 -2.15433226e-03 -1.19796675e-07 9.17360686e-07 -2.12547627e-03 -1.20406945e-07 1.79624841e-09 -2.88559831e-05 6.10269549e-10
0.1555116        -1.01881557e-06 -3.74954606e-03 6.63678875e-07 -1.02008016e-06 -3.72004079e-03 6.63021853e-07 1.26458495e-09 -2.95052634e-05 6.57022731e-10
0.1566541        1.84774214e-07 -2.43842396e-03 1.75711257e-07 1.83241074e-07 -2.40895343e-03 1.75061379e-07 1.53314052e-09 -2.94705301e-05 6.49877799e-10
0.1577965        5.50571704e-08 -1.41161886e-03 5.41672132e-09 5.34259512e-08 -1.38257752e-03 4.84019849e-09 1.63121919e-09 -2.90413369e-05 5.76522827e-10
0.1589389        4.41371135e-07 -3.63658926e-03 2.68408915e-07 4.39163982e-07 -3.60683091e-03 2.67774106e-07 2.20715301e-09 -2.97583532e-05 6.34808532e-10
0.1600814        4.36561310e-07 -3.23676756e-03 2.33440971e-07 4.33811635e-07 -3.20692853e-03 2.32770342e-07 2.74967520e-09 -2.98390307e-05 6.70628473e-10
0.1611781        6.65658214e-09 -2.59437326e-03 2.10402252e-07 3.72427369e-09 -2.56453422e-03 2.09735732e-07 2.93230846e-09 -2.98390398e-05 6.66520518e-10
0.1622749        8.88776841e-08 -1.77971363e-03 -4.62286019e-07 8.60542986e-08 -1.74983024e-03 -4.62793197e-07 2.82338545e-09 -2.98833853e-05 5.07177476e-10
0.1633716        3.98464521e-07 -3.25411167e-03 9.38168708e-07 3.94790670e-07 -3.22415140e-03 9.37444269e-07 3.67385019e-09 -2.99602675e-05 7.24439220e-10
0.1644684        -3.10741005e-07 -3.35676750e-03 -4.00521744e-07 -3.14121023e-07 -3.32650222e-03 -4.01065969e-07 3.38001798e-09 -3.02652796e-05 5.44225358e-10
0.1655651        2.23127913e-07 -3.19568930e-03 9.84455428e-08 2.19469176e-07 -3.16508262e-03 9.79153934e-08 3.65873664e-09 -3.06066799e-05 5.30149387e-10
0.1666619        1.70212709e-06 -3.04281999e-05 1.71587650e-07 1.69700524e-06 -4.83395766e-07 1.70941253e-07 5.12184912e-09 -2.99448041e-05 6.46397816e-10
0.1677586        -4.32926456e-08 -3.78203664e-03 -1.44830756e-08 -4.84516686e-08 -3.75159983e-03 -1.50489421e-08 5.15902297e-09 -3.04368078e-05 5.65866470e-10
0.1688553        6.74882859e-08 -3.70906050e-03 2.12293848e-07 6.21835140e-08 -3.67826548e-03 2.11723076e-07 5.30477189e-09 -3.07950158e-05 5.70772947e-10
0.1698912        -1.76576214e-07 -6.83645328e-04 1.18365132e-07 -1.81758406e-07 -6.53526219e-04 1.17861429e-07 5.18219238e-09 -3.01191088e-05 5.03703735e-10
0.1709917        5.11165019e-07 -4.35146676e-03 2.36894929e-07 5.05392720e-07 -4.32071753e-03 2.36376547e-07 5.77229885e-09 -3.07492316e-05 5.18381124e-10
0.1720235        3.81342047e-07 -3.29416858e-03 1.05788743e-07 3.75209778e-07 -3.26321859e-03 1.05291173e-07 6.13226863e-09 -3.09499867e-05 4.97569163e-10
0.1730552        6.28273774e-07 1.33874659e-05 8.68385551e-08 6.21674238e-07 4.36264366e-05 8.63624439e-08 6.59953590e-09 -3.02389707e-05 4.76111213e-10
0.174087         2.55237946e-07 -3.50449138e-03 2.76896800e-07 2.48331997e-07 -3.47369225e-03 2.76409590e-07 6.90594955e-09 -3.07991242e-05 4.87210177e-10
0.1751188        4.29650974e-07 -3.55996097e-03 2.65711234e-07 4.22265011e-07 -3.52879164e-03 2.65189675e-07 7.38596342e-09 -3.11693235e-05 5.21559411e-10
0.1761505        6.88305304e-07 -3.03224425e-03 5.02457772e-07 6.80200873e-07 -3.00115189e-03 5.01814296e-07 8.10443095e-09 -3.10923620e-05 6.43476745e-10
0.1771823        1.64964635e-07 -2.16796415e-03 -2.28215215e-07 1.56888418e-07 -2.13678596e-03 -2.28734056e-07 8.07621659e-09 -3.11781940e-05 5.18840769e-10
0.1782141        1.51809436e-07 -1.92082020e-03 1.02357789e-07 1.43612971e-07 -1.88969195e-03 1.01871669e-07 8.19646540e-09 -3.11282528e-05 4.86120470e-10
0.1792459        -7.40821728e-07 -1.98665152e-03 6.88889869e-08 -7.48438541e-07 -1.95602062e-03 6.84378432e-08 7.61681348e-09 -3.06308981e-05 4.51143718e-10
0.1802776        2.65964277e-08 -3.44945375e-03 2.00579817e-07 1.89319928e-08 -3.41834936e-03 2.00114833e-07 7.66443491e-09 -3.11043906e-05 4.64984932e-10
0.1813094        -3.45294653e-07 -3.32569189e-03 9.68162591e-08 -3.52704893e-07 -3.29419738e-03 9.63889298e-08 7.41023928e-09 -3.14945099e-05 4.27329323e-10
0.1823412        2.44208750e-07 -2.10972451e-03 1.05951894e-07 2.36605747e-07 -2.07834963e-03 1.05525832e-07 7.60300354e-09 -3.13748732e-05 4.26062243e-10
0.1833729        -8.73945191e-08 -3.56447548e-03 1.21068523e-07 -9.49574839e-08 -3.53291995e-03 1.20657649e-07 7.56296485e-09 -3.15555332e-05 4.10873885e-10
0.1844047        2.48536784e-07 -3.09173550e-03 1.32767023e-07 2.40776747e-07 -3.06014939e-03 1.32354592e-07 7.76003673e-09 -3.15861101e-05 4.12430897e-10
0.1854365        1.35195041e-06 2.49868604e-04 1.70223336e-07 1.34310625e-06 2.80799667e-04 1.69777766e-07 8.84415578e-09 -3.09310633e-05 4.45570508e-10
0.1864682        2.16333061e-07 -3.94477861e-03 1.80843619e-07 2.07325141e-07 -3.91335494e-03 1.80406315e-07 9.00792038e-09 -3.14236652e-05 4.37304312e-10
0.1875           4.54234188e-07 -4.18126155e-03 1.37378582e-07 4.44882564e-07 -4.14935422e-03 1.36951408e-07 9.35162353e-09 -3.19073259e-05 4.27173969e-10
0.1885081        2.81639248e-07 -1.53517219e-03 -1.03494200e-07 2.72194476e-07 -1.50335178e-03 -1.03839535e-07 9.44477200e-09 -3.18204108e-05 3.45334931e-10
0.1894999        5.16600527e-07 -2.25822889e-03 5.04320466e-08 5.06779990e-07 -2.22661263e-03 5.01327146e-08 9.82053723e-09 -3.16162664e-05 2.99331962e-10
0.1905082        1.63648225e-08 -2.53369848e-03 3.45252626e-07 6.49993227e-09 -2.50226936e-03 3.44956914e-07 9.86489020e-09 -3.14291163e-05 2.95712498e-10
0.1915165        5.22132409e-08 -3.90044025e-03 1.18306177e-07 4.22319779e-08 -3.86840053e-03 1.18060941e-07 9.98126301e-09 -3.20397175e-05 2.45235720e-10
0.1925078        7.58164155e-07 -2.99079553e-03 4.16766915e-08 7.47589619e-07 -2.95879092e-03 4.14739500e-08 1.05745357e-08 -3.20046106e-05 2.02741565e-10
0.193499         1.03595275e-06 -2.01854200e-03 2.57822384e-08 1.02459678e-06 -1.98693079e-03 2.56064856e-08 1.13559777e-08 -3.16112135e-05 1.75752859e-10
0.1944903        1.03662655e-06 -3.28012093e-03 -2.24111027e-07 1.02458924e-06 -3.24791976e-03 -2.24199949e-07 1.20373092e-08 -3.22011751e-05 8.89221437e-11
0.1954815        -2.12701542e-07 -2.74641122e-03 -2.08496793e-08 -2.24533182e-07 -2.71411645e-03 -2.08519801e-08 1.18316409e-08 -3.22947649e-05 2.30083673e-12
0.1964551        2.04901979e-07 -1.83636914e-03 3.87089221e-09 1.92889400e-07 -1.80459642e-03 3.93101315e-09 1.20125796e-08 -3.17727225e-05 -6.01209387e-11
0.1974466        1.61981578e-06 -2.74773582e-03 1.40974119e-07 1.60643506e-06 -2.71587479e-03 1.41028228e-07 1.33807197e-08 -3.18610221e-05 -5.41092491e-11
0.1984382        -5.08070939e-08 -2.66138495e-03 -5.24956566e-08 -6.40725513e-08 -2.62941155e-03 -5.23718862e-08 1.32654575e-08 -3.19734014e-05 -1.23770326e-10
0.1994111        -2.00740313e-07 -3.22135461e-03 1.63634591e-08 -2.13859239e-07 -3.18917149e-03 1.65620170e-08 1.31189260e-08 -3.21831157e-05 -1.98557897e-10
0.2003839        3.65112622e-07 -2.72963163e-03 4.96066393e-08 3.51682581e-07 -2.69740116e-03 4.98577540e-08 1.34300406e-08 -3.22304610e-05 -2.51114681e-10
0.2013568        7.59982084e-07 -2.38184975e-03 3.98977327e-08 7.45951502e-07 -2.34961869e-03 4.02110765e-08 1.40305820e-08 -3.22310593e-05 -3.13343821e-10
0.2023297        7.84112076e-07 -1.19914968e-03 2.59060907e-07 7.69432062e-07 -1.16728510e-03 2.59371429e-07 1.46800136e-08 -3.18645762e-05 -3.10521950e-10
0.2033025        -2.70069259e-07 -2.97155818e-03 -4.61671400e-08 -2.84626114e-07 -2.93956338e-03 -4.57485455e-08 1.45568549e-08 -3.19948048e-05 -4.18594526e-10
0.2042754        6.66728369e-07 -4.74060178e-03 -3.00358157e-08 6.51584065e-07 -4.70803768e-03 -2.95556202e-08 1.51443045e-08 -3.25641062e-05 -4.80195454e-10
0.2052483        -7.31004260e-08 -1.78875800e-03 1.82423627e-07 -8.82781380e-08 -1.75651370e-03 1.82963048e-07 1.51777120e-08 -3.22442985e-05 -5.39421418e-10
0.2062211        2.41446641e-06 -2.01821497e-03 1.90312191e-07 2.39731262e-06 -1.98610861e-03 1.90856354e-07 1.71537971e-08 -3.21063594e-05 -5.44163987e-10
0.207194         -5.09848655e-07 -4.25712458e-03 6.15419312e-08 -5.26582479e-07 -4.22438518e-03 6.21499793e-08 1.67338237e-08 -3.27394035e-05 -6.08048169e-10
0.2081669        -1.60744130e-07 -3.00290628e-03 2.19421156e-07 -1.77499447e-07 -2.97023512e-03 2.20068867e-07 1.67553177e-08 -3.26711591e-05 -6.47711749e-10
0.2091397        -4.70635424e-07 -2.18189992e-03 5.23870866e-08 -4.87056803e-07 -2.14954407e-03 5.31346760e-08 1.64213788e-08 -3.23558412e-05 -7.47589485e-10
0.2101126        -1.53627932e-07 -2.05279154e-04 1.52982164e-07 -1.69942548e-07 -1.73379094e-04 1.53800675e-07 1.63146154e-08 -3.19000607e-05 -8.18511200e-10
0.2110854        -2.70340245e-07 -2.48206950e-03 5.06538683e-08 -2.86539864e-07 -2.45004871e-03 5.15598439e-08 1.61996188e-08 -3.20207810e-05 -9.05975666e-10
0.2120583        3.49857528e-07 -5.41717674e-03 -2.40358359e-09 3.33316359e-07 -5.38436903e-03 -1.42300244e-09 1.65411691e-08 -3.28077160e-05 -9.80581148e-10
0.2130068        -3.36084215e-07 -2.34886999e-03 -1.53995814e-07 -3.52274127e-07 -2.31641967e-03 -1.52896540e-07 1.61899122e-08 -3.24503180e-05 -1.09927403e-09
0.2139554        -9.58353010e-07 -2.03326833e-03 -6.00486799e-07 -9.73529003e-07 -2.00113758e-03 -5.99147808e-07 1.51759933e-08 -3.21307505e-05 -1.33899089e-09
0.2149296        4.25258160e-07 -2.32424506e-03 5.37991884e-07 4.09542883e-07 -2.29183797e-03 5.39306944e-07 1.57152766e-08 -3.24070818e-05 -1.31505944e-09
0.2158774        2.74946348e-07 -2.83874859e-03 1.79375584e-07 2.59009391e-07 -2.80624234e-03 1.80742108e-07 1.59369563e-08 -3.25062464e-05 -1.36652403e-09
0.2168253        2.04869364e-07 -3.22683103e-03 1.50803909e-07 1.88741444e-07 -3.19431423e-03 1.52233549e-07 1.61279197e-08 -3.25167950e-05 -1.42964009e-09
0.2177731        4.61009789e-06 -3.32621944e-03 8.19054306e-07 4.59031982e-06 -3.29347850e-03 8.20379450e-07 1.97780652e-08 -3.27409443e-05 -1.32514461e-09
0.218721         -8.14572860e-07 -2.91018233e-03 -4.34642563e-07 -8.33506337e-07 -2.87735235e-03 -4.33113443e-07 1.89334763e-08 -3.28299828e-05 -1.52911989e-09
0.2196688        -9.25437924e-07 -3.06740515e-04 -2.52758853e-07 -9.43593607e-07 -2.74516479e-04 -2.51062581e-07 1.81556836e-08 -3.22240357e-05 -1.69627149e-09
0.2206167        2.59672089e-07 -3.95363238e-03 1.98093276e-07 2.41287083e-07 -3.92104580e-03 1.99833444e-07 1.83850060e-08 -3.25865813e-05 -1.74016842e-09
0.2215645        8.71762326e-07 -5.37048028e-03 -6.20905856e-08 8.52765114e-07 -5.33720266e-03 -6.02554589e-08 1.89972119e-08 -3.32776185e-05 -1.83512667e-09
0.2225124        5.02174063e-07 -1.30308934e-03 -3.52389689e-08 4.82943113e-07 -1.27026881e-03 -3.32916620e-08 1.92309496e-08 -3.28205307e-05 -1.94730689e-09
0.2234602        3.71923443e-08 -1.69176600e-03 -2.14014859e-07 1.80538183e-08 -1.65921657e-03 -2.11911236e-07 1.91385260e-08 -3.25494236e-05 -2.10362237e-09
0.2244081        -1.42677218e-07 -1.73211938e-03 7.78911367e-08 -1.61646582e-07 -1.69973639e-03 8.00893385e-08 1.89693639e-08 -3.23829839e-05 -2.19820182e-09
0.2253559        1.12572084e-06 -2.80622048e-03 -9.43601646e-09 1.10592275e-06 -2.77373052e-03 -7.14179472e-09 1.97980857e-08 -3.24899533e-05 -2.29422175e-09
0.2263038        5.19567935e-07 -3.04445408e-03 -2.45134676e-07 4.99431971e-07 -3.01175525e-03 -2.42689963e-07 2.01359648e-08 -3.26988344e-05 -2.44471229e-09
0.2272516        1.34311224e-06 -3.26545641e-03 6.81601271e-08 1.32205994e-06 -3.23270569e-03 7.06701512e-08 2.10523086e-08 -3.27507249e-05 -2.51002411e-09
0.2281995        8.69503958e-07 -3.30761503e-03 -6.78691059e-08 8.47930262e-07 -3.27475637e-03 -6.52504142e-08 2.15736959e-08 -3.28586569e-05 -2.61869168e-09
0.2291473        6.19181933e-07 -2.77269062e-03 -5.88076388e-08 5.97230478e-07 -2.73966132e-03 -5.60676926e-08 2.19514547e-08 -3.30292927e-05 -2.73994616e-09
0.2300952        -3.16085692e-08 -2.49251501e-03 7.21576539e-08 -5.34503466e-08 -2.45965767e-03 7.49780068e-08 2.18417774e-08 -3.28573404e-05 -2.82035292e-09
0.231043         4.50367677e-07 -2.33595846e-03 -1.44963681e-07 4.28292965e-07 -2.30333071e-03 -1.41984937e-07 2.20747129e-08 -3.26277477e-05 -2.97874317e-09
0.2319909        6.01054365e-07 -2.85614202e-03 -1.72819211e-07 5.78625840e-07 -2.82337176e-03 -1.69684731e-07 2.24285256e-08 -3.27702670e-05 -3.13447961e-09
0.2329387        -1.43852324e-07 -3.14596879e-03 1.55072664e-07 -1.66192655e-07 -3.11302521e-03 1.58297449e-07 2.23403308e-08 -3.29435765e-05 -3.22478544e-09
0.2338866        -4.44748698e-07 -3.19691767e-03 2.68579444e-07 -4.66834542e-07 -3.16370661e-03 2.71885648e-07 2.20858445e-08 -3.32110601e-05 -3.30620396e-09
0.2348344        -5.70940954e-07 -3.39354803e-03 2.79603899e-07 -5.92682897e-07 -3.36023964e-03 2.82997795e-07 2.17419424e-08 -3.33083834e-05 -3.39389608e-09
0.2357823        1.00463701e-07 -3.48484855e-03 6.34018181e-09 7.86700612e-08 -3.45148264e-03 9.87478165e-09 2.17936402e-08 -3.33659090e-05 -3.53459984e-09
0.2367301        -8.85894504e-07 -2.15596465e-03 -2.00580924e-07 -9.06884889e-07 -2.12274683e-03 -1.96883963e-07 2.09903852e-08 -3.32178228e-05 -3.69696114e-09
0.237678         1.21192910e-07 -2.05888025e-03 1.99754792e-07 1.00110312e-07 -2.02581719e-03 2.03562331e-07 2.10825980e-08 -3.30630661e-05 -3.80753806e-09
0.2386258        1.51861173e-07 -1.37086276e-03 -2.70173743e-07 1.30719070e-07 -1.33807486e-03 -2.66168319e-07 2.11421027e-08 -3.27879023e-05 -4.00542403e-09
0.2395737        4.05805868e-07 -3.61383669e-03 -5.34251047e-07 3.84394795e-07 -3.58083637e-03 -5.29992567e-07 2.14110725e-08 -3.30003180e-05 -4.25847951e-09
0.2405215        -7.61894017e-07 -3.69124425e-03 -2.11282628e-07 -7.82749241e-07 -3.65801680e-03 -2.06893689e-07 2.08552244e-08 -3.32274510e-05 -4.38893978e-09
0.2414694        2.10828544e-06 -2.60535134e-03 1.79842002e-07 2.08559924e-06 -2.57204197e-03 1.84363662e-07 2.26861982e-08 -3.33093747e-05 -4.52165995e-09
0.2424172        9.69943898e-07 -3.53041703e-03 4.69971392e-07 9.46381539e-07 -3.49691102e-03 4.74498022e-07 2.35623596e-08 -3.35060131e-05 -4.52663041e-09
0.2433651        -4.95017826e-07 -4.11520152e-03 -6.00724256e-07 -5.18037761e-07 -4.08144770e-03 -5.96004816e-07 2.30199346e-08 -3.37538215e-05 -4.71943920e-09
0.2443129        7.45776646e-07 -1.71638977e-03 2.18426491e-08 7.22210547e-07 -1.68292236e-03 2.66512880e-08 2.35660998e-08 -3.34674155e-05 -4.80863890e-09
0.2452608        3.21063709e-06 -1.69522496e-03 1.60564013e-07 3.18454292e-06 -1.66199201e-03 1.65463674e-07 2.60941742e-08 -3.32329457e-05 -4.89966095e-09
0.2462086        1.02877487e-06 -1.62502966e-03 -2.67312589e-07 1.00202853e-06 -1.59195445e-03 -2.62274430e-07 2.67463364e-08 -3.30752088e-05 -5.03815868e-09
0.2471565        3.00790274e-07 -3.81295945e-03 -4.97980786e-07 2.73954887e-07 -3.77953446e-03 -4.92769561e-07 2.68353867e-08 -3.34249986e-05 -5.21122511e-09
0.2481043        7.79262482e-07 -4.99605246e-03 -1.18966560e-07 7.51906915e-07 -4.96201919e-03 -1.13646754e-07 2.73555675e-08 -3.40332700e-05 -5.31980636e-09
0.2490522        -1.71031575e-07 -8.67390181e-04 -1.97719310e-07 -1.97964301e-07 -8.34119163e-04 -1.92280451e-07 2.69327266e-08 -3.32710177e-05 -5.43885888e-09
0.25             9.11716328e-07 -1.85124661e-03 1.63646298e-07 8.84217448e-07 -1.81819259e-03 1.69163834e-07 2.74988800e-08 -3.30540220e-05 -5.51753602e-09
0.250947         7.57651943e-07 -3.99029048e-03 -8.08634977e-08 7.29698759e-07 -3.95634224e-03 -7.52361180e-08 2.79531834e-08 -3.39482397e-05 -5.62737972e-09
0.2518796        8.11237766e-07 -3.26594305e-03 7.17463002e-08 7.82808148e-07 -3.23198980e-03 7.74914044e-08 2.84296178e-08 -3.39532547e-05 -5.74510422e-09
0.2528122        4.42519904e-07 -3.39795815e-03 -2.39279971e-07 4.14045220e-07 -3.36424899e-03 -2.33400884e-07 2.84746847e-08 -3.37091584e-05 -5.87908626e-09
0.2537448        4.52848090e-07 -9.66073072e-04 -5.73382681e-08 4.24291001e-07 -9.32559974e-04 -5.13201300e-08 2.85570884e-08 -3.35130980e-05 -6.01813813e-09
0.2546775        -4.66329600e-07 -2.08195217e-03 -5.59181463e-07 -4.94214965e-07 -2.04844897e-03 -5.52940392e-07 2.78853641e-08 -3.35032035e-05 -6.24107118e-09
0.2556101        8.30428263e-07 -5.22980095e-03 1.28910047e-07 8.02009886e-07 -5.19595433e-03 1.35260382e-07 2.84183766e-08 -3.38466173e-05 -6.35033509e-09
0.2565427        1.39383876e-06 -3.23201521e-03 -4.86903428e-07 1.36463710e-06 -3.19795100e-03 -4.80303779e-07 2.92016595e-08 -3.40642062e-05 -6.59964831e-09
0.2574753        3.01913341e-07 -2.12112612e-03 -3.75440584e-09 2.72631303e-07 -2.08681686e-03 2.95992601e-09 2.92820382e-08 -3.43092575e-05 -6.71433184e-09
0.2584079        3.54553122e-07 -2.55037274e-03 -2.18542236e-07 3.25171980e-07 -2.51644972e-03 -2.11674094e-07 2.93811411e-08 -3.39230198e-05 -6.86814165e-09
0.2593406        -1.30384961e-06 -2.94058710e-03 6.11643674e-08 -1.33211826e-06 -2.90681045e-03 6.80673363e-08 2.82686490e-08 -3.37766547e-05 -6.90296894e-09
0.2602732        -4.56913399e-06 -2.92897438e-03 2.41745540e-06 -4.59445932e-06 -2.89462929e-03 2.42393247e-06 2.53253340e-08 -3.43450959e-05 -6.47707806e-09
0.2612058        2.95196726e-06 -3.20792304e-03 -2.58707874e-06 2.92500247e-06 -3.17363596e-03 -2.58003139e-06 2.69647886e-08 -3.42870800e-05 -7.04734922e-09
0.2621384        -3.39014032e-07 -2.67670050e-03 -1.24660898e-07 -3.65578546e-07 -2.64281958e-03 -1.17559387e-07 2.65645136e-08 -3.38809190e-05 -7.10151075e-09
0.2630711        -9.40325526e-07 -3.10000238e-03 -2.54378964e-07 -9.66040956e-07 -3.06571463e-03 -2.47250145e-07 2.57154304e-08 -3.42877463e-05 -7.12881932e-09
0.2640037        1.96351642e-07 -3.07118846e-03 -3.10864934e-07 1.70653346e-07 -3.03664417e-03 -3.03646891e-07 2.56982966e-08 -3.45442871e-05 -7.21804286e-09
0.2649363        7.17867833e-07 -3.45193225e-03 -7.72192676e-08 6.91711927e-07 -3.41757686e-03 -6.99221924e-08 2.61559063e-08 -3.43553951e-05 -7.29707520e-09
0.2658689        8.14458030e-07 -2.56295722e-03 -1.04606869e-07 7.87826766e-07 -2.52874066e-03 -9.72294657e-08 2.66312635e-08 -3.42165628e-05 -7.37740348e-09
0.2668015        2.00964260e-06 -1.45549543e-03 -4.84677270e-07 1.98170405e-06 -1.42149994e-03 -4.77082295e-07 2.79385584e-08 -3.39954966e-05 -7.59497560e-09
0.2677536        4.97987987e-07 -3.06408077e-03 -3.33886419e-07 4.69816939e-07 -3.02972893e-03 -3.26211052e-07 2.81710486e-08 -3.43518404e-05 -7.67536724e-09
0.2686858        -5.04064529e-07 -3.54758686e-03 -1.04802444e-07 -5.31763827e-07 -3.51290878e-03 -9.71460067e-08 2.76992976e-08 -3.46780827e-05 -7.65643711e-09
0.269618         -1.82041670e-07 -3.45665838e-03 -6.05698471e-07 -2.09250509e-07 -3.42185335e-03 -5.97945949e-07 2.72088392e-08 -3.48050267e-05 -7.75252190e-09
0.2705502        2.22837660e-06 -3.01779789e-03 3.61337966e-08 2.19969349e-06 -2.98302787e-03 4.39846651e-08 2.86831127e-08 -3.47700246e-05 -7.85086853e-09
0.2714825        -2.17210750e-07 -2.33995646e-03 -1.70287287e-07 -2.45372426e-07 -2.30540095e-03 -1.62413739e-07 2.81616764e-08 -3.45555098e-05 -7.87354800e-09
0.2724147        1.51345518e-06 -2.95705985e-03 -4.07078010e-07 1.48442418e-06 -2.92227898e-03 -3.99045230e-07 2.90310011e-08 -3.47808643e-05 -8.03278002e-09
0.2733469        4.82295956e-07 -2.88618758e-03 -4.92119677e-07 4.53222163e-07 -2.85124841e-03 -4.83982722e-07 2.90737932e-08 -3.49391648e-05 -8.13695433e-09
0.2742791        5.14997767e-06 -2.54868386e-03 -8.56879984e-07 5.11717622e-06 -2.51388319e-03 -8.48191292e-07 3.28014529e-08 -3.48006754e-05 -8.68869220e-09
0.2752113        -3.30054552e-06 -2.72074121e-03 2.52661152e-07 -3.33048799e-06 -2.68605849e-03 2.60993796e-07 2.99424711e-08 -3.46827224e-05 -8.33264371e-09
0.2761674        -3.43724297e-07 -2.20654932e-03 -1.51250739e-07 -3.73079621e-07 -2.17205335e-03 -1.42966542e-07 2.93553240e-08 -3.44959631e-05 -8.28419656e-09
0.2771236        -5.50602403e-07 -3.22927650e-03 -1.39079671e-07 -5.79273349e-07 -3.19452338e-03 -1.30865426e-07 2.86709458e-08 -3.47531219e-05 -8.21424504e-09
0.2780797        -1.54980853e-07 -3.24687064e-03 -4.26120517e-08 -1.83372976e-07 -3.21186271e-03 -3.44372135e-08 2.83921226e-08 -3.50079271e-05 -8.17483826e-09
0.2790358        1.19356567e-06 -3.47754687e-03 -2.57008022e-07 1.16437421e-06 -3.44216212e-03 -2.48737940e-07 2.91914558e-08 -3.53847476e-05 -8.27008195e-09
0.2799654        -2.55657420e-07 -3.50800827e-03 -3.44863613e-07 -2.84347517e-07 -3.47262191e-03 -3.36634411e-07 2.86900972e-08 -3.53863605e-05 -8.22920179e-09
0.2808949        1.49961755e-06 -3.01956921e-03 -2.01771293e-07 1.47001841e-06 -2.98439067e-03 -1.93458737e-07 2.95991431e-08 -3.51785383e-05 -8.31255675e-09
0.2818527        -1.19412344e-06 -1.70928248e-03 -2.76457522e-07 -1.22235523e-06 -1.67426852e-03 -2.68240157e-07 2.82317843e-08 -3.50139677e-05 -8.21736546e-09
0.2828104        7.13426780e-07 -2.20695061e-03 -1.30087244e-07 6.84888738e-07 -2.17195658e-03 -1.21856349e-07 2.85380426e-08 -3.49940247e-05 -8.23089519e-09
0.2837681        -7.34655591e-07 -4.75564022e-03 1.03758840e-07 -7.62333000e-07 -4.72015798e-03 1.11829866e-07 2.76774082e-08 -3.54822379e-05 -8.07102622e-09
0.2847258        8.82968508e-07 -2.34423834e-03 -1.56859127e-07 8.54982878e-07 -2.30884536e-03 -1.48735057e-07 2.79856299e-08 -3.53929787e-05 -8.12407097e-09
0.2856836        -6.49023483e-07 -1.75174524e-03 4.09700712e-10 -6.76327001e-07 -1.71651628e-03 8.43539437e-09 2.73035187e-08 -3.52289626e-05 -8.02569365e-09
0.2866413        1.00987299e-06 -2.79588321e-03 -3.60881432e-07 9.82081572e-07 -2.76069245e-03 -3.52780716e-07 2.77914192e-08 -3.51907573e-05 -8.10071601e-09
0.287599         1.61940004e-06 -3.03412909e-03 -3.17932619e-07 1.59063162e-06 -2.99886946e-03 -3.09700327e-07 2.87684214e-08 -3.52596360e-05 -8.23229210e-09
0.2885568        5.89636034e-08 -3.88350554e-03 -1.37473404e-07 3.05199714e-08 -3.84794164e-03 -1.29249973e-07 2.84436320e-08 -3.55639023e-05 -8.22343109e-09
0.2895145        -2.98425308e-06 -3.89412075e-03 6.22524389e-07 -3.00988999e-06 -3.85836437e-03 6.30288856e-07 2.56369137e-08 -3.57563804e-05 -7.76446767e-09
0.2904722        3.16875335e-06 -3.07069678e-03 -9.31382445e-07 3.14098970e-06 -3.03490987e-03 -9.23137591e-07 2.77636477e-08 -3.57869056e-05 -8.24485391e-09
0.29143          5.66252453e-07 3.35199328e-04 -2.11090795e-07 5.38403918e-07 3.70324820e-04 -2.02785667e-07 2.78485351e-08 -3.51254913e-05 -8.30512760e-09
0.2923877        3.35922545e-07 -2.57087526e-03 -1.06570156e-07 3.08090746e-07 -2.53559833e-03 -9.82635424e-08 2.78317991e-08 -3.52769313e-05 -8.30661321e-09
0.2933454        1.79635411e-06 -5.65513471e-03 -3.91989757e-07 1.76729467e-06 -5.61905002e-03 -3.83447713e-07 2.90594432e-08 -3.60846911e-05 -8.54204427e-09
0.2943031        7.06475655e-07 -1.35349040e-03 -2.93183049e-07 6.77221496e-07 -1.31798854e-03 -2.84540654e-07 2.92541594e-08 -3.55018623e-05 -8.64239509e-09
0.2952609        -6.42470723e-08 -1.31152852e-03 -2.08272187e-07 -9.31654820e-08 -1.27643607e-03 -1.99609803e-07 2.89184097e-08 -3.50924497e-05 -8.66238410e-09
0.2962186        -3.88290616e-07 -5.11985747e-03 -5.86413839e-08 -4.16788527e-07 -5.08418967e-03 -5.00793284e-08 2.84979103e-08 -3.56677969e-05 -8.56205549e-09
0.2971763        1.14954293e-06 -3.30893583e-03 -7.15419747e-07 1.12054066e-06 -3.27302343e-03 -7.06645717e-07 2.90022782e-08 -3.59124016e-05 -8.77403002e-09
0.2981341        4.64654802e-07 -3.39890942e-03 -5.26012626e-08 4.35418492e-07 -3.36272016e-03 -4.37582451e-08 2.92363100e-08 -3.61892648e-05 -8.84301748e-09
0.2990918        4.25652171e-07 -9.01230906e-04 -2.80627780e-07 3.96370031e-07 -8.65673060e-04 -2.71695562e-07 2.92821398e-08 -3.55578453e-05 -8.93221840e-09
0.3000495        -1.09842499e-07 -2.33912589e-03 2.37831528e-08 -1.38871652e-07 -2.30367095e-03 3.26906895e-08 2.90291527e-08 -3.54549360e-05 -8.90753674e-09
0.3010072        1.49170043e-07 -5.82379877e-03 1.01699244e-08 1.20199423e-07 -5.78745908e-03 1.90760894e-08 2.89706199e-08 -3.63396904e-05 -8.90616495e-09
0.301965         7.75277773e-07 -1.96527590e-03 5.75127809e-08 7.45975855e-07 -1.92931664e-03 6.64578595e-08 2.93019182e-08 -3.59592570e-05 -8.94507869e-09
0.3029227        -3.22760574e-07 -9.88914142e-04 -6.74877279e-08 -3.51448619e-07 -9.53477497e-04 -5.85830303e-08 2.86880452e-08 -3.54366450e-05 -8.90469760e-09
0.3038804        -1.51292371e-06 -2.68831697e-03 1.02549996e-06 -1.54033670e-06 -2.65254756e-03 1.03404712e-06 2.74129932e-08 -3.57694073e-05 -8.54716344e-09
0.3048382        8.74446819e-08 -3.57786154e-03 -8.28922791e-07 6.02770190e-08 -3.54185241e-03 -8.20268213e-07 2.71676629e-08 -3.60091279e-05 -8.65457777e-09
0.3057959        4.30029812e-07 -4.50862707e-03 -2.09060306e-08 4.02817808e-07 -4.47238360e-03 -1.22550245e-08 2.72120043e-08 -3.62434732e-05 -8.65100609e-09
0.3067536        -1.42563937e-06 -8.49249070e-04 2.20953154e-07 -1.45153452e-06 -8.13550292e-04 2.29398929e-07 2.58951454e-08 -3.56987781e-05 -8.44577494e-09
0.3077114        -8.89087403e-08 -9.27759996e-04 -1.54585712e-07 -1.14513436e-07 -8.92443207e-04 -1.46154689e-07 2.56046962e-08 -3.53167898e-05 -8.43102267e-09
0.3086691        -1.01482760e-06 -4.24487477e-03 2.78262177e-07 -1.03956408e-06 -4.20908175e-03 2.86501784e-07 2.47364750e-08 -3.57930204e-05 -8.23960722e-09
0.3096268        6.55408363e-07 -3.86476347e-03 -3.84349867e-07 6.30466589e-07 -3.82875306e-03 -3.76025282e-07 2.49417740e-08 -3.60104113e-05 -8.32458446e-09
0.3105845        2.88182870e-08 -2.87649275e-03 -9.75805249e-08 4.05457475e-09 -2.84041195e-03 -8.92695281e-08 2.47637122e-08 -3.60808000e-05 -8.31099683e-09
0.3115423        2.28939171e-06 -2.52756625e-03 -8.13505962e-07 2.26301921e-06 -2.49160016e-03 -8.04740136e-07 2.63725000e-08 -3.59660879e-05 -8.76582529e-09
0.3125           -2.42054951e-07 -2.94649329e-03 -7.53481976e-08 -2.68062435e-07 -2.91059219e-03 -6.66055999e-08 2.60074836e-08 -3.59011021e-05 -8.74259772e-09
0.3134615        1.05621874e-06 -1.44428568e-03 -1.26094797e-08 1.02958748e-06 -1.40868506e-03 -3.72000682e-09 2.66312615e-08 -3.56006170e-05 -8.88947284e-09
0.3144383        2.12477755e-06 -2.44036776e-03 -9.52173043e-07 2.09677871e-06 -2.40484936e-03 -9.42820912e-07 2.79988361e-08 -3.55183997e-05 -9.35213193e-09
0.3154151        7.88964013e-07 -2.75264776e-03 -4.00554759e-07 7.60508349e-07 -2.71716570e-03 -3.91018126e-07 2.84556636e-08 -3.54820674e-05 -9.53663358e-09
0.3163919        2.10819070e-07 -3.04574274e-03 -2.08128320e-07 1.82377109e-07 -3.00990596e-03 -1.98514093e-07 2.84419611e-08 -3.58367805e-05 -9.61422753e-09
0.3173687        -1.93230435e-08 -2.54580564e-03 2.25843228e-07 -4.75864871e-08 -2.50997291e-03 2.35409055e-07 2.82634436e-08 -3.58327314e-05 -9.56582765e-09
0.3183455        -1.48105085e-06 -3.03361601e-03 1.73369301e-07 -1.50803772e-06 -2.99803210e-03 1.82709073e-07 2.69868702e-08 -3.55839095e-05 -9.33977199e-09
0.3193223        -1.56236363e-06 -3.76201314e-03 4.28209708e-07 -1.58797156e-06 -3.72617941e-03 4.37217267e-07 2.56079234e-08 -3.58337258e-05 -9.00755825e-09
0.3202991        -5.71178067e-07 -2.84132430e-03 -1.18358801e-07 -5.96111141e-07 -2.80537615e-03 -1.09415964e-07 2.49330733e-08 -3.59481412e-05 -8.94283686e-09
0.3212759        4.94511739e-07 -1.38276448e-03 -4.11174180e-08 4.69405425e-07 -1.34700216e-03 -3.20905604e-08 2.51063138e-08 -3.57623195e-05 -9.02685762e-09
0.3222527        -5.63554787e-07 -1.97423852e-03 1.09034647e-09 -5.88013606e-07 -1.93871465e-03 1.00247824e-08 2.44588190e-08 -3.55238649e-05 -8.93443597e-09
0.323248         4.26792569e-07 -2.46562271e-03 -7.21961448e-08 4.02119655e-07 -2.43033517e-03 -6.31973550e-08 2.46729132e-08 -3.52875428e-05 -8.99878980e-09
0.3242432        -6.67017231e-07 -3.62653572e-03 -1.91558160e-07 -6.91005454e-07 -3.59069181e-03 -1.82616751e-07 2.39882233e-08 -3.58439057e-05 -8.94140897e-09
0.3252384        -4.28377359e-07 -2.58340023e-03 1.01931702e-07 -4.51846686e-07 -2.54754099e-03 1.10809489e-07 2.34693273e-08 -3.58592353e-05 -8.87778698e-09
0.3262337        3.17186676e-06 -1.43367652e-03 -6.88840912e-07 3.14593293e-06 -1.39819111e-03 -6.79359404e-07 2.59338260e-08 -3.54854148e-05 -9.48150815e-09
0.3272289        1.92130383e-07 -4.09236095e-03 -1.46607621e-07 1.66131084e-07 -4.05662776e-03 -1.37118326e-07 2.59992992e-08 -3.57331892e-05 -9.48929484e-09
0.3282241        2.10447622e-06 -2.64822531e-03 -8.11445245e-07 2.07679273e-06 -2.61259354e-03 -8.01518053e-07 2.76834858e-08 -3.56317737e-05 -9.92719215e-09
0.3292194        -7.97764687e-07 2.91634743e-04 -2.58052652e-07 -8.24662385e-07 3.26604637e-04 -2.48220789e-07 2.68976976e-08 -3.49698943e-05 -9.83186341e-09
0.3302146        3.30200638e-07 -3.43543272e-03 -1.88471579e-07 3.03025127e-07 -3.40029240e-03 -1.78513111e-07 2.71755108e-08 -3.51403231e-05 -9.95846757e-09
0.3312098        -6.43632028e-07 -3.43297413e-03 -1.36612772e-07 -6.70367404e-07 -3.39764532e-03 -1.26716419e-07 2.67353758e-08 -3.53288096e-05 -9.89635284e-09
0.3322051        -2.14477409e-07 -2.29462391e-03 1.19545205e-07 -2.41141337e-07 -2.25904195e-03 1.29401327e-07 2.66639278e-08 -3.55819588e-05 -9.85612240e-09
0.3332003        7.50932220e-07 -2.83526900e-03 -2.99541282e-07 7.23471532e-07 -2.79976891e-03 -2.89486907e-07 2.74606878e-08 -3.55000867e-05 -1.00543752e-08
0.3341955        1.25523798e-07 -2.60812051e-03 -1.78258204e-07 9.76971102e-08 -2.57286628e-03 -1.68123381e-07 2.78266874e-08 -3.52542359e-05 -1.01348239e-08
0.3351908        -1.27607017e-06 -1.95236524e-03 -7.83602406e-08 -1.30305078e-06 -1.91732230e-03 -6.84312861e-08 2.69806020e-08 -3.50429365e-05 -9.92895454e-09
0.336186         1.01389872e-06 -1.96679157e-03 -2.66846983e-07 9.85854039e-07 -1.93188460e-03 -2.56617504e-07 2.80446828e-08 -3.49069686e-05 -1.02294794e-08
0.3371812        -1.22386346e-06 -2.14337737e-03 -1.13828104e-07 -1.25111460e-06 -2.10857368e-03 -1.03749955e-07 2.72511406e-08 -3.48036864e-05 -1.00781488e-08
0.3381764        8.24913155e-07 -2.38384775e-03 -4.79825280e-07 7.96882022e-07 -2.34879279e-03 -4.69461952e-07 2.80311323e-08 -3.50549615e-05 -1.03633277e-08
0.3391717        -1.98938359e-07 -3.26868248e-03 -7.02903708e-08 -2.26879701e-07 -3.23339157e-03 -5.99185018e-08 2.79413419e-08 -3.52909071e-05 -1.03718691e-08
0.3401669        2.47604151e-07 -4.30014261e-03 -1.48725907e-07 2.19230382e-07 -4.26461952e-03 -1.38219501e-07 2.83737690e-08 -3.55230844e-05 -1.05064054e-08
0.3411621        1.12424119e-06 -7.91246538e-04 -9.14118488e-07 1.09497685e-06 -7.56350842e-04 -9.03222486e-07 2.92643446e-08 -3.48956964e-05 -1.08960015e-08
0.3421574        -1.39503058e-07 -6.48286075e-04 4.12620022e-07 -1.69017679e-07 -6.13891442e-04 4.23563868e-07 2.95146207e-08 -3.43946326e-05 -1.09438464e-08
0.3431837        -1.39082552e-06 -3.84252152e-03 -1.36313264e-07 -1.41936562e-06 -3.80779622e-03 -1.25601544e-07 2.85401051e-08 -3.47253028e-05 -1.07117199e-08
0.344178         5.20197817e-07 -1.60374284e-03 -1.25700630e-07 4.91145469e-07 -1.56913811e-03 -1.14812604e-07 2.90523477e-08 -3.46047251e-05 -1.08880269e-08
0.3451722        -6.27065563e-07 -1.88900104e-03 -4.70334647e-07 -6.55565257e-07 -1.85445650e-03 -4.59479339e-07 2.84996943e-08 -3.45445381e-05 -1.08553082e-08
0.3461665        5.98132899e-07 -3.75489622e-03 8.89666860e-08 5.69030688e-07 -3.72017931e-03 9.99122137e-08 2.91022110e-08 -3.47169064e-05 -1.09455277e-08
0.3471607        1.83495345e-06 -2.01394505e-03 -5.50904278e-07 1.80431607e-06 -1.97931550e-03 -5.39509453e-07 3.06373810e-08 -3.46295517e-05 -1.13948258e-08
0.348155         -7.59698960e-08 -9.07820381e-04 -9.20849699e-08 -1.06530802e-07 -8.73369766e-04 -8.06543909e-08 3.05609062e-08 -3.44506148e-05 -1.14305790e-08
0.3491875        1.31135039e-06 -3.83374777e-03 -1.12886227e-07 1.27957944e-06 -3.79905052e-03 -1.01141299e-07 3.17709584e-08 -3.46972461e-05 -1.17449281e-08
0.3501803        -5.50393768e-07 -2.24311909e-03 -1.01746505e-07 -5.81709904e-07 -2.20862183e-03 -9.00966479e-08 3.13161368e-08 -3.44972618e-05 -1.16498568e-08
0.3512144        1.27965056e-07 1.38437516e-04 -2.24693086e-07 9.65953666e-08 1.72208423e-04 -2.12956591e-07 3.13696895e-08 -3.37709070e-05 -1.17364955e-08
0.3522486        -8.09273296e-08 -4.36146206e-03 -3.60306029e-07 -1.12159628e-07 -4.32698695e-03 -3.48457015e-07 3.12322985e-08 -3.44751183e-05 -1.18490137e-08
0.3532828        -4.95913335e-07 -2.85679862e-03 -7.48969672e-08 -5.26689666e-07 -2.82226398e-03 -6.31147240e-08 3.07763306e-08 -3.45346379e-05 -1.17822432e-08
0.3543169        7.22151907e-07 -6.56153744e-05 -3.13209397e-07 6.90716610e-07 -3.20594377e-05 -3.01173852e-07 3.14352969e-08 -3.35559367e-05 -1.20355450e-08
0.3553511        -1.74077072e-06 -3.25699325e-03 1.16218438e-06 -1.77086199e-06 -3.22308420e-03 1.17375120e-06 3.00912637e-08 -3.39090517e-05 -1.15668126e-08
0.3563852        1.12970515e-06 -2.63041390e-03 -1.15626616e-06 1.09885955e-06 -2.59638084e-03 -1.14422292e-06 3.08456076e-08 -3.40330653e-05 -1.20432398e-08
0.3574194        -6.43338557e-07 -9.19434457e-04 2.98636521e-07 -6.73708051e-07 -8.85790511e-04 3.10587652e-07 3.03694944e-08 -3.36439461e-05 -1.19511312e-08
0.3584535        -9.09810407e-08 -2.87413126e-03 -5.00472103e-07 -1.21223233e-07 -2.84019164e-03 -4.88346164e-07 3.02421926e-08 -3.39396192e-05 -1.21259385e-08
0.3594877        -1.14970225e-06 -2.66262058e-03 5.84852954e-07 -1.17899828e-06 -2.62856432e-03 5.96697589e-07 2.92960327e-08 -3.40562630e-05 -1.18446353e-08
0.3605218        -1.32919912e-06 -8.56051845e-04 2.98191499e-07 -1.35740234e-06 -8.22387594e-04 3.09755774e-07 2.82032226e-08 -3.36642514e-05 -1.15642749e-08
0.361556         1.23368495e-07 -3.17720586e-03 4.51699729e-07 9.50567507e-08 -3.14336331e-03 4.63257405e-07 2.83117447e-08 -3.38425513e-05 -1.15576763e-08
0.3625901        1.38429550e-07 -2.54393663e-03 -1.25401312e-08 1.09969015e-07 -2.51019167e-03 -8.64213520e-10 2.84605353e-08 -3.37449584e-05 -1.16759177e-08
0.3636243        5.97493662e-08 1.36198802e-03 -2.92368527e-07 3.12192172e-08 1.39478475e-03 -2.80497294e-07 2.85301490e-08 -3.27967291e-05 -1.18712332e-08
0.3646585        6.55250462e-07 -3.90450609e-03 -2.91865176e-07 6.26100659e-07 -3.87098613e-03 -2.79609172e-07 2.91498031e-08 -3.35199600e-05 -1.22560036e-08
0.3656926        1.48810806e-06 -3.63490222e-03 -2.65181699e-07 1.45762850e-06 -3.60104964e-03 -2.52345723e-07 3.04795588e-08 -3.38525827e-05 -1.28359754e-08
0.3667268        -2.67547709e-06 7.88448402e-04 1.64891997e-06 -2.70404091e-06 8.21148010e-04 1.66099818e-06 2.85638125e-08 -3.26996088e-05 -1.20782143e-08
0.3677609        1.72329896e-06 -2.21432366e-03 -1.13857958e-06 1.69339289e-06 -2.18141377e-03 -1.12577330e-06 2.99060743e-08 -3.29098947e-05 -1.28062835e-08
0.3687951        5.25700531e-07 -3.39883280e-03 -1.34607863e-07 4.95334841e-07 -3.36558029e-03 -1.21456117e-07 3.03656902e-08 -3.32525091e-05 -1.31517462e-08
0.3698292        -2.13205679e-06 -2.63751893e-03 5.32056002e-07 -2.16060150e-06 -2.60411332e-03 5.44687927e-07 2.85447096e-08 -3.34056135e-05 -1.26319249e-08
0.3708634        -2.27518698e-07 -1.73672819e-03 5.07011442e-09 -2.55948441e-07 -1.70358491e-03 1.77602610e-08 2.84297430e-08 -3.31432780e-05 -1.26901466e-08
0.3718975        3.33605361e-07 -1.45135909e-03 -1.68255720e-07 3.04783193e-07 -1.41851785e-03 -1.55300990e-07 2.88221681e-08 -3.28412468e-05 -1.29547297e-08
0.3729317        2.42429325e-07 -9.94956277e-04 -3.50209459e-07 2.13353204e-07 -9.62373203e-04 -3.36982648e-07 2.90761206e-08 -3.25830732e-05 -1.32268101e-08
0.3739658        2.12976981e-06 -1.08804435e-03 -1.26501484e-06 2.09883119e-06 -1.05559104e-03 -1.25081660e-06 3.09386181e-08 -3.24533143e-05 -1.41982402e-08
0.375            -1.32062559e-06 -1.89499125e-03 4.91199691e-07 -1.35053575e-06 -1.86251156e-03 5.05083821e-07 2.99101623e-08 -3.24796815e-05 -1.38841304e-08
0.3760593        2.29027446e-07 -4.37292634e-03 5.77749943e-07 1.98697463e-07 -4.33993836e-03 5.91740235e-07 3.03299828e-08 -3.29879789e-05 -1.39902923e-08
0.3771186        8.29345456e-08 -6.25933854e-04 -6.91085097e-07 5.26885795e-08 -5.93402448e-04 -6.76862618e-07 3.02459661e-08 -3.25314063e-05 -1.42224792e-08
0.378178         -1.41139156e-06 -3.73555753e-04 7.05987870e-07 -1.44060736e-06 -3.41458647e-04 7.19894018e-07 2.92157984e-08 -3.20971057e-05 -1.39061477e-08
0.3792565        -4.09529218e-07 -2.64816510e-03 3.74848309e-08 -4.38477975e-07 -2.61601783e-03 5.14543316e-08 2.89487566e-08 -3.21472681e-05 -1.39695007e-08
0.3803351        -1.06400941e-06 -1.51111944e-03 3.85850718e-07 -1.09212292e-06 -1.47910261e-03 3.99627682e-07 2.81135139e-08 -3.20168355e-05 -1.37769639e-08
0.3814137        -3.66239609e-07 -1.51258473e-03 1.67200555e-07 -3.94053078e-07 -1.48058388e-03 1.81022174e-07 2.78134691e-08 -3.20008571e-05 -1.38216194e-08
0.3824923        4.84672839e-07 -2.78867504e-03 -8.11408814e-07 4.56441484e-07 -2.75636056e-03 -7.97068869e-07 2.82313558e-08 -3.23144819e-05 -1.43399450e-08
0.3835709        -6.92381502e-07 -7.05426271e-04 2.74784809e-08 -7.20179921e-07 -6.73626317e-04 4.17941227e-08 2.77984189e-08 -3.17999540e-05 -1.43156418e-08
0.3846495        2.19881682e-07 -1.55993019e-03 -3.68542534e-07 1.91793233e-07 -1.52826356e-03 -3.53874119e-07 2.80884492e-08 -3.16666265e-05 -1.46684144e-08
0.385728         1.29106884e-07 -2.20257018e-03 -2.22456139e-07 1.00861066e-07 -2.17065186e-03 -2.07549141e-07 2.82458182e-08 -3.19183183e-05 -1.49069980e-08
0.3868066        -2.56828147e-08 -1.07958886e-03 -1.10767267e-07 -5.40188887e-08 -1.04806284e-03 -9.56905411e-08 2.83360741e-08 -3.15260228e-05 -1.50767259e-08
0.3879087        -3.35663455e-06 -1.64102493e-03 3.75550092e-06 -3.38214245e-06 -1.60950547e-03 3.76893068e-06 2.55078997e-08 -3.15194577e-05 -1.34297568e-08
0.3890107        2.05063922e-06 -2.49215212e-03 -3.11495279e-06 2.02328152e-06 -2.46045514e-03 -3.10016308e-06 2.73576958e-08 -3.16969845e-05 -1.47897081e-08
0.3901127        -7.75630737e-07 -7.26062913e-04 1.65923368e-06 -8.02509046e-07 -6.94825807e-04 1.67358700e-06 2.68783098e-08 -3.12371061e-05 -1.43533170e-08
0.3912147        3.16798795e-06 -1.73546172e-03 -2.15767826e-06 3.13818109e-06 -1.70415015e-03 -2.14175989e-06 2.98068596e-08 -3.13115678e-05 -1.59183716e-08
0.3923168        2.90309269e-07 -1.49869810e-03 -8.05107535e-07 2.60211387e-07 -1.46738773e-03 -7.88789365e-07 3.00978827e-08 -3.13103669e-05 -1.63181700e-08
0.3934188        5.82526693e-07 -7.84234016e-04 -2.05954110e-07 5.51740472e-07 -7.53341668e-04 -1.89253029e-07 3.07862208e-08 -3.08923485e-05 -1.67010802e-08
0.3945208        1.21005006e-06 -3.87059068e-04 -2.37973465e-07 1.17803476e-06 -3.56461135e-04 -2.20673796e-07 3.20153060e-08 -3.05979320e-05 -1.72996685e-08
0.3956519        -1.29668398e-06 -1.39632270e-03 1.14950904e-06 -1.32744645e-06 -1.36580430e-03 1.16617625e-06 3.07624677e-08 -3.05183923e-05 -1.66672186e-08
0.3967829        1.21512518e-06 -2.25148314e-03 -8.61400701e-07 1.18297026e-06 -2.22087760e-03 -8.43903230e-07 3.21549153e-08 -3.06055353e-05 -1.74974711e-08
0.3979139        3.01259382e-07 -1.83443690e-03 2.89299367e-08 2.68731785e-07 -1.80367683e-03 4.66187273e-08 3.25275963e-08 -3.07600712e-05 -1.76887907e-08
0.399045         -3.44252896e-07 -1.10651147e-03 -5.81483378e-08 -3.76697700e-07 -1.07601135e-03 -4.03739410e-08 3.24448037e-08 -3.05001180e-05 -1.77743968e-08
0.400176         3.09938950e-07 -7.47121489e-04 -2.44415471e-07 2.77019480e-07 -7.16944041e-04 -2.26327625e-07 3.29194703e-08 -3.01774482e-05 -1.80878457e-08
0.401307         -2.26918417e-09 -2.88539087e-04 -4.15462375e-07 -3.52936995e-08 -2.58609627e-04 -3.97158280e-07 3.30245153e-08 -2.99294600e-05 -1.83040950e-08
0.402438         1.57342705e-06 -1.94358377e-03 -1.16752084e-06 1.53869906e-06 -1.91355891e-03 -1.14825405e-06 3.47279910e-08 -3.00248567e-05 -1.92667883e-08
0.4035691        -1.73516151e-06 -1.83953710e-03 8.08629606e-07 -1.76838642e-06 -1.80953306e-03 8.27227518e-07 3.32249167e-08 -3.00040341e-05 -1.85979115e-08
0.4047391        -7.92043495e-07 -1.53131015e-03 1.43125453e-07 -8.24654364e-07 -1.50142367e-03 1.61529025e-07 3.26108682e-08 -2.98864754e-05 -1.84035714e-08
0.4059091        -2.70431232e-07 -5.88902073e-04 1.42302933e-07 -3.02905090e-07 -5.59201027e-04 1.60674219e-07 3.24738582e-08 -2.97010461e-05 -1.83712864e-08
0.4070792        -1.16786135e-06 -1.70438734e-03 6.63602958e-07 -1.19939375e-06 -1.67448074e-03 6.81522853e-07 3.15323927e-08 -2.99066048e-05 -1.79198946e-08
0.4082492        6.69107810e-08 -1.32587849e-03 -3.59575136e-07 3.51424816e-08 -1.29622448e-03 -3.41410300e-07 3.17682994e-08 -2.96540116e-05 -1.81648360e-08
0.4094192        -2.51053014e-07 -5.55855601e-04 -1.83862085e-07 -2.82759199e-07 -5.26747605e-04 -1.65579435e-07 3.17061857e-08 -2.91079963e-05 -1.82826494e-08
0.4105893        -9.23656129e-07 -1.30848890e-03 -3.02039805e-07 -9.54548305e-07 -1.27917524e-03 -2.83872244e-07 3.08921760e-08 -2.93136576e-05 -1.81675603e-08
0.4117593        3.89895864e-07 -1.24091860e-04 9.78255429e-08 3.58536768e-07 -9.49764797e-05 1.16195879e-07 3.13590955e-08 -2.91153800e-05 -1.83703361e-08
0.4129293        -5.21708462e-06 -1.18704927e-03 5.90823419e-06 -5.24362995e-06 -1.15798586e-03 5.92351284e-06 2.65453305e-08 -2.90634169e-05 -1.52786414e-08
0.4140994        2.81968342e-06 -1.73047513e-03 -4.30848872e-06 2.79030463e-06 -1.70145476e-03 -4.29109589e-06 2.93787899e-08 -2.90203751e-05 -1.73928308e-08
0.4152694        2.86657608e-07 2.16212631e-04 -3.33507169e-07 2.56945516e-07 2.44591401e-04 -3.15818119e-07 2.97120922e-08 -2.83787702e-05 -1.76890495e-08
0.4165044        3.14830586e-09 -1.27249097e-03 1.99629382e-08 -2.65552220e-08 -1.24416252e-03 3.77637119e-08 2.97035279e-08 -2.83284480e-05 -1.78007737e-08
0.4177395        1.15392803e-08 -1.45462917e-03 6.09959118e-08 -1.81840184e-08 -1.42613869e-03 7.88967913e-08 2.97232987e-08 -2.84904749e-05 -1.79008794e-08
0.4189745        -1.03165276e-07 -1.08702695e-03 1.02027650e-07 -1.32795377e-07 -1.05851214e-03 1.19960969e-07 2.96301004e-08 -2.85148067e-05 -1.79333185e-08
0.4202095        1.24019729e-06 3.13809030e-04 -3.94868486e-07 1.20932715e-06 3.41694210e-04 -3.76257112e-07 3.08701390e-08 -2.78851800e-05 -1.86113745e-08
0.4214446        3.95505847e-07 -1.71749132e-03 -9.94235921e-08 3.64089600e-07 -1.68923671e-03 -8.04603796e-08 3.14162473e-08 -2.82546120e-05 -1.89632125e-08
0.4226796        3.98279714e-07 -1.81037384e-04 6.64157752e-08 3.66467537e-07 -1.53239314e-04 8.56377019e-08 3.18121768e-08 -2.77980693e-05 -1.92219267e-08
0.4239146        3.30866931e-07 -5.76741463e-04 -3.98638140e-07 2.98715722e-07 -5.49184469e-04 -3.79052136e-07 3.21512089e-08 -2.75569942e-05 -1.95860040e-08
0.4251497        5.15047225e-07 -1.33133497e-03 -3.02276748e-07 4.82390496e-07 -1.30373953e-03 -2.82282718e-07 3.26567289e-08 -2.75954440e-05 -1.99940299e-08
0.4263847        -1.98701443e-07 -1.11929636e-03 -1.41690318e-07 -2.31126412e-07 -1.09183312e-03 -1.21647812e-07 3.24249692e-08 -2.74632442e-05 -2.00425057e-08
0.4276197        -2.26421635e-08 5.75995085e-05 -2.35213734e-08 -5.50538476e-08 8.48969960e-05 -3.39462100e-09 3.24116841e-08 -2.72974875e-05 -2.01267524e-08
0.4288548        6.12598322e-07 -8.52984013e-04 -4.27380986e-08 5.79627108e-07 -8.25788127e-04 -2.23163385e-08 3.29712140e-08 -2.71958868e-05 -2.04217601e-08
0.4300898        -1.03837760e-07 -1.20460711e-03 -3.52266260e-08 -1.36469725e-07 -1.17746366e-03 -1.48892081e-08 3.26319652e-08 -2.71434547e-05 -2.03374179e-08
0.4313248        -7.67541983e-07 -1.05792571e-03 7.68735699e-08 -7.99237478e-07 -1.03083586e-03 9.68308099e-08 3.16954943e-08 -2.70898542e-05 -1.99572400e-08
0.4325599        1.00178751e-07 6.75357539e-04 1.58545320e-10 6.86111442e-08 7.02059927e-04 2.01071271e-08 3.15676065e-08 -2.67023878e-05 -1.99485817e-08
0.4337949        -2.17171221e-07 -7.21043215e-04 -2.48023008e-08 -2.48416841e-07 -6.94362504e-04 -4.94690166e-09 3.12456193e-08 -2.66807112e-05 -1.98553991e-08
0.4350299        -5.69224805e-07 5.48666648e-04 3.26729305e-07 -5.99664469e-07 5.74849257e-04 3.46169682e-07 3.04396646e-08 -2.61826089e-05 -1.94403766e-08
0.436265         -5.40373921e-07 -3.39540422e-04 2.75860724e-07 -5.70072400e-07 -3.13566456e-04 2.94894744e-07 2.96984795e-08 -2.59739661e-05 -1.90340199e-08
0.4375           6.43941218e-07 -2.38590072e-03 -5.96785524e-07 6.13660635e-07 -2.35951718e-03 -5.77361259e-07 3.02805832e-08 -2.63835441e-05 -1.94242642e-08
0.4386792        -1.54341797e-06 9.17725848e-04 1.17932388e-06 -1.57194992e-06 9.43375168e-04 1.19761281e-06 2.85319508e-08 -2.56493198e-05 -1.82889221e-08
0.4398585        -5.93004700e-07 4.88018402e-04 2.45460417e-07 -6.20860349e-07 5.13456427e-04 2.63323223e-07 2.78556497e-08 -2.54380245e-05 -1.78628062e-08
0.4410377        2.43592402e-07 -9.07951817e-04 -1.36119835e-07 2.15655695e-07 -8.82410269e-04 -1.18264138e-07 2.79367078e-08 -2.55415483e-05 -1.78556967e-08
0.442217         -5.87377606e-07 -1.61623481e-03 2.23208789e-07 -6.14737359e-07 -1.59055643e-03 2.40732550e-07 2.73597526e-08 -2.56783739e-05 -1.75237608e-08
0.4433962        -9.49133171e-07 6.21160667e-04 1.06290201e-06 -9.75392947e-07 6.46286369e-04 1.07960204e-06 2.62597759e-08 -2.51257025e-05 -1.67000264e-08
0.4445755        -1.75095393e-08 -4.36981970e-04 7.18662653e-08 -4.36202714e-08 -4.11971642e-04 8.84332267e-08 2.61107321e-08 -2.50103281e-05 -1.65669614e-08
0.4457547        4.58194753e-08 1.95606284e-04 -1.83358127e-07 1.98828698e-08 2.20412262e-04 -1.66861084e-07 2.59366055e-08 -2.48059779e-05 -1.64970422e-08
0.4469602        -1.51085187e-06 8.61463695e-04 2.15690205e-06 -1.53510118e-06 8.85936341e-04 2.17206507e-06 2.42493077e-08 -2.44726460e-05 -1.51630201e-08
0.4481656        -2.20563569e-06 -3.24780227e-04 1.91742836e-06 -2.22759583e-06 -3.00690393e-04 1.93103349e-06 2.19601375e-08 -2.40898336e-05 -1.36051329e-08
0.4493711        1.40642117e-06 -7.76161715e-04 -2.03812296e-06 1.38323968e-06 -7.51829759e-04 -2.02348972e-06 2.31814910e-08 -2.43319556e-05 -1.46332457e-08
0.4505765        1.54941370e-07 -4.07606539e-04 -1.75060831e-07 1.31808942e-07 -3.83342286e-04 -1.60438712e-07 2.31324281e-08 -2.42642530e-05 -1.46221188e-08
0.451782         -5.12692100e-08 -3.09778740e-04 2.27256936e-08 -7.41600602e-08 -2.85700853e-04 3.71670023e-08 2.28908502e-08 -2.40778872e-05 -1.44413087e-08
0.4530183        2.83856643e-07 -4.93435448e-04 -1.79884891e-07 2.60910743e-07 -4.69431810e-04 -1.65443522e-07 2.29458996e-08 -2.40036384e-05 -1.44413693e-08
0.4542547        2.56670517e-07 1.24698881e-03 -3.49966802e-07 2.33795523e-07 1.27027445e-03 -3.35536135e-07 2.28749932e-08 -2.32856371e-05 -1.44306672e-08
0.455491         3.60804518e-08 -1.33124303e-04 7.15667927e-08 1.35276701e-08 -1.09715386e-04 8.57811561e-08 2.25527817e-08 -2.34089169e-05 -1.42143634e-08
0.4566623        5.19747958e-07 -1.33081982e-04 -2.84367082e-07 4.97080278e-07 -1.09835426e-04 -2.70082423e-07 2.26676803e-08 -2.32465560e-05 -1.42846588e-08
0.4578336        1.24111682e-07 2.20269802e-04 1.49684555e-07 1.01656286e-07 2.43055588e-04 1.63773666e-07 2.24553958e-08 -2.27857864e-05 -1.40891113e-08
0.4590049        1.64316665e-07 -4.48729221e-04 2.14023059e-09 1.41986512e-07 -4.25668200e-04 1.61241053e-08 2.23301532e-08 -2.30610212e-05 -1.39838747e-08
0.4601762        -1.01148788e-06 1.29910947e-04 6.98782108e-07 -1.03250778e-06 1.52760767e-04 7.11876876e-07 2.10199009e-08 -2.28498198e-05 -1.30947685e-08
0.4613475        -1.04242868e-06 7.88180593e-04 6.32648863e-07 -1.06209247e-06 8.10629345e-04 6.44877310e-07 1.96637850e-08 -2.24487521e-05 -1.22284467e-08
0.4625188        -4.62016008e-07 1.25482013e-03 4.68286240e-07 -4.80852084e-07 1.27679813e-03 4.79924003e-07 1.88360761e-08 -2.19780054e-05 -1.16377622e-08
0.4636901        -6.86283475e-08 3.25081051e-04 1.88313989e-07 -8.70785124e-08 3.46850969e-04 1.99646895e-07 1.84501648e-08 -2.17699184e-05 -1.13329061e-08
0.4648614        -2.70273533e-07 1.06015879e-04 2.22063921e-07 -2.88099918e-07 1.27673931e-04 2.32973647e-07 1.78263846e-08 -2.16580525e-05 -1.09097254e-08
0.4660326        1.08811876e-06 1.71375359e-05 -6.13029290e-07 1.06955480e-06 3.86211746e-05 -6.01668604e-07 1.85639622e-08 -2.14836387e-05 -1.13606865e-08
0.4672039        -5.89660523e-07 2.06204518e-04 2.25322664e-07 -6.07237623e-07 2.27496381e-04 2.36089802e-07 1.75771002e-08 -2.12918630e-05 -1.07671374e-08
0.4683752        6.26044718e-07 -1.89082125e-04 -4.66714722e-07 6.08224965e-07 -1.67557431e-04 -4.55739458e-07 1.78197522e-08 -2.15246931e-05 -1.09752642e-08
0.4695465        2.55766338e-07 2.71310521e-04 -2.02870550e-07 2.38042502e-07 2.92383379e-04 -1.91957754e-07 1.77238366e-08 -2.10728581e-05 -1.09127955e-08
0.4707178        -1.32422475e-07 1.06944675e-03 1.70081596e-07 -1.49664302e-07 1.08997049e-03 1.80622491e-07 1.72418265e-08 -2.05237379e-05 -1.05408951e-08
0.4718891        -4.15165448e-07 1.31660380e-03 3.01456878e-07 -4.31749226e-07 1.33671539e-03 3.11505524e-07 1.65837779e-08 -2.01115884e-05 -1.00486458e-08
0.4730604        3.65324186e-07 1.93733571e-04 -5.84558399e-07 3.48658808e-07 2.13958204e-04 -5.74406561e-07 1.66653778e-08 -2.02246331e-05 -1.01518383e-08
0.4742317        5.20809397e-07 -1.22027329e-03 -1.25800628e-07 5.03872685e-07 -1.19971574e-03 -1.15581246e-07 1.69367117e-08 -2.05575552e-05 -1.02193823e-08
0.4754587        -1.18449970e-06 2.04495565e-04 6.86429986e-07 -1.20001986e-06 2.24663932e-04 6.95638130e-07 1.55201619e-08 -2.01683670e-05 -9.20814358e-09
0.4766858        -3.87930637e-07 1.84831883e-03 4.61905746e-07 -4.02881755e-07 1.86765804e-03 4.70579389e-07 1.49511170e-08 -1.93392030e-05 -8.67364280e-09
0.4779129        2.17654554e-07 3.37549201e-04 -3.87597126e-07 2.02642750e-07 3.57012405e-04 -3.78869601e-07 1.50118034e-08 -1.94632034e-05 -8.72752462e-09
0.4791399        8.21994310e-07 5.02594326e-04 -4.04159174e-07 8.06256431e-07 5.21818259e-04 -3.95034659e-07 1.57378793e-08 -1.92239338e-05 -9.12451542e-09
0.480367         3.08062949e-07 5.02033343e-04 -3.36558161e-07 2.92159288e-07 5.21066645e-04 -3.27323081e-07 1.59036606e-08 -1.90333019e-05 -9.23508035e-09
0.4815219        -6.50954874e-08 6.13247365e-04 8.13185766e-08 -8.08323229e-08 6.32058707e-04 9.04030507e-08 1.57368356e-08 -1.88113420e-05 -9.08447414e-09
0.4826767        -3.15580609e-08 8.82903816e-04 7.84199039e-08 -4.71790949e-08 9.01422199e-04 8.73587294e-08 1.56210340e-08 -1.85183827e-05 -8.93882546e-09
0.4838316        -3.44234563e-07 7.60453346e-04 4.56717946e-08 -3.59459760e-07 7.78800136e-04 5.43736724e-08 1.52251974e-08 -1.83467895e-05 -8.70187782e-09
0.4849865        -9.97052757e-07 7.36031889e-04 8.28193871e-07 -1.01120031e-06 7.54112439e-04 8.36093675e-07 1.41475577e-08 -1.80805500e-05 -7.89980375e-09
0.4861414        4.46575385e-07 8.08691420e-04 -5.79266083e-07 4.32098055e-07 8.26519018e-04 -5.71054653e-07 1.44773302e-08 -1.78275977e-05 -8.21143020e-09
0.4872963        1.21263672e-06 6.83929911e-04 -1.06635342e-06 1.19715590e-06 7.01580674e-04 -1.05739579e-06 1.54808206e-08 -1.76507638e-05 -8.95762806e-09
0.4884512        -7.05560731e-07 2.69229962e-03 8.40904150e-08 -7.20286098e-07 2.70918473e-03 9.25728681e-08 1.47253674e-08 -1.68851051e-05 -8.48245305e-09
0.489606         -3.63246849e-07 3.70983690e-04 8.11148304e-07 -3.77602680e-07 3.87864586e-04 8.19246031e-07 1.43558317e-08 -1.68808960e-05 -8.09772692e-09
0.4907609        -2.52805470e-07 -8.68311567e-05 2.42811878e-07 -2.66892689e-07 -6.98670685e-05 2.50699101e-07 1.40872192e-08 -1.69640882e-05 -7.88722387e-09
0.4919158        1.39990544e-07 1.38157050e-03 -3.06102260e-07 1.25830991e-07 1.39811292e-03 -2.98084987e-07 1.41595538e-08 -1.65424268e-05 -8.01727284e-09
0.4930707        5.84640775e-07 7.76497507e-04 -2.87394543e-07 5.69989037e-07 7.92875539e-04 -2.79019534e-07 1.46517377e-08 -1.63780328e-05 -8.37500906e-09
0.4942256        1.37311470e-07 2.08610229e-03 -2.51466739e-07 1.22612790e-07 2.10193926e-03 -2.42971854e-07 1.46986803e-08 -1.58369632e-05 -8.49488530e-09
0.4953805        -5.41424869e-07 2.11969368e-03 3.72075200e-07 -5.55480095e-07 2.13500356e-03 3.80169363e-07 1.40552264e-08 -1.53098788e-05 -8.09416239e-09
0.4965353        -4.82506986e-09 -6.96210705e-04 7.92922542e-07 -1.86695310e-08 -6.80575009e-04 8.00749584e-07 1.38444611e-08 -1.56356959e-05 -7.82704180e-09
0.4976902        -3.88675454e-08 1.18579485e-03 -6.76830749e-07 -5.26096743e-08 1.20109567e-03 -6.68831865e-07 1.37421289e-08 -1.53008138e-05 -7.99888390e-09
0.4988451        1.77813825e-07 1.21446722e-03 1.11412679e-08 1.64051425e-07 1.22948058e-03 1.92180245e-08 1.37623998e-08 -1.50133638e-05 -8.07675666e-09
0.5              -2.89090531e-07 1.02781672e-03 1.26044859e-07 -3.02521546e-07 1.04259809e-03 1.33994229e-07 1.34310158e-08 -1.47813651e-05 -7.94936952e-09
0.5012019        -1.42049701e-07 1.41723331e-03 9.68258231e-08 -1.55269592e-07 1.43162505e-03 1.04729323e-07 1.32198909e-08 -1.43917366e-05 -7.90349959e-09
0.5024038        -9.66786680e-07 1.20294023e-03 7.94693949e-07 -9.78998840e-07 1.21707715e-03 8.01947402e-07 1.22121601e-08 -1.41369243e-05 -7.25345285e-09
0.5036058        -1.35702028e-06 1.28962232e-03 6.55917631e-07 -1.36806564e-06 1.30346417e-03 6.62420218e-07 1.10453620e-08 -1.38418567e-05 -6.50258631e-09
0.5048077        5.62655357e-07 1.41486178e-03 -1.98453365e-07 5.50956448e-07 1.42837336e-03 -1.91360039e-07 1.16989090e-08 -1.35115792e-05 -7.09332605e-09
0.5060096        1.40380190e-07 1.00214392e-03 1.45537681e-07 1.28385861e-07 1.01546028e-03 1.52862894e-07 1.19943289e-08 -1.33163585e-05 -7.32521265e-09
0.5071865        -9.00280976e-08 1.70558155e-03 1.00400801e-07 -1.02210677e-07 1.71824493e-03 1.07911033e-07 1.21825795e-08 -1.26633762e-05 -7.51023166e-09
0.5083634        2.24162133e-07 1.55195614e-03 -1.90304647e-07 2.11507546e-07 1.56438703e-03 -1.82377127e-07 1.26545870e-08 -1.24308896e-05 -7.92751951e-09
0.5095403        7.02018742e-08 1.16040487e-03 -1.02232060e-07 5.72177819e-08 1.17283859e-03 -9.39754693e-08 1.29840923e-08 -1.24337226e-05 -8.25659035e-09
0.5107171        9.05939130e-08 1.74486984e-04 -2.57534906e-08 7.72571131e-08 1.86974001e-04 -1.71908782e-08 1.33367999e-08 -1.24870166e-05 -8.56261241e-09
0.511894         -1.31644468e-07 2.81326824e-03 -2.79453797e-08 -1.45103756e-07 2.82500529e-03 -1.92247840e-08 1.34592875e-08 -1.17370491e-05 -8.72059574e-09
0.5130709        -9.42062992e-08 8.97086022e-04 7.95737240e-08 -1.07822287e-07 9.08733592e-04 8.83987300e-08 1.36159880e-08 -1.16475702e-05 -8.82500600e-09
0.5142478        -7.24040121e-08 9.54125986e-04 1.19938783e-07 -8.61320067e-08 9.65560807e-04 1.28894617e-07 1.37279945e-08 -1.14348211e-05 -8.95583475e-09
0.5154247        -1.50954118e-07 3.68618024e-03 1.55302352e-07 -1.64721476e-07 3.69641044e-03 1.64388197e-07 1.37673573e-08 -1.02301980e-05 -9.08584505e-09
0.5166016        -2.02348716e-07 3.32619200e-05 1.37667056e-07 -2.16193545e-07 4.39837818e-05 1.46934525e-07 1.38448294e-08 -1.07218618e-05 -9.26746838e-09
0.5177784        -6.84172449e-09 9.71791900e-04 1.83424994e-07 -2.09000430e-08 9.82409832e-04 1.92920839e-07 1.40583185e-08 -1.06179323e-05 -9.49584513e-09
0.5189553        -1.38357178e-08 1.78324656e-03 -3.58427848e-08 -2.81383067e-08 1.79338828e-03 -2.60414150e-08 1.43025889e-08 -1.01417226e-05 -9.80136988e-09
0.5201322        -1.42953160e-07 2.37031712e-03 1.14081848e-07 -1.57353816e-07 2.37966119e-03 1.24077796e-07 1.44006565e-08 -9.34406988e-06 -9.99594781e-09
0.5213091        1.05404768e-07 -3.99556715e-05 -4.30698314e-08 9.07592072e-08 -3.00854767e-05 -3.27419472e-08 1.46455604e-08 -9.87019478e-06 -1.03278842e-08
0.522486         5.95731384e-07 2.75161514e-03 -4.39665675e-07 5.80435187e-07 2.76070031e-03 -4.28664792e-07 1.52961966e-08 -9.08516775e-06 -1.10008833e-08
0.5236629        -7.25297287e-07 2.82013263e-03 5.36766219e-07 -7.40050197e-07 2.82845283e-03 5.47485223e-07 1.47529105e-08 -8.32019637e-06 -1.07190038e-08
0.5248397        -2.75415150e-07 4.04512695e-04 2.52125947e-07 -2.90049270e-07 4.13010079e-04 2.62916374e-07 1.46341206e-08 -8.49738387e-06 -1.07904270e-08
0.5260166        -4.29096821e-08 3.44396805e-03 -1.29635526e-07 -5.75218091e-08 3.45192753e-03 -1.18628939e-07 1.46121270e-08 -7.95947343e-06 -1.10065871e-08
0.5271935        5.34822879e-08 1.56226621e-03 -5.60125642e-08 3.87607904e-08 1.56992226e-03 -4.47636942e-08 1.47214975e-08 -7.65604165e-06 -1.12488700e-08
0.5283704        9.52426293e-09 9.23198276e-04 -6.43844043e-09 -5.21037025e-09 9.30670335e-04 4.94351512e-09 1.47346332e-08 -7.47205938e-06 -1.13819555e-08
0.5295473        7.75700473e-08 8.44140977e-04 2.02126323e-08 6.26963088e-08 8.51587190e-04 3.17453967e-08 1.48737385e-08 -7.44621240e-06 -1.15327644e-08
0.5307242        -1.54717513e-07 3.82225765e-03 -1.87566886e-07 -1.69483122e-07 3.82876824e-03 -1.76006866e-07 1.47656088e-08 -6.51058818e-06 -1.15600206e-08
0.531901         7.46548330e-07 1.42470107e-03 -3.03852128e-07 7.31062436e-07 1.43109372e-03 -2.91700754e-07 1.54858947e-08 -6.39265526e-06 -1.21513741e-08
0.5330779        -1.54269722e-06 1.76321636e-03 1.70164461e-06 -1.55680328e-06 1.76934842e-03 1.71248119e-06 1.41060668e-08 -6.13206182e-06 -1.08365742e-08
0.5342548        9.95771299e-07 3.68183024e-03 -1.13579672e-06 9.80676541e-07 3.68719450e-03 -1.12389901e-06 1.50947582e-08 -5.36425948e-06 -1.18977137e-08
0.5353846        2.42048615e-07 1.05435790e-03 -1.96321006e-07 2.26674375e-07 1.05975024e-03 -1.84096809e-07 1.53742405e-08 -5.39234371e-06 -1.22241969e-08
0.5365144        4.98218340e-07 1.13999891e-03 -3.87355839e-07 4.82350073e-07 1.14515396e-03 -3.74638710e-07 1.58682669e-08 -5.15505124e-06 -1.27171288e-08
0.5376442        3.09506844e-07 1.84739560e-03 2.16428440e-09 2.93413490e-07 1.85216591e-03 1.51246413e-08 1.60933540e-08 -4.77031272e-06 -1.29603569e-08
0.538774         -1.42457617e-08 3.50150191e-03 -2.71227274e-07 -3.02976981e-08 3.50584261e-03 -2.58155639e-07 1.60519364e-08 -4.34069971e-06 -1.30716352e-08
0.5399038        -9.94685936e-08 1.59422629e-03 2.68445387e-08 -1.15410571e-07 1.59818992e-03 3.99601595e-08 1.59419769e-08 -3.96362348e-06 -1.31156208e-08
0.5410337        -1.21168231e-07 1.95138155e-03 4.20953187e-08 -1.36967468e-07 1.95513227e-03 5.52083148e-08 1.57992376e-08 -3.75071802e-06 -1.31129961e-08
0.5421635        3.27754282e-07 2.35983792e-03 -4.98428188e-07 3.11684520e-07 2.36344352e-03 -4.84960574e-07 1.60697624e-08 -3.60560289e-06 -1.34676145e-08
0.5432933        9.89216382e-09 2.73302314e-03 -9.62048309e-08 -6.16017472e-09 2.73590896e-03 -8.26586060e-08 1.60523385e-08 -2.88582295e-06 -1.35462249e-08
0.5444231        5.01555377e-07 2.80330431e-03 -5.54518707e-07 4.85111010e-07 2.80570939e-03 -5.40486015e-07 1.64443674e-08 -2.40507675e-06 -1.40326918e-08
0.5455529        8.52368705e-07 1.97660053e-03 -4.43497897e-07 8.35256763e-07 1.97888877e-03 -4.28891478e-07 1.71119421e-08 -2.28824007e-06 -1.46064190e-08
0.5466827        -6.17275906e-08 9.61820774e-04 1.14566547e-07 -7.86869886e-08 9.64395653e-04 1.29113842e-07 1.69593981e-08 -2.57487945e-06 -1.45472952e-08
0.5478125        6.87296696e-08 2.81940579e-03 -3.23276997e-08 5.17720872e-08 2.82121808e-03 -1.77040867e-08 1.69575824e-08 -1.81228043e-06 -1.46236130e-08
0.5489423        2.88096845e-07 2.99971724e-03 -3.77719315e-07 2.70852219e-07 3.00082718e-03 -3.62759340e-07 1.72446264e-08 -1.10993790e-06 -1.49599746e-08
0.5500721        9.48466953e-08 2.66153811e-03 -2.10684078e-07 7.74689058e-08 2.66217631e-03 -1.95527044e-07 1.73777895e-08 -6.38206005e-07 -1.51570342e-08
0.5512019        1.06287573e-07 9.32233493e-04 -1.27830433e-07 8.87415065e-08 9.33228227e-04 -1.12479780e-07 1.75460662e-08 -9.94734108e-07 -1.53506532e-08
0.5523317        5.97333788e-08 2.53047501e-03 -2.14711417e-07 4.20638710e-08 2.53106317e-03 -1.99171869e-07 1.76695078e-08 -5.88156046e-07 -1.55395474e-08
0.5534615        -1.65957998e-07 2.86608003e-03 -6.28312219e-09 -1.83561009e-07 2.86622630e-03 9.28089055e-09 1.76030112e-08 -1.46264762e-07 -1.55640127e-08
0.5545913        4.65816075e-07 2.87883313e-03 -6.00788980e-08 4.47740794e-07 2.87854106e-03 -4.41684788e-08 1.80752815e-08 2.92067705e-07 -1.59104192e-08
0.5557212        -5.76882983e-07 3.26318238e-03 4.87124034e-09 -5.94620616e-07 3.26214471e-03 2.06591955e-08 1.77376333e-08 1.03767426e-06 -1.57879552e-08
0.556851         1.57938291e-08 2.00494453e-03 -9.26929445e-08 -2.09853022e-09 2.00370090e-03 -7.66845580e-08 1.78923593e-08 1.24363093e-06 -1.60083865e-08
0.5579808        -1.33633506e-07 1.92549561e-03 -3.04066648e-08 -1.51572594e-07 1.92416310e-03 -1.42754282e-08 1.79390883e-08 1.33250811e-06 -1.61312367e-08
0.5591106        -2.36331714e-07 2.69688228e-03 -7.34700117e-09 -2.54207802e-07 2.69544288e-03 8.82276630e-09 1.78760874e-08 1.43940328e-06 -1.61697675e-08
0.5602404        -4.20736361e-08 1.42151777e-03 2.72068453e-07 -6.00470806e-08 1.41975749e-03 2.88313731e-07 1.79734445e-08 1.76028912e-06 -1.62452782e-08
0.5613702        -2.47269448e-07 3.38487643e-03 9.06567625e-08 -2.65223282e-07 3.38245666e-03 1.06936379e-07 1.79538348e-08 2.41976601e-06 -1.62796168e-08
0.5625           -2.49361988e-07 4.21405105e-03 9.65516074e-09 -2.67318724e-07 4.21093173e-03 2.59962401e-08 1.79567360e-08 3.11932827e-06 -1.63410794e-08
0.5635417        -7.73870762e-08 1.65667180e-03 -4.38636306e-08 -9.55858331e-08 1.65358906e-03 -2.72755306e-08 1.81987570e-08 3.08273561e-06 -1.65881000e-08
0.5645833        6.62750524e-08 1.76598329e-03 -2.43450766e-07 4.77654278e-08 1.76286413e-03 -2.26549231e-07 1.85096246e-08 3.11916315e-06 -1.69015346e-08
