1601
(
(0.000000 ((0.000000 0 0.000000) (0 -0.00000 0)))
(0.001563 ((-0.000000 0 0.000007) (0 -0.00093 0)))
(0.003125 ((-0.000001 0 0.000028) (0 -0.00370 0)))
(0.004688 ((-0.000003 0 0.000063) (0 -0.00833 0)))
(0.006250 ((-0.000005 0 0.000112) (0 -0.01480 0)))
(0.007812 ((-0.000008 0 0.000175) (0 -0.02313 0)))
(0.009375 ((-0.000012 0 0.000252) (0 -0.03330 0)))
(0.010938 ((-0.000016 0 0.000342) (0 -0.04533 0)))
(0.012500 ((-0.000020 0 0.000447) (0 -0.05920 0)))
(0.014063 ((-0.000024 0 0.000565) (0 -0.07492 0)))
(0.015625 ((-0.000029 0 0.000697) (0 -0.09248 0)))
(0.017188 ((-0.000033 0 0.000842) (0 -0.11189 0)))
(0.018750 ((-0.000038 0 0.001000) (0 -0.13314 0)))
(0.020313 ((-0.000042 0 0.001172) (0 -0.15624 0)))
(0.021875 ((-0.000045 0 0.001357) (0 -0.18117 0)))
(0.023438 ((-0.000048 0 0.001555) (0 -0.20795 0)))
(0.025000 ((-0.000050 0 0.001766) (0 -0.23656 0)))
(0.026563 ((-0.000051 0 0.001989) (0 -0.26701 0)))
(0.028125 ((-0.000051 0 0.002225) (0 -0.29929 0)))
(0.029688 ((-0.000049 0 0.002474) (0 -0.33341 0)))
(0.031250 ((-0.000045 0 0.002734) (0 -0.36935 0)))
(0.032813 ((-0.000039 0 0.003006) (0 -0.40712 0)))
(0.034375 ((-0.000032 0 0.003290) (0 -0.44672 0)))
(0.035938 ((-0.000021 0 0.003586) (0 -0.48814 0)))
(0.037500 ((-0.000009 0 0.003892) (0 -0.53138 0)))
(0.039062 ((0.000007 0 0.004209) (0 -0.57644 0)))
(0.040625 ((0.000026 0 0.004537) (0 -0.62332 0)))
(0.042188 ((0.000048 0 0.004876) (0 -0.67200 0)))
(0.043750 ((0.000074 0 0.005224) (0 -0.72250 0)))
(0.045313 ((0.000104 0 0.005582) (0 -0.77480 0)))
(0.046875 ((0.000138 0 0.005949) (0 -0.82890 0)))
(0.048438 ((0.000176 0 0.006326) (0 -0.88481 0)))
(0.050000 ((0.000219 0 0.006711) (0 -0.94251 0)))
(0.051563 ((0.000267 0 0.007104) (0 -1.00200 0)))
(0.053125 ((0.000319 0 0.007506) (0 -1.06328 0)))
(0.054688 ((0.000377 0 0.007914) (0 -1.12634 0)))
(0.056250 ((0.000440 0 0.008330) (0 -1.19119 0)))
(0.057813 ((0.000509 0 0.008753) (0 -1.25781 0)))
(0.059375 ((0.000583 0 0.009182) (0 -1.32621 0)))
(0.060938 ((0.000664 0 0.009617) (0 -1.39637 0)))
(0.062500 ((0.000750 0 0.010058) (0 -1.46830 0)))
(0.064063 ((0.000843 0 0.010503) (0 -1.54199 0)))
(0.065625 ((0.000942 0 0.010953) (0 -1.61744 0)))
(0.067187 ((0.001047 0 0.011408) (0 -1.69464 0)))
(0.068750 ((0.001158 0 0.011865) (0 -1.77358 0)))
(0.070312 ((0.001277 0 0.012326) (0 -1.85426 0)))
(0.071875 ((0.001401 0 0.012790) (0 -1.93668 0)))
(0.073438 ((0.001533 0 0.013256) (0 -2.02083 0)))
(0.075000 ((0.001670 0 0.013724) (0 -2.10671 0)))
(0.076563 ((0.001815 0 0.014193) (0 -2.19430 0)))
(0.078125 ((0.001966 0 0.014663) (0 -2.28361 0)))
(0.079688 ((0.002123 0 0.015134) (0 -2.37464 0)))
(0.081250 ((0.002287 0 0.015604) (0 -2.46736 0)))
(0.082813 ((0.002457 0 0.016074) (0 -2.56179 0)))
(0.084375 ((0.002634 0 0.016542) (0 -2.65790 0)))
(0.085938 ((0.002816 0 0.017010) (0 -2.75570 0)))
(0.087500 ((0.003005 0 0.017475) (0 -2.85519 0)))
(0.089063 ((0.003199 0 0.017938) (0 -2.95635 0)))
(0.090625 ((0.003399 0 0.018398) (0 -3.05917 0)))
(0.092188 ((0.003604 0 0.018855) (0 -3.16366 0)))
(0.093750 ((0.003814 0 0.019308) (0 -3.26980 0)))
(0.095313 ((0.004029 0 0.019757) (0 -3.37760 0)))
(0.096875 ((0.004248 0 0.020202) (0 -3.48703 0)))
(0.098438 ((0.004472 0 0.020641) (0 -3.59810 0)))
(0.100000 ((0.004699 0 0.021076) (0 -3.71080 0)))
(0.101562 ((0.004931 0 0.021505) (0 -3.82512 0)))
(0.103125 ((0.005165 0 0.021928) (0 -3.94105 0)))
(0.104688 ((0.005403 0 0.022345) (0 -4.05860 0)))
(0.106250 ((0.005643 0 0.022755) (0 -4.17774 0)))
(0.107813 ((0.005886 0 0.023158) (0 -4.29847 0)))
(0.109375 ((0.006130 0 0.023555) (0 -4.42080 0)))
(0.110938 ((0.006376 0 0.023943) (0 -4.54469 0)))
(0.112500 ((0.006622 0 0.024324) (0 -4.67016 0)))
(0.114063 ((0.006869 0 0.024698) (0 -4.79719 0)))
(0.115625 ((0.007117 0 0.025063) (0 -4.92578 0)))
(0.117188 ((0.007364 0 0.025419) (0 -5.05591 0)))
(0.118750 ((0.007610 0 0.025767) (0 -5.18758 0)))
(0.120313 ((0.007855 0 0.026107) (0 -5.32078 0)))
(0.121875 ((0.008099 0 0.026437) (0 -5.45551 0)))
(0.123438 ((0.008340 0 0.026759) (0 -5.59175 0)))
(0.125000 ((0.008579 0 0.027071) (0 -5.72949 0)))
(0.126562 ((0.008815 0 0.027374) (0 -5.86873 0)))
(0.128125 ((0.009047 0 0.027668) (0 -6.00946 0)))
(0.129688 ((0.009276 0 0.027952) (0 -6.15167 0)))
(0.131250 ((0.009500 0 0.028227) (0 -6.29535 0)))
(0.132812 ((0.009720 0 0.028492) (0 -6.44049 0)))
(0.134375 ((0.009934 0 0.028747) (0 -6.58709 0)))
(0.135938 ((0.010142 0 0.028993) (0 -6.73513 0)))
(0.137500 ((0.010345 0 0.029229) (0 -6.88460 0)))
(0.139063 ((0.010541 0 0.029455) (0 -7.03550 0)))
(0.140625 ((0.010730 0 0.029672) (0 -7.18782 0)))
(0.142187 ((0.010911 0 0.029879) (0 -7.34155 0)))
(0.143750 ((0.011085 0 0.030076) (0 -7.49667 0)))
(0.145313 ((0.011251 0 0.030264) (0 -7.65318 0)))
(0.146875 ((0.011409 0 0.030441) (0 -7.81107 0)))
(0.148438 ((0.011557 0 0.030609) (0 -7.97032 0)))
(0.150000 ((0.011696 0 0.030768) (0 -8.13094 0)))
(0.151563 ((0.011826 0 0.030916) (0 -8.29291 0)))
(0.153125 ((0.011946 0 0.031055) (0 -8.45621 0)))
(0.154688 ((0.012056 0 0.031185) (0 -8.62084 0)))
(0.156250 ((0.012155 0 0.031305) (0 -8.78680 0)))
(0.157813 ((0.012244 0 0.031415) (0 -8.95406 0)))
(0.159375 ((0.012322 0 0.031516) (0 -9.12262 0)))
(0.160938 ((0.012388 0 0.031607) (0 -9.29246 0)))
(0.162500 ((0.012443 0 0.031689) (0 -9.46359 0)))
(0.164062 ((0.012487 0 0.031761) (0 -9.63598 0)))
(0.165625 ((0.012518 0 0.031824) (0 -9.80962 0)))
(0.167188 ((0.012538 0 0.031877) (0 -9.98452 0)))
(0.168750 ((0.012545 0 0.031921) (0 -10.16064 0)))
(0.170313 ((0.012540 0 0.031955) (0 -10.33799 0)))
(0.171875 ((0.012522 0 0.031979) (0 -10.51656 0)))
(0.173438 ((0.012492 0 0.031995) (0 -10.69632 0)))
(0.175000 ((0.012450 0 0.032000) (0 -10.87728 0)))
(0.176563 ((0.012394 0 0.031996) (0 -11.05942 0)))
(0.178125 ((0.012326 0 0.031982) (0 -11.24272 0)))
(0.179688 ((0.012245 0 0.031958) (0 -11.42718 0)))
(0.181250 ((0.012152 0 0.031924) (0 -11.61279 0)))
(0.182813 ((0.012045 0 0.031881) (0 -11.79953 0)))
(0.184375 ((0.011926 0 0.031827) (0 -11.98739 0)))
(0.185938 ((0.011794 0 0.031764) (0 -12.17637 0)))
(0.187500 ((0.011650 0 0.031690) (0 -12.36644 0)))
(0.189063 ((0.011499 0 0.031610) (0 -12.55760 0)))
(0.190625 ((0.011348 0 0.031529) (0 -12.74984 0)))
(0.192188 ((0.011196 0 0.031448) (0 -12.94314 0)))
(0.193750 ((0.011043 0 0.031365) (0 -13.13750 0)))
(0.195312 ((0.010890 0 0.031282) (0 -13.33289 0)))
(0.196875 ((0.010736 0 0.031197) (0 -13.52932 0)))
(0.198438 ((0.010582 0 0.031112) (0 -13.72675 0)))
(0.200000 ((0.010427 0 0.031026) (0 -13.92520 0)))
(0.201563 ((0.010272 0 0.030938) (0 -14.12463 0)))
(0.203125 ((0.010117 0 0.030850) (0 -14.32504 0)))
(0.204688 ((0.009961 0 0.030761) (0 -14.52642 0)))
(0.206250 ((0.009804 0 0.030671) (0 -14.72876 0)))
(0.207813 ((0.009647 0 0.030579) (0 -14.93203 0)))
(0.209375 ((0.009490 0 0.030487) (0 -15.13624 0)))
(0.210938 ((0.009332 0 0.030394) (0 -15.34136 0)))
(0.212500 ((0.009175 0 0.030300) (0 -15.54739 0)))
(0.214063 ((0.009016 0 0.030205) (0 -15.75431 0)))
(0.215625 ((0.008858 0 0.030109) (0 -15.96211 0)))
(0.217188 ((0.008699 0 0.030011) (0 -16.17077 0)))
(0.218750 ((0.008539 0 0.029913) (0 -16.38029 0)))
(0.220313 ((0.008380 0 0.029814) (0 -16.59064 0)))
(0.221875 ((0.008220 0 0.029714) (0 -16.80182 0)))
(0.223438 ((0.008060 0 0.029613) (0 -17.01382 0)))
(0.225000 ((0.007900 0 0.029511) (0 -17.22662 0)))
(0.226562 ((0.007739 0 0.029408) (0 -17.44021 0)))
(0.228125 ((0.007579 0 0.029304) (0 -17.65457 0)))
(0.229688 ((0.007418 0 0.029200) (0 -17.86969 0)))
(0.231250 ((0.007257 0 0.029094) (0 -18.08556 0)))
(0.232813 ((0.007096 0 0.028987) (0 -18.30217 0)))
(0.234375 ((0.006935 0 0.028879) (0 -18.51950 0)))
(0.235938 ((0.006773 0 0.028770) (0 -18.73753 0)))
(0.237500 ((0.006612 0 0.028661) (0 -18.95626 0)))
(0.239063 ((0.006450 0 0.028550) (0 -19.17568 0)))
(0.240625 ((0.006289 0 0.028438) (0 -19.39575 0)))
(0.242188 ((0.006127 0 0.028326) (0 -19.61649 0)))
(0.243750 ((0.005965 0 0.028212) (0 -19.83786 0)))
(0.245313 ((0.005803 0 0.028098) (0 -20.05986 0)))
(0.246875 ((0.005642 0 0.027982) (0 -20.28248 0)))
(0.248438 ((0.005480 0 0.027866) (0 -20.50569 0)))
(0.250000 ((0.005318 0 0.027748) (0 -20.72949 0)))
(0.251563 ((0.005157 0 0.027630) (0 -20.95386 0)))
(0.253125 ((0.004995 0 0.027511) (0 -21.17879 0)))
(0.254688 ((0.004834 0 0.027391) (0 -21.40426 0)))
(0.256250 ((0.004672 0 0.027270) (0 -21.63027 0)))
(0.257812 ((0.004511 0 0.027148) (0 -21.85679 0)))
(0.259375 ((0.004350 0 0.027025) (0 -22.08381 0)))
(0.260937 ((0.004189 0 0.026901) (0 -22.31132 0)))
(0.262500 ((0.004028 0 0.026776) (0 -22.53930 0)))
(0.264063 ((0.003867 0 0.026651) (0 -22.76775 0)))
(0.265625 ((0.003707 0 0.026524) (0 -22.99664 0)))
(0.267188 ((0.003547 0 0.026397) (0 -23.22596 0)))
(0.268750 ((0.003387 0 0.026269) (0 -23.45570 0)))
(0.270313 ((0.003227 0 0.026140) (0 -23.68585 0)))
(0.271875 ((0.003067 0 0.026010) (0 -23.91638 0)))
(0.273438 ((0.002908 0 0.025879) (0 -24.14729 0)))
(0.275000 ((0.002749 0 0.025748) (0 -24.37856 0)))
(0.276562 ((0.002590 0 0.025615) (0 -24.61018 0)))
(0.278125 ((0.002432 0 0.025482) (0 -24.84213 0)))
(0.279688 ((0.002274 0 0.025348) (0 -25.07439 0)))
(0.281250 ((0.002116 0 0.025213) (0 -25.30697 0)))
(0.282813 ((0.001959 0 0.025077) (0 -25.53983 0)))
(0.284375 ((0.001801 0 0.024940) (0 -25.77296 0)))
(0.285938 ((0.001645 0 0.024803) (0 -26.00636 0)))
(0.287500 ((0.001489 0 0.024665) (0 -26.24000 0)))
(0.289062 ((0.001333 0 0.024526) (0 -26.47388 0)))
(0.290625 ((0.001177 0 0.024386) (0 -26.70797 0)))
(0.292187 ((0.001022 0 0.024246) (0 -26.94227 0)))
(0.293750 ((0.000868 0 0.024105) (0 -27.17675 0)))
(0.295313 ((0.000714 0 0.023963) (0 -27.41141 0)))
(0.296875 ((0.000560 0 0.023820) (0 -27.64623 0)))
(0.298438 ((0.000407 0 0.023677) (0 -27.88119 0)))
(0.300000 ((0.000254 0 0.023533) (0 -28.11628 0)))
(0.301563 ((0.000102 0 0.023388) (0 -28.35149 0)))
(0.303125 ((-0.000049 0 0.023243) (0 -28.58681 0)))
(0.304688 ((-0.000200 0 0.023097) (0 -28.82221 0)))
(0.306250 ((-0.000351 0 0.022950) (0 -29.05768 0)))
(0.307813 ((-0.000500 0 0.022802) (0 -29.29321 0)))
(0.309375 ((-0.000650 0 0.022654) (0 -29.52878 0)))
(0.310938 ((-0.000798 0 0.022506) (0 -29.76438 0)))
(0.312500 ((-0.000947 0 0.022356) (0 -30.00000 0)))
(0.314063 ((-0.001094 0 0.022206) (0 -30.23562 0)))
(0.315625 ((-0.001241 0 0.022056) (0 -30.47122 0)))
(0.317188 ((-0.001387 0 0.021905) (0 -30.70679 0)))
(0.318750 ((-0.001533 0 0.021753) (0 -30.94232 0)))
(0.320312 ((-0.001678 0 0.021601) (0 -31.17779 0)))
(0.321875 ((-0.001822 0 0.021448) (0 -31.41319 0)))
(0.323438 ((-0.001965 0 0.021295) (0 -31.64851 0)))
(0.325000 ((-0.002108 0 0.021141) (0 -31.88372 0)))
(0.326563 ((-0.002250 0 0.020987) (0 -32.11881 0)))
(0.328125 ((-0.002392 0 0.020832) (0 -32.35377 0)))
(0.329688 ((-0.002533 0 0.020676) (0 -32.58859 0)))
(0.331250 ((-0.002673 0 0.020521) (0 -32.82325 0)))
(0.332813 ((-0.002812 0 0.020364) (0 -33.05773 0)))
(0.334375 ((-0.002950 0 0.020208) (0 -33.29203 0)))
(0.335938 ((-0.003088 0 0.020051) (0 -33.52612 0)))
(0.337500 ((-0.003225 0 0.019893) (0 -33.76000 0)))
(0.339063 ((-0.003361 0 0.019735) (0 -33.99364 0)))
(0.340625 ((-0.003497 0 0.019577) (0 -34.22704 0)))
(0.342188 ((-0.003631 0 0.019418) (0 -34.46017 0)))
(0.343750 ((-0.003765 0 0.019259) (0 -34.69303 0)))
(0.345313 ((-0.003898 0 0.019100) (0 -34.92561 0)))
(0.346875 ((-0.004030 0 0.018940) (0 -35.15787 0)))
(0.348438 ((-0.004161 0 0.018780) (0 -35.38982 0)))
(0.350000 ((-0.004292 0 0.018619) (0 -35.62144 0)))
(0.351562 ((-0.004422 0 0.018459) (0 -35.85271 0)))
(0.353125 ((-0.004550 0 0.018298) (0 -36.08362 0)))
(0.354688 ((-0.004678 0 0.018137) (0 -36.31415 0)))
(0.356250 ((-0.004805 0 0.017975) (0 -36.54430 0)))
(0.357813 ((-0.004932 0 0.017814) (0 -36.77404 0)))
(0.359375 ((-0.005057 0 0.017652) (0 -37.00336 0)))
(0.360938 ((-0.005181 0 0.017490) (0 -37.23225 0)))
(0.362500 ((-0.005305 0 0.017328) (0 -37.46070 0)))
(0.364063 ((-0.005428 0 0.017165) (0 -37.68868 0)))
(0.365625 ((-0.005549 0 0.017003) (0 -37.91619 0)))
(0.367188 ((-0.005670 0 0.016840) (0 -38.14321 0)))
(0.368750 ((-0.005790 0 0.016677) (0 -38.36973 0)))
(0.370313 ((-0.005909 0 0.016515) (0 -38.59574 0)))
(0.371875 ((-0.006027 0 0.016352) (0 -38.82121 0)))
(0.373438 ((-0.006145 0 0.016189) (0 -39.04614 0)))
(0.375000 ((-0.006261 0 0.016026) (0 -39.27051 0)))
(0.376563 ((-0.006376 0 0.015862) (0 -39.49431 0)))
(0.378125 ((-0.006491 0 0.015699) (0 -39.71752 0)))
(0.379688 ((-0.006604 0 0.015536) (0 -39.94014 0)))
(0.381250 ((-0.006717 0 0.015373) (0 -40.16214 0)))
(0.382812 ((-0.006828 0 0.015210) (0 -40.38351 0)))
(0.384375 ((-0.006939 0 0.015047) (0 -40.60425 0)))
(0.385938 ((-0.007048 0 0.014884) (0 -40.82432 0)))
(0.387500 ((-0.007157 0 0.014721) (0 -41.04374 0)))
(0.389063 ((-0.007265 0 0.014558) (0 -41.26247 0)))
(0.390625 ((-0.007372 0 0.014396) (0 -41.48050 0)))
(0.392188 ((-0.007477 0 0.014233) (0 -41.69783 0)))
(0.393750 ((-0.007582 0 0.014071) (0 -41.91444 0)))
(0.395313 ((-0.007686 0 0.013908) (0 -42.13031 0)))
(0.396875 ((-0.007789 0 0.013746) (0 -42.34543 0)))
(0.398438 ((-0.007891 0 0.013584) (0 -42.55979 0)))
(0.400000 ((-0.007992 0 0.013423) (0 -42.77338 0)))
(0.401563 ((-0.008092 0 0.013261) (0 -42.98618 0)))
(0.403125 ((-0.008191 0 0.013100) (0 -43.19818 0)))
(0.404688 ((-0.008289 0 0.012939) (0 -43.40936 0)))
(0.406250 ((-0.008386 0 0.012778) (0 -43.61971 0)))
(0.407813 ((-0.008482 0 0.012618) (0 -43.82923 0)))
(0.409375 ((-0.008577 0 0.012458) (0 -44.03789 0)))
(0.410938 ((-0.008672 0 0.012298) (0 -44.24569 0)))
(0.412500 ((-0.008765 0 0.012138) (0 -44.45261 0)))
(0.414062 ((-0.008857 0 0.011979) (0 -44.65864 0)))
(0.415625 ((-0.008948 0 0.011820) (0 -44.86376 0)))
(0.417188 ((-0.009038 0 0.011662) (0 -45.06797 0)))
(0.418750 ((-0.009128 0 0.011504) (0 -45.27124 0)))
(0.420313 ((-0.009216 0 0.011347) (0 -45.47358 0)))
(0.421875 ((-0.009303 0 0.011189) (0 -45.67496 0)))
(0.423438 ((-0.009390 0 0.011033) (0 -45.87537 0)))
(0.425000 ((-0.009475 0 0.010877) (0 -46.07480 0)))
(0.426563 ((-0.009560 0 0.010721) (0 -46.27325 0)))
(0.428125 ((-0.009643 0 0.010566) (0 -46.47068 0)))
(0.429688 ((-0.009726 0 0.010411) (0 -46.66711 0)))
(0.431250 ((-0.009807 0 0.010257) (0 -46.86250 0)))
(0.432813 ((-0.009888 0 0.010103) (0 -47.05686 0)))
(0.434375 ((-0.009967 0 0.009950) (0 -47.25016 0)))
(0.435938 ((-0.010046 0 0.009798) (0 -47.44240 0)))
(0.437500 ((-0.010124 0 0.009646) (0 -47.63356 0)))
(0.439063 ((-0.010203 0 0.009487) (0 -47.82363 0)))
(0.440625 ((-0.010285 0 0.009315) (0 -48.01261 0)))
(0.442188 ((-0.010370 0 0.009128) (0 -48.20047 0)))
(0.443750 ((-0.010458 0 0.008928) (0 -48.38721 0)))
(0.445312 ((-0.010548 0 0.008713) (0 -48.57282 0)))
(0.446875 ((-0.010641 0 0.008485) (0 -48.75728 0)))
(0.448438 ((-0.010736 0 0.008242) (0 -48.94058 0)))
(0.450000 ((-0.010833 0 0.007986) (0 -49.12272 0)))
(0.451563 ((-0.010932 0 0.007716) (0 -49.30368 0)))
(0.453125 ((-0.011032 0 0.007431) (0 -49.48344 0)))
(0.454688 ((-0.011133 0 0.007133) (0 -49.66201 0)))
(0.456250 ((-0.011234 0 0.006822) (0 -49.83936 0)))
(0.457813 ((-0.011336 0 0.006496) (0 -50.01548 0)))
(0.459375 ((-0.011439 0 0.006157) (0 -50.19038 0)))
(0.460938 ((-0.011540 0 0.005805) (0 -50.36402 0)))
(0.462500 ((-0.011641 0 0.005439) (0 -50.53641 0)))
(0.464063 ((-0.011741 0 0.005059) (0 -50.70754 0)))
(0.465625 ((-0.011840 0 0.004667) (0 -50.87738 0)))
(0.467188 ((-0.011936 0 0.004262) (0 -51.04594 0)))
(0.468750 ((-0.012031 0 0.003843) (0 -51.21320 0)))
(0.470313 ((-0.012123 0 0.003413) (0 -51.37916 0)))
(0.471875 ((-0.012211 0 0.002970) (0 -51.54379 0)))
(0.473438 ((-0.012296 0 0.002514) (0 -51.70709 0)))
(0.475000 ((-0.012378 0 0.002047) (0 -51.86906 0)))
(0.476562 ((-0.012455 0 0.001568) (0 -52.02968 0)))
(0.478125 ((-0.012527 0 0.001077) (0 -52.18893 0)))
(0.479688 ((-0.012594 0 0.000576) (0 -52.34682 0)))
(0.481250 ((-0.012655 0 0.000063) (0 -52.50333 0)))
(0.482813 ((-0.012710 0 -0.000460) (0 -52.65845 0)))
(0.484375 ((-0.012759 0 -0.000993) (0 -52.81218 0)))
(0.485938 ((-0.012801 0 -0.001536) (0 -52.96450 0)))
(0.487500 ((-0.012836 0 -0.002088) (0 -53.11540 0)))
(0.489063 ((-0.012863 0 -0.002649) (0 -53.26487 0)))
(0.490625 ((-0.012883 0 -0.003219) (0 -53.41291 0)))
(0.492188 ((-0.012894 0 -0.003798) (0 -53.55951 0)))
(0.493750 ((-0.012896 0 -0.004383) (0 -53.70465 0)))
(0.495313 ((-0.012889 0 -0.004977) (0 -53.84833 0)))
(0.496875 ((-0.012873 0 -0.005577) (0 -53.99054 0)))
(0.498438 ((-0.012847 0 -0.006183) (0 -54.13127 0)))
(0.500000 ((-0.012812 0 -0.006795) (0 -54.27051 0)))
(0.501563 ((-0.012766 0 -0.007413) (0 -54.40825 0)))
(0.503125 ((-0.012710 0 -0.008035) (0 -54.54449 0)))
(0.504688 ((-0.012644 0 -0.008662) (0 -54.67922 0)))
(0.506250 ((-0.012566 0 -0.009292) (0 -54.81242 0)))
(0.507812 ((-0.012478 0 -0.009925) (0 -54.94409 0)))
(0.509375 ((-0.012379 0 -0.010561) (0 -55.07422 0)))
(0.510938 ((-0.012268 0 -0.011199) (0 -55.20281 0)))
(0.512500 ((-0.012146 0 -0.011838) (0 -55.32984 0)))
(0.514062 ((-0.012013 0 -0.012478) (0 -55.45531 0)))
(0.515625 ((-0.011869 0 -0.013119) (0 -55.57920 0)))
(0.517188 ((-0.011713 0 -0.013759) (0 -55.70153 0)))
(0.518750 ((-0.011546 0 -0.014398) (0 -55.82226 0)))
(0.520313 ((-0.011368 0 -0.015035) (0 -55.94140 0)))
(0.521875 ((-0.011178 0 -0.015671) (0 -56.05895 0)))
(0.523438 ((-0.010978 0 -0.016304) (0 -56.17488 0)))
(0.525000 ((-0.010767 0 -0.016933) (0 -56.28920 0)))
(0.526563 ((-0.010545 0 -0.017559) (0 -56.40190 0)))
(0.528125 ((-0.010312 0 -0.018181) (0 -56.51297 0)))
(0.529687 ((-0.010069 0 -0.018797) (0 -56.62240 0)))
(0.531250 ((-0.009816 0 -0.019409) (0 -56.73020 0)))
(0.532813 ((-0.009554 0 -0.020014) (0 -56.83634 0)))
(0.534375 ((-0.009282 0 -0.020613) (0 -56.94083 0)))
(0.535938 ((-0.009001 0 -0.021205) (0 -57.04365 0)))
(0.537500 ((-0.008711 0 -0.021790) (0 -57.14481 0)))
(0.539062 ((-0.008413 0 -0.022367) (0 -57.24430 0)))
(0.540625 ((-0.008107 0 -0.022935) (0 -57.34210 0)))
(0.542188 ((-0.007793 0 -0.023495) (0 -57.43821 0)))
(0.543750 ((-0.007473 0 -0.024046) (0 -57.53264 0)))
(0.545312 ((-0.007146 0 -0.024588) (0 -57.62536 0)))
(0.546875 ((-0.006813 0 -0.025120) (0 -57.71639 0)))
(0.548438 ((-0.006474 0 -0.025641) (0 -57.80570 0)))
(0.550000 ((-0.006130 0 -0.026153) (0 -57.89329 0)))
(0.551563 ((-0.005782 0 -0.026653) (0 -57.97917 0)))
(0.553125 ((-0.005429 0 -0.027143) (0 -58.06332 0)))
(0.554688 ((-0.005074 0 -0.027622) (0 -58.14574 0)))
(0.556250 ((-0.004715 0 -0.028089) (0 -58.22642 0)))
(0.557813 ((-0.004354 0 -0.028545) (0 -58.30536 0)))
(0.559375 ((-0.003991 0 -0.028989) (0 -58.38256 0)))
(0.560937 ((-0.003627 0 -0.029421) (0 -58.45801 0)))
(0.562500 ((-0.003263 0 -0.029841) (0 -58.53170 0)))
(0.564063 ((-0.002899 0 -0.030250) (0 -58.60363 0)))
(0.565625 ((-0.002535 0 -0.030646) (0 -58.67379 0)))
(0.567188 ((-0.002172 0 -0.031030) (0 -58.74219 0)))
(0.568750 ((-0.001811 0 -0.031402) (0 -58.80881 0)))
(0.570312 ((-0.001453 0 -0.031762) (0 -58.87366 0)))
(0.571875 ((-0.001097 0 -0.032109) (0 -58.93672 0)))
(0.573438 ((-0.000745 0 -0.032444) (0 -58.99800 0)))
(0.575000 ((-0.000397 0 -0.032768) (0 -59.05749 0)))
(0.576562 ((-0.000053 0 -0.033079) (0 -59.11519 0)))
(0.578125 ((0.000285 0 -0.033378) (0 -59.17110 0)))
(0.579688 ((0.000618 0 -0.033666) (0 -59.22520 0)))
(0.581250 ((0.000945 0 -0.033942) (0 -59.27750 0)))
(0.582813 ((0.001265 0 -0.034206) (0 -59.32800 0)))
(0.584375 ((0.001577 0 -0.034458) (0 -59.37668 0)))
(0.585938 ((0.001882 0 -0.034700) (0 -59.42356 0)))
(0.587500 ((0.002179 0 -0.034930) (0 -59.46862 0)))
(0.589063 ((0.002468 0 -0.035149) (0 -59.51186 0)))
(0.590625 ((0.002747 0 -0.035357) (0 -59.55328 0)))
(0.592187 ((0.003017 0 -0.035554) (0 -59.59288 0)))
(0.593750 ((0.003277 0 -0.035741) (0 -59.63065 0)))
(0.595313 ((0.003527 0 -0.035917) (0 -59.66659 0)))
(0.596875 ((0.003767 0 -0.036083) (0 -59.70071 0)))
(0.598438 ((0.003995 0 -0.036239) (0 -59.73299 0)))
(0.600000 ((0.004212 0 -0.036385) (0 -59.76344 0)))
(0.601562 ((0.004418 0 -0.036521) (0 -59.79205 0)))
(0.603125 ((0.004611 0 -0.036648) (0 -59.81883 0)))
(0.604688 ((0.004793 0 -0.036765) (0 -59.84376 0)))
(0.606250 ((0.004962 0 -0.036873) (0 -59.86686 0)))
(0.607813 ((0.005119 0 -0.036971) (0 -59.88811 0)))
(0.609375 ((0.005262 0 -0.037061) (0 -59.90752 0)))
(0.610938 ((0.005393 0 -0.037142) (0 -59.92508 0)))
(0.612500 ((0.005510 0 -0.037214) (0 -59.94080 0)))
(0.614063 ((0.005614 0 -0.037277) (0 -59.95467 0)))
(0.615625 ((0.005704 0 -0.037331) (0 -59.96670 0)))
(0.617188 ((0.005781 0 -0.037377) (0 -59.97687 0)))
(0.618750 ((0.005844 0 -0.037415) (0 -59.98520 0)))
(0.620313 ((0.005893 0 -0.037444) (0 -59.99167 0)))
(0.621875 ((0.005928 0 -0.037465) (0 -59.99630 0)))
(0.623438 ((0.005949 0 -0.037477) (0 -59.99907 0)))
(0.625000 ((0.005956 0 -0.037481) (0 -60.00000 0)))
(0.626563 ((0.005956 0 -0.037481) (0 -59.99907 0)))
(0.628125 ((0.005954 0 -0.037479) (0 -59.99630 0)))
(0.629688 ((0.005952 0 -0.037477) (0 -59.99167 0)))
(0.631250 ((0.005950 0 -0.037474) (0 -59.98520 0)))
(0.632812 ((0.005946 0 -0.037469) (0 -59.97687 0)))
(0.634375 ((0.005942 0 -0.037464) (0 -59.96670 0)))
(0.635938 ((0.005937 0 -0.037458) (0 -59.95467 0)))
(0.637500 ((0.005931 0 -0.037451) (0 -59.94080 0)))
(0.639063 ((0.005925 0 -0.037443) (0 -59.92508 0)))
(0.640625 ((0.005917 0 -0.037434) (0 -59.90752 0)))
(0.642188 ((0.005909 0 -0.037424) (0 -59.88811 0)))
(0.643750 ((0.005900 0 -0.037413) (0 -59.86686 0)))
(0.645313 ((0.005891 0 -0.037401) (0 -59.84376 0)))
(0.646875 ((0.005881 0 -0.037388) (0 -59.81883 0)))
(0.648438 ((0.005869 0 -0.037374) (0 -59.79205 0)))
(0.650000 ((0.005858 0 -0.037359) (0 -59.76344 0)))
(0.651563 ((0.005845 0 -0.037344) (0 -59.73299 0)))
(0.653125 ((0.005832 0 -0.037327) (0 -59.70071 0)))
(0.654688 ((0.005817 0 -0.037309) (0 -59.66659 0)))
(0.656250 ((0.005802 0 -0.037291) (0 -59.63065 0)))
(0.657813 ((0.005787 0 -0.037271) (0 -59.59288 0)))
(0.659375 ((0.005771 0 -0.037251) (0 -59.55328 0)))
(0.660938 ((0.005753 0 -0.037229) (0 -59.51186 0)))
(0.662500 ((0.005736 0 -0.037207) (0 -59.46862 0)))
(0.664062 ((0.005717 0 -0.037184) (0 -59.42356 0)))
(0.665625 ((0.005698 0 -0.037159) (0 -59.37668 0)))
(0.667188 ((0.005678 0 -0.037134) (0 -59.32800 0)))
(0.668750 ((0.005657 0 -0.037108) (0 -59.27750 0)))
(0.670313 ((0.005635 0 -0.037081) (0 -59.22520 0)))
(0.671875 ((0.005613 0 -0.037052) (0 -59.17110 0)))
(0.673438 ((0.005590 0 -0.037023) (0 -59.11519 0)))
(0.675000 ((0.005567 0 -0.036993) (0 -59.05749 0)))
(0.676563 ((0.005543 0 -0.036962) (0 -58.99800 0)))
(0.678125 ((0.005518 0 -0.036930) (0 -58.93672 0)))
(0.679688 ((0.005492 0 -0.036897) (0 -58.87366 0)))
(0.681250 ((0.005465 0 -0.036863) (0 -58.80881 0)))
(0.682813 ((0.005438 0 -0.036828) (0 -58.74219 0)))
(0.684375 ((0.005411 0 -0.036793) (0 -58.67379 0)))
(0.685938 ((0.005382 0 -0.036756) (0 -58.60363 0)))
(0.687500 ((0.005353 0 -0.036718) (0 -58.53170 0)))
(0.689063 ((0.005324 0 -0.036679) (0 -58.45801 0)))
(0.690625 ((0.005293 0 -0.036640) (0 -58.38256 0)))
(0.692188 ((0.005262 0 -0.036599) (0 -58.30536 0)))
(0.693750 ((0.005230 0 -0.036557) (0 -58.22642 0)))
(0.695312 ((0.005198 0 -0.036515) (0 -58.14574 0)))
(0.696875 ((0.005165 0 -0.036471) (0 -58.06332 0)))
(0.698438 ((0.005132 0 -0.036427) (0 -57.97917 0)))
(0.700000 ((0.005097 0 -0.036381) (0 -57.89329 0)))
(0.701563 ((0.005063 0 -0.036335) (0 -57.80570 0)))
(0.703125 ((0.005027 0 -0.036288) (0 -57.71639 0)))
(0.704688 ((0.004991 0 -0.036239) (0 -57.62536 0)))
(0.706250 ((0.004954 0 -0.036190) (0 -57.53264 0)))
(0.707813 ((0.004917 0 -0.036140) (0 -57.43821 0)))
(0.709375 ((0.004879 0 -0.036089) (0 -57.34210 0)))
(0.710938 ((0.004841 0 -0.036036) (0 -57.24430 0)))
(0.712500 ((0.004802 0 -0.035983) (0 -57.14481 0)))
(0.714063 ((0.004763 0 -0.035929) (0 -57.04365 0)))
(0.715625 ((0.004723 0 -0.035874) (0 -56.94083 0)))
(0.717188 ((0.004682 0 -0.035818) (0 -56.83634 0)))
(0.718750 ((0.004641 0 -0.035761) (0 -56.73020 0)))
(0.720313 ((0.004599 0 -0.035703) (0 -56.62240 0)))
(0.721875 ((0.004557 0 -0.035644) (0 -56.51297 0)))
(0.723438 ((0.004514 0 -0.035584) (0 -56.40190 0)))
(0.725000 ((0.004471 0 -0.035523) (0 -56.28920 0)))
(0.726562 ((0.004427 0 -0.035461) (0 -56.17488 0)))
(0.728125 ((0.004383 0 -0.035399) (0 -56.05895 0)))
(0.729688 ((0.004338 0 -0.035335) (0 -55.94140 0)))
(0.731250 ((0.004293 0 -0.035270) (0 -55.82226 0)))
(0.732813 ((0.004248 0 -0.035204) (0 -55.70153 0)))
(0.734375 ((0.004202 0 -0.035138) (0 -55.57920 0)))
(0.735938 ((0.004155 0 -0.035070) (0 -55.45531 0)))
(0.737500 ((0.004108 0 -0.035002) (0 -55.32984 0)))
(0.739063 ((0.004061 0 -0.034932) (0 -55.20281 0)))
(0.740625 ((0.004013 0 -0.034862) (0 -55.07422 0)))
(0.742188 ((0.003965 0 -0.034790) (0 -54.94409 0)))
(0.743750 ((0.003916 0 -0.034718) (0 -54.81242 0)))
(0.745313 ((0.003867 0 -0.034645) (0 -54.67922 0)))
(0.746875 ((0.003817 0 -0.034570) (0 -54.54449 0)))
(0.748438 ((0.003768 0 -0.034495) (0 -54.40825 0)))
(0.750000 ((0.003717 0 -0.034419) (0 -54.27051 0)))
(0.751563 ((0.003667 0 -0.034342) (0 -54.13127 0)))
(0.753125 ((0.003616 0 -0.034264) (0 -53.99054 0)))
(0.754688 ((0.003565 0 -0.034184) (0 -53.84833 0)))
(0.756250 ((0.003513 0 -0.034104) (0 -53.70465 0)))
(0.757812 ((0.003461 0 -0.034024) (0 -53.55951 0)))
(0.759375 ((0.003409 0 -0.033942) (0 -53.41291 0)))
(0.760938 ((0.003357 0 -0.033859) (0 -53.26487 0)))
(0.762500 ((0.003304 0 -0.033775) (0 -53.11540 0)))
(0.764063 ((0.003251 0 -0.033690) (0 -52.96450 0)))
(0.765625 ((0.003197 0 -0.033605) (0 -52.81218 0)))
(0.767188 ((0.003144 0 -0.033518) (0 -52.65845 0)))
(0.768750 ((0.003090 0 -0.033431) (0 -52.50333 0)))
(0.770313 ((0.003036 0 -0.033342) (0 -52.34682 0)))
(0.771875 ((0.002981 0 -0.033253) (0 -52.18893 0)))
(0.773438 ((0.002927 0 -0.033163) (0 -52.02968 0)))
(0.775000 ((0.002872 0 -0.033071) (0 -51.86906 0)))
(0.776563 ((0.002817 0 -0.032979) (0 -51.70709 0)))
(0.778125 ((0.002762 0 -0.032886) (0 -51.54379 0)))
(0.779688 ((0.002707 0 -0.032792) (0 -51.37916 0)))
(0.781250 ((0.002651 0 -0.032697) (0 -51.21320 0)))
(0.782813 ((0.002596 0 -0.032602) (0 -51.04594 0)))
(0.784375 ((0.002540 0 -0.032505) (0 -50.87738 0)))
(0.785938 ((0.002484 0 -0.032407) (0 -50.70754 0)))
(0.787500 ((0.002428 0 -0.032309) (0 -50.53641 0)))
(0.789062 ((0.002372 0 -0.032209) (0 -50.36402 0)))
(0.790625 ((0.002315 0 -0.032109) (0 -50.19038 0)))
(0.792188 ((0.002259 0 -0.032008) (0 -50.01548 0)))
(0.793750 ((0.002202 0 -0.031906) (0 -49.83936 0)))
(0.795313 ((0.002146 0 -0.031803) (0 -49.66201 0)))
(0.796875 ((0.002089 0 -0.031699) (0 -49.48344 0)))
(0.798438 ((0.002033 0 -0.031594) (0 -49.30368 0)))
(0.800000 ((0.001976 0 -0.031489) (0 -49.12272 0)))
(0.801563 ((0.001919 0 -0.031382) (0 -48.94058 0)))
(0.803125 ((0.001862 0 -0.031275) (0 -48.75728 0)))
(0.804688 ((0.001805 0 -0.031167) (0 -48.57282 0)))
(0.806250 ((0.001749 0 -0.031058) (0 -48.38721 0)))
(0.807813 ((0.001692 0 -0.030948) (0 -48.20047 0)))
(0.809375 ((0.001635 0 -0.030837) (0 -48.01261 0)))
(0.810938 ((0.001578 0 -0.030725) (0 -47.82363 0)))
(0.812500 ((0.001522 0 -0.030613) (0 -47.63356 0)))
(0.814063 ((0.001465 0 -0.030500) (0 -47.44240 0)))
(0.815625 ((0.001409 0 -0.030386) (0 -47.25016 0)))
(0.817188 ((0.001352 0 -0.030271) (0 -47.05686 0)))
(0.818750 ((0.001296 0 -0.030155) (0 -46.86250 0)))
(0.820312 ((0.001239 0 -0.030038) (0 -46.66711 0)))
(0.821875 ((0.001183 0 -0.029921) (0 -46.47068 0)))
(0.823438 ((0.001127 0 -0.029803) (0 -46.27325 0)))
(0.825000 ((0.001071 0 -0.029684) (0 -46.07480 0)))
(0.826563 ((0.001015 0 -0.029564) (0 -45.87537 0)))
(0.828125 ((0.000960 0 -0.029444) (0 -45.67496 0)))
(0.829688 ((0.000904 0 -0.029323) (0 -45.47358 0)))
(0.831250 ((0.000849 0 -0.029201) (0 -45.27124 0)))
(0.832813 ((0.000793 0 -0.029078) (0 -45.06797 0)))
(0.834375 ((0.000738 0 -0.028954) (0 -44.86376 0)))
(0.835938 ((0.000684 0 -0.028830) (0 -44.65864 0)))
(0.837500 ((0.000629 0 -0.028705) (0 -44.45261 0)))
(0.839063 ((0.000575 0 -0.028579) (0 -44.24569 0)))
(0.840625 ((0.000520 0 -0.028452) (0 -44.03789 0)))
(0.842188 ((0.000467 0 -0.028325) (0 -43.82923 0)))
(0.843750 ((0.000413 0 -0.028197) (0 -43.61971 0)))
(0.845313 ((0.000359 0 -0.028068) (0 -43.40936 0)))
(0.846875 ((0.000306 0 -0.027939) (0 -43.19818 0)))
(0.848438 ((0.000253 0 -0.027809) (0 -42.98618 0)))
(0.850000 ((0.000201 0 -0.027678) (0 -42.77338 0)))
(0.851562 ((0.000149 0 -0.027547) (0 -42.55979 0)))
(0.853125 ((0.000097 0 -0.027415) (0 -42.34543 0)))
(0.854688 ((0.000045 0 -0.027282) (0 -42.13031 0)))
(0.856250 ((-0.000007 0 -0.027148) (0 -41.91444 0)))
(0.857813 ((-0.000058 0 -0.027014) (0 -41.69783 0)))
(0.859375 ((-0.000108 0 -0.026880) (0 -41.48050 0)))
(0.860938 ((-0.000159 0 -0.026744) (0 -41.26247 0)))
(0.862500 ((-0.000209 0 -0.026608) (0 -41.04374 0)))
(0.864063 ((-0.000258 0 -0.026472) (0 -40.82432 0)))
(0.865625 ((-0.000307 0 -0.026334) (0 -40.60425 0)))
(0.867188 ((-0.000356 0 -0.026197) (0 -40.38351 0)))
(0.868750 ((-0.000405 0 -0.026058) (0 -40.16214 0)))
(0.870313 ((-0.000453 0 -0.025919) (0 -39.94014 0)))
(0.871875 ((-0.000500 0 -0.025780) (0 -39.71752 0)))
(0.873438 ((-0.000548 0 -0.025640) (0 -39.49431 0)))
(0.875000 ((-0.000595 0 -0.025499) (0 -39.27051 0)))
(0.876563 ((-0.000641 0 -0.025358) (0 -39.04614 0)))
(0.878125 ((-0.000687 0 -0.025216) (0 -38.82121 0)))
(0.879688 ((-0.000732 0 -0.025074) (0 -38.59574 0)))
(0.881250 ((-0.000777 0 -0.024931) (0 -38.36973 0)))
(0.882812 ((-0.000822 0 -0.024788) (0 -38.14321 0)))
(0.884375 ((-0.000866 0 -0.024644) (0 -37.91619 0)))
(0.885938 ((-0.000910 0 -0.024500) (0 -37.68868 0)))
(0.887500 ((-0.000953 0 -0.024355) (0 -37.46070 0)))
(0.889063 ((-0.000996 0 -0.024210) (0 -37.23225 0)))
(0.890625 ((-0.001038 0 -0.024064) (0 -37.00336 0)))
(0.892188 ((-0.001079 0 -0.023918) (0 -36.77404 0)))
(0.893750 ((-0.001121 0 -0.023772) (0 -36.54430 0)))
(0.895313 ((-0.001161 0 -0.023625) (0 -36.31415 0)))
(0.896875 ((-0.001201 0 -0.023477) (0 -36.08362 0)))
(0.898438 ((-0.001241 0 -0.023330) (0 -35.85271 0)))
(0.900000 ((-0.001280 0 -0.023181) (0 -35.62144 0)))
(0.901563 ((-0.001318 0 -0.023033) (0 -35.38982 0)))
(0.903125 ((-0.001356 0 -0.022884) (0 -35.15787 0)))
(0.904688 ((-0.001394 0 -0.022735) (0 -34.92561 0)))
(0.906250 ((-0.001431 0 -0.022585) (0 -34.69303 0)))
(0.907813 ((-0.001467 0 -0.022435) (0 -34.46017 0)))
(0.909375 ((-0.001503 0 -0.022285) (0 -34.22704 0)))
(0.910938 ((-0.001538 0 -0.022135) (0 -33.99364 0)))
(0.912500 ((-0.001572 0 -0.021984) (0 -33.76000 0)))
(0.914062 ((-0.001606 0 -0.021833) (0 -33.52612 0)))
(0.915625 ((-0.001640 0 -0.021681) (0 -33.29203 0)))
(0.917188 ((-0.001673 0 -0.021530) (0 -33.05773 0)))
(0.918750 ((-0.001705 0 -0.021378) (0 -32.82325 0)))
(0.920313 ((-0.001736 0 -0.021225) (0 -32.58859 0)))
(0.921875 ((-0.001767 0 -0.021073) (0 -32.35377 0)))
(0.923438 ((-0.001798 0 -0.020920) (0 -32.11881 0)))
(0.925000 ((-0.001828 0 -0.020767) (0 -31.88372 0)))
(0.926563 ((-0.001857 0 -0.020614) (0 -31.64851 0)))
(0.928125 ((-0.001885 0 -0.020461) (0 -31.41319 0)))
(0.929688 ((-0.001913 0 -0.020308) (0 -31.17779 0)))
(0.931250 ((-0.001941 0 -0.020154) (0 -30.94232 0)))
(0.932813 ((-0.001967 0 -0.020001) (0 -30.70679 0)))
(0.934375 ((-0.001993 0 -0.019847) (0 -30.47122 0)))
(0.935938 ((-0.002019 0 -0.019693) (0 -30.23562 0)))
(0.937500 ((-0.002044 0 -0.019539) (0 -30.00000 0)))
(0.939063 ((-0.002068 0 -0.019384) (0 -29.76438 0)))
(0.940625 ((-0.002091 0 -0.019230) (0 -29.52878 0)))
(0.942188 ((-0.002114 0 -0.019076) (0 -29.29321 0)))
(0.943750 ((-0.002136 0 -0.018921) (0 -29.05768 0)))
(0.945312 ((-0.002158 0 -0.018767) (0 -28.82221 0)))
(0.946875 ((-0.002179 0 -0.018612) (0 -28.58681 0)))
(0.948438 ((-0.002199 0 -0.018458) (0 -28.35149 0)))
(0.950000 ((-0.002219 0 -0.018303) (0 -28.11628 0)))
(0.951563 ((-0.002238 0 -0.018149) (0 -27.88119 0)))
(0.953125 ((-0.002257 0 -0.017994) (0 -27.64623 0)))
(0.954688 ((-0.002274 0 -0.017840) (0 -27.41141 0)))
(0.956250 ((-0.002291 0 -0.017685) (0 -27.17675 0)))
(0.957813 ((-0.002308 0 -0.017531) (0 -26.94227 0)))
(0.959375 ((-0.002324 0 -0.017376) (0 -26.70797 0)))
(0.960938 ((-0.002339 0 -0.017222) (0 -26.47388 0)))
(0.962500 ((-0.002353 0 -0.017068) (0 -26.24000 0)))
(0.964063 ((-0.002367 0 -0.016914) (0 -26.00636 0)))
(0.965625 ((-0.002381 0 -0.016760) (0 -25.77296 0)))
(0.967188 ((-0.002393 0 -0.016606) (0 -25.53983 0)))
(0.968750 ((-0.002405 0 -0.016452) (0 -25.30697 0)))
(0.970313 ((-0.002417 0 -0.016298) (0 -25.07439 0)))
(0.971875 ((-0.002427 0 -0.016145) (0 -24.84213 0)))
(0.973438 ((-0.002437 0 -0.015992) (0 -24.61018 0)))
(0.975000 ((-0.002447 0 -0.015838) (0 -24.37856 0)))
(0.976562 ((-0.002456 0 -0.015686) (0 -24.14729 0)))
(0.978125 ((-0.002464 0 -0.015533) (0 -23.91638 0)))
(0.979688 ((-0.002471 0 -0.015380) (0 -23.68585 0)))
(0.981250 ((-0.002478 0 -0.015228) (0 -23.45570 0)))
(0.982813 ((-0.002484 0 -0.015076) (0 -23.22596 0)))
(0.984375 ((-0.002490 0 -0.014924) (0 -22.99664 0)))
(0.985938 ((-0.002495 0 -0.014773) (0 -22.76775 0)))
(0.987500 ((-0.002500 0 -0.014621) (0 -22.53930 0)))
(0.989063 ((-0.002503 0 -0.014470) (0 -22.31132 0)))
(0.990625 ((-0.002507 0 -0.014320) (0 -22.08381 0)))
(0.992188 ((-0.002509 0 -0.014169) (0 -21.85679 0)))
(0.993750 ((-0.002511 0 -0.014019) (0 -21.63027 0)))
(0.995313 ((-0.002513 0 -0.013870) (0 -21.40426 0)))
(0.996875 ((-0.002514 0 -0.013720) (0 -21.17879 0)))
(0.998438 ((-0.002514 0 -0.013571) (0 -20.95386 0)))
(1.000000 ((-0.002514 0 -0.013423) (0 -20.72949 0)))
(1.001563 ((-0.002513 0 -0.013275) (0 -20.50569 0)))
(1.003125 ((-0.002511 0 -0.013127) (0 -20.28248 0)))
(1.004687 ((-0.002509 0 -0.012979) (0 -20.05986 0)))
(1.006250 ((-0.002506 0 -0.012832) (0 -19.83786 0)))
(1.007812 ((-0.002503 0 -0.012686) (0 -19.61649 0)))
(1.009375 ((-0.002500 0 -0.012539) (0 -19.39575 0)))
(1.010938 ((-0.002495 0 -0.012394) (0 -19.17568 0)))
(1.012500 ((-0.002490 0 -0.012248) (0 -18.95626 0)))
(1.014063 ((-0.002485 0 -0.012104) (0 -18.73753 0)))
(1.015625 ((-0.002479 0 -0.011959) (0 -18.51950 0)))
(1.017188 ((-0.002473 0 -0.011816) (0 -18.30217 0)))
(1.018750 ((-0.002466 0 -0.011672) (0 -18.08556 0)))
(1.020312 ((-0.002458 0 -0.011529) (0 -17.86969 0)))
(1.021875 ((-0.002450 0 -0.011387) (0 -17.65457 0)))
(1.023438 ((-0.002442 0 -0.011245) (0 -17.44021 0)))
(1.025000 ((-0.002433 0 -0.011104) (0 -17.22662 0)))
(1.026563 ((-0.002423 0 -0.010964) (0 -17.01382 0)))
(1.028125 ((-0.002413 0 -0.010824) (0 -16.80182 0)))
(1.029688 ((-0.002403 0 -0.010684) (0 -16.59064 0)))
(1.031250 ((-0.002392 0 -0.010545) (0 -16.38029 0)))
(1.032813 ((-0.002381 0 -0.010407) (0 -16.17077 0)))
(1.034375 ((-0.002369 0 -0.010269) (0 -15.96211 0)))
(1.035937 ((-0.002357 0 -0.010132) (0 -15.75431 0)))
(1.037500 ((-0.002344 0 -0.009996) (0 -15.54739 0)))
(1.039062 ((-0.002331 0 -0.009860) (0 -15.34136 0)))
(1.040625 ((-0.002317 0 -0.009725) (0 -15.13624 0)))
(1.042188 ((-0.002303 0 -0.009590) (0 -14.93203 0)))
(1.043750 ((-0.002289 0 -0.009456) (0 -14.72876 0)))
(1.045313 ((-0.002274 0 -0.009323) (0 -14.52642 0)))
(1.046875 ((-0.002259 0 -0.009190) (0 -14.32504 0)))
(1.048438 ((-0.002243 0 -0.009059) (0 -14.12463 0)))
(1.050000 ((-0.002227 0 -0.008927) (0 -13.92520 0)))
(1.051562 ((-0.002211 0 -0.008797) (0 -13.72675 0)))
(1.053125 ((-0.002194 0 -0.008667) (0 -13.52932 0)))
(1.054688 ((-0.002177 0 -0.008538) (0 -13.33289 0)))
(1.056250 ((-0.002160 0 -0.008410) (0 -13.13750 0)))
(1.057813 ((-0.002142 0 -0.008283) (0 -12.94314 0)))
(1.059375 ((-0.002124 0 -0.008156) (0 -12.74984 0)))
(1.060938 ((-0.002105 0 -0.008030) (0 -12.55760 0)))
(1.062500 ((-0.002087 0 -0.007905) (0 -12.36644 0)))
(1.064063 ((-0.002068 0 -0.007780) (0 -12.17637 0)))
(1.065625 ((-0.002048 0 -0.007657) (0 -11.98739 0)))
(1.067187 ((-0.002029 0 -0.007534) (0 -11.79953 0)))
(1.068750 ((-0.002009 0 -0.007412) (0 -11.61279 0)))
(1.070312 ((-0.001989 0 -0.007290) (0 -11.42718 0)))
(1.071875 ((-0.001968 0 -0.007170) (0 -11.24272 0)))
(1.073438 ((-0.001947 0 -0.007050) (0 -11.05942 0)))
(1.075000 ((-0.001926 0 -0.006931) (0 -10.87728 0)))
(1.076563 ((-0.001905 0 -0.006813) (0 -10.69632 0)))
(1.078125 ((-0.001884 0 -0.006696) (0 -10.51656 0)))
(1.079688 ((-0.001862 0 -0.006580) (0 -10.33799 0)))
(1.081250 ((-0.001840 0 -0.006465) (0 -10.16064 0)))
(1.082812 ((-0.001818 0 -0.006350) (0 -9.98452 0)))
(1.084375 ((-0.001796 0 -0.006236) (0 -9.80962 0)))
(1.085938 ((-0.001774 0 -0.006123) (0 -9.63598 0)))
(1.087500 ((-0.001751 0 -0.006012) (0 -9.46359 0)))
(1.089063 ((-0.001728 0 -0.005901) (0 -9.29246 0)))
(1.090625 ((-0.001705 0 -0.005790) (0 -9.12262 0)))
(1.092188 ((-0.001682 0 -0.005681) (0 -8.95406 0)))
(1.093750 ((-0.001659 0 -0.005573) (0 -8.78680 0)))
(1.095313 ((-0.001636 0 -0.005465) (0 -8.62084 0)))
(1.096875 ((-0.001612 0 -0.005359) (0 -8.45621 0)))
(1.098437 ((-0.001589 0 -0.005253) (0 -8.29291 0)))
(1.100000 ((-0.001565 0 -0.005149) (0 -8.13094 0)))
(1.101562 ((-0.001541 0 -0.005045) (0 -7.97032 0)))
(1.103125 ((-0.001517 0 -0.004942) (0 -7.81107 0)))
(1.104688 ((-0.001493 0 -0.004840) (0 -7.65318 0)))
(1.106250 ((-0.001469 0 -0.004740) (0 -7.49667 0)))
(1.107813 ((-0.001445 0 -0.004640) (0 -7.34155 0)))
(1.109375 ((-0.001421 0 -0.004541) (0 -7.18782 0)))
(1.110938 ((-0.001397 0 -0.004443) (0 -7.03550 0)))
(1.112500 ((-0.001373 0 -0.004346) (0 -6.88460 0)))
(1.114062 ((-0.001348 0 -0.004250) (0 -6.73513 0)))
(1.115625 ((-0.001324 0 -0.004155) (0 -6.58709 0)))
(1.117188 ((-0.001300 0 -0.004061) (0 -6.44049 0)))
(1.118750 ((-0.001276 0 -0.003968) (0 -6.29535 0)))
(1.120313 ((-0.001251 0 -0.003876) (0 -6.15167 0)))
(1.121875 ((-0.001227 0 -0.003785) (0 -6.00946 0)))
(1.123438 ((-0.001203 0 -0.003695) (0 -5.86873 0)))
(1.125000 ((-0.001179 0 -0.003606) (0 -5.72949 0)))
(1.126563 ((-0.001155 0 -0.003518) (0 -5.59175 0)))
(1.128125 ((-0.001131 0 -0.003431) (0 -5.45551 0)))
(1.129687 ((-0.001107 0 -0.003345) (0 -5.32078 0)))
(1.131250 ((-0.001083 0 -0.003260) (0 -5.18758 0)))
(1.132812 ((-0.001059 0 -0.003176) (0 -5.05591 0)))
(1.134375 ((-0.001035 0 -0.003093) (0 -4.92578 0)))
(1.135938 ((-0.001012 0 -0.003011) (0 -4.79719 0)))
(1.137500 ((-0.000988 0 -0.002930) (0 -4.67016 0)))
(1.139063 ((-0.000965 0 -0.002851) (0 -4.54469 0)))
(1.140625 ((-0.000942 0 -0.002772) (0 -4.42080 0)))
(1.142188 ((-0.000918 0 -0.002694) (0 -4.29847 0)))
(1.143750 ((-0.000895 0 -0.002618) (0 -4.17774 0)))
(1.145312 ((-0.000872 0 -0.002542) (0 -4.05860 0)))
(1.146875 ((-0.000850 0 -0.002468) (0 -3.94105 0)))
(1.148438 ((-0.000827 0 -0.002394) (0 -3.82512 0)))
(1.150000 ((-0.000805 0 -0.002322) (0 -3.71080 0)))
(1.151563 ((-0.000783 0 -0.002251) (0 -3.59810 0)))
(1.153125 ((-0.000761 0 -0.002181) (0 -3.48703 0)))
(1.154688 ((-0.000739 0 -0.002111) (0 -3.37760 0)))
(1.156250 ((-0.000717 0 -0.002043) (0 -3.26980 0)))
(1.157813 ((-0.000696 0 -0.001976) (0 -3.16366 0)))
(1.159375 ((-0.000674 0 -0.001911) (0 -3.05917 0)))
(1.160937 ((-0.000653 0 -0.001846) (0 -2.95635 0)))
(1.162500 ((-0.000633 0 -0.001782) (0 -2.85519 0)))
(1.164062 ((-0.000612 0 -0.001719) (0 -2.75570 0)))
(1.165625 ((-0.000592 0 -0.001658) (0 -2.65790 0)))
(1.167188 ((-0.000572 0 -0.001598) (0 -2.56179 0)))
(1.168750 ((-0.000552 0 -0.001538) (0 -2.46736 0)))
(1.170313 ((-0.000532 0 -0.001480) (0 -2.37464 0)))
(1.171875 ((-0.000513 0 -0.001423) (0 -2.28361 0)))
(1.173438 ((-0.000494 0 -0.001367) (0 -2.19430 0)))
(1.175000 ((-0.000475 0 -0.001312) (0 -2.10671 0)))
(1.176562 ((-0.000457 0 -0.001258) (0 -2.02083 0)))
(1.178125 ((-0.000439 0 -0.001205) (0 -1.93668 0)))
(1.179688 ((-0.000421 0 -0.001154) (0 -1.85426 0)))
(1.181250 ((-0.000403 0 -0.001103) (0 -1.77358 0)))
(1.182813 ((-0.000386 0 -0.001054) (0 -1.69464 0)))
(1.184375 ((-0.000369 0 -0.001006) (0 -1.61744 0)))
(1.185938 ((-0.000353 0 -0.000959) (0 -1.54199 0)))
(1.187500 ((-0.000336 0 -0.000913) (0 -1.46830 0)))
(1.189063 ((-0.000320 0 -0.000868) (0 -1.39637 0)))
(1.190625 ((-0.000305 0 -0.000824) (0 -1.32621 0)))
(1.192187 ((-0.000290 0 -0.000781) (0 -1.25781 0)))
(1.193750 ((-0.000275 0 -0.000740) (0 -1.19119 0)))
(1.195312 ((-0.000260 0 -0.000699) (0 -1.12634 0)))
(1.196875 ((-0.000246 0 -0.000660) (0 -1.06328 0)))
(1.198438 ((-0.000232 0 -0.000622) (0 -1.00200 0)))
(1.200000 ((-0.000219 0 -0.000585) (0 -0.94251 0)))
(1.201563 ((-0.000206 0 -0.000549) (0 -0.88481 0)))
(1.203125 ((-0.000193 0 -0.000514) (0 -0.82890 0)))
(1.204688 ((-0.000180 0 -0.000480) (0 -0.77480 0)))
(1.206250 ((-0.000168 0 -0.000448) (0 -0.72250 0)))
(1.207813 ((-0.000157 0 -0.000417) (0 -0.67200 0)))
(1.209375 ((-0.000146 0 -0.000386) (0 -0.62332 0)))
(1.210938 ((-0.000135 0 -0.000357) (0 -0.57644 0)))
(1.212500 ((-0.000124 0 -0.000329) (0 -0.53138 0)))
(1.214063 ((-0.000114 0 -0.000302) (0 -0.48814 0)))
(1.215625 ((-0.000105 0 -0.000277) (0 -0.44672 0)))
(1.217188 ((-0.000096 0 -0.000252) (0 -0.40712 0)))
(1.218750 ((-0.000087 0 -0.000229) (0 -0.36935 0)))
(1.220313 ((-0.000078 0 -0.000206) (0 -0.33341 0)))
(1.221875 ((-0.000070 0 -0.000185) (0 -0.29929 0)))
(1.223438 ((-0.000063 0 -0.000165) (0 -0.26701 0)))
(1.225000 ((-0.000056 0 -0.000146) (0 -0.23656 0)))
(1.226562 ((-0.000049 0 -0.000129) (0 -0.20795 0)))
(1.228125 ((-0.000043 0 -0.000112) (0 -0.18117 0)))
(1.229688 ((-0.000037 0 -0.000097) (0 -0.15624 0)))
(1.231250 ((-0.000031 0 -0.000082) (0 -0.13314 0)))
(1.232813 ((-0.000026 0 -0.000069) (0 -0.11189 0)))
(1.234375 ((-0.000022 0 -0.000057) (0 -0.09248 0)))
(1.235938 ((-0.000018 0 -0.000046) (0 -0.07492 0)))
(1.237500 ((-0.000014 0 -0.000037) (0 -0.05920 0)))
(1.239063 ((-0.000011 0 -0.000028) (0 -0.04533 0)))
(1.240625 ((-0.000008 0 -0.000021) (0 -0.03330 0)))
(1.242188 ((-0.000005 0 -0.000014) (0 -0.02313 0)))
(1.243750 ((-0.000004 0 -0.000009) (0 -0.01480 0)))
(1.245313 ((-0.000002 0 -0.000005) (0 -0.00833 0)))
(1.246875 ((-0.000001 0 -0.000002) (0 -0.00370 0)))
(1.248438 ((-0.000000 0 -0.000001) (0 -0.00093 0)))
(1.250000 ((0.000000 0 0.000000) (0 -0.00000 0)))
(1.251563 ((-0.000000 0 0.000007) (0 -0.00093 0)))
(1.253125 ((-0.000001 0 0.000028) (0 -0.00370 0)))
(1.254688 ((-0.000003 0 0.000063) (0 -0.00833 0)))
(1.256250 ((-0.000005 0 0.000112) (0 -0.01480 0)))
(1.257812 ((-0.000008 0 0.000175) (0 -0.02313 0)))
(1.259375 ((-0.000012 0 0.000252) (0 -0.03330 0)))
(1.260938 ((-0.000016 0 0.000342) (0 -0.04533 0)))
(1.262500 ((-0.000020 0 0.000447) (0 -0.05920 0)))
(1.264063 ((-0.000024 0 0.000565) (0 -0.07492 0)))
(1.265625 ((-0.000029 0 0.000697) (0 -0.09248 0)))
(1.267188 ((-0.000033 0 0.000842) (0 -0.11189 0)))
(1.268750 ((-0.000038 0 0.001000) (0 -0.13314 0)))
(1.270313 ((-0.000042 0 0.001172) (0 -0.15624 0)))
(1.271875 ((-0.000045 0 0.001357) (0 -0.18117 0)))
(1.273438 ((-0.000048 0 0.001555) (0 -0.20795 0)))
(1.275000 ((-0.000050 0 0.001766) (0 -0.23656 0)))
(1.276563 ((-0.000051 0 0.001989) (0 -0.26701 0)))
(1.278125 ((-0.000051 0 0.002225) (0 -0.29929 0)))
(1.279688 ((-0.000049 0 0.002474) (0 -0.33341 0)))
(1.281250 ((-0.000045 0 0.002734) (0 -0.36935 0)))
(1.282813 ((-0.000039 0 0.003006) (0 -0.40712 0)))
(1.284375 ((-0.000032 0 0.003290) (0 -0.44672 0)))
(1.285938 ((-0.000021 0 0.003586) (0 -0.48814 0)))
(1.287500 ((-0.000009 0 0.003892) (0 -0.53138 0)))
(1.289062 ((0.000007 0 0.004209) (0 -0.57644 0)))
(1.290625 ((0.000026 0 0.004537) (0 -0.62332 0)))
(1.292188 ((0.000048 0 0.004876) (0 -0.67200 0)))
(1.293750 ((0.000074 0 0.005224) (0 -0.72250 0)))
(1.295313 ((0.000104 0 0.005582) (0 -0.77480 0)))
(1.296875 ((0.000138 0 0.005949) (0 -0.82890 0)))
(1.298438 ((0.000176 0 0.006326) (0 -0.88481 0)))
(1.300000 ((0.000219 0 0.006711) (0 -0.94251 0)))
(1.301563 ((0.000267 0 0.007104) (0 -1.00200 0)))
(1.303125 ((0.000319 0 0.007506) (0 -1.06328 0)))
(1.304688 ((0.000377 0 0.007914) (0 -1.12634 0)))
(1.306250 ((0.000440 0 0.008330) (0 -1.19119 0)))
(1.307813 ((0.000509 0 0.008753) (0 -1.25781 0)))
(1.309375 ((0.000583 0 0.009182) (0 -1.32621 0)))
(1.310938 ((0.000664 0 0.009617) (0 -1.39637 0)))
(1.312500 ((0.000750 0 0.010058) (0 -1.46830 0)))
(1.314063 ((0.000843 0 0.010503) (0 -1.54199 0)))
(1.315625 ((0.000942 0 0.010953) (0 -1.61744 0)))
(1.317188 ((0.001047 0 0.011408) (0 -1.69464 0)))
(1.318750 ((0.001158 0 0.011865) (0 -1.77358 0)))
(1.320312 ((0.001277 0 0.012326) (0 -1.85426 0)))
(1.321875 ((0.001401 0 0.012790) (0 -1.93668 0)))
(1.323438 ((0.001533 0 0.013256) (0 -2.02083 0)))
(1.325000 ((0.001670 0 0.013724) (0 -2.10671 0)))
(1.326563 ((0.001815 0 0.014193) (0 -2.19430 0)))
(1.328125 ((0.001966 0 0.014663) (0 -2.28361 0)))
(1.329688 ((0.002123 0 0.015134) (0 -2.37464 0)))
(1.331250 ((0.002287 0 0.015604) (0 -2.46736 0)))
(1.332813 ((0.002457 0 0.016074) (0 -2.56179 0)))
(1.334375 ((0.002634 0 0.016542) (0 -2.65790 0)))
(1.335938 ((0.002816 0 0.017010) (0 -2.75570 0)))
(1.337500 ((0.003005 0 0.017475) (0 -2.85519 0)))
(1.339063 ((0.003199 0 0.017938) (0 -2.95635 0)))
(1.340625 ((0.003399 0 0.018398) (0 -3.05917 0)))
(1.342188 ((0.003604 0 0.018855) (0 -3.16366 0)))
(1.343750 ((0.003814 0 0.019308) (0 -3.26980 0)))
(1.345313 ((0.004029 0 0.019757) (0 -3.37760 0)))
(1.346875 ((0.004248 0 0.020202) (0 -3.48703 0)))
(1.348438 ((0.004472 0 0.020641) (0 -3.59810 0)))
(1.350000 ((0.004699 0 0.021076) (0 -3.71080 0)))
(1.351562 ((0.004931 0 0.021505) (0 -3.82512 0)))
(1.353125 ((0.005165 0 0.021928) (0 -3.94105 0)))
(1.354688 ((0.005403 0 0.022345) (0 -4.05860 0)))
(1.356250 ((0.005643 0 0.022755) (0 -4.17774 0)))
(1.357813 ((0.005886 0 0.023158) (0 -4.29847 0)))
(1.359375 ((0.006130 0 0.023555) (0 -4.42080 0)))
(1.360938 ((0.006376 0 0.023943) (0 -4.54469 0)))
(1.362500 ((0.006622 0 0.024324) (0 -4.67016 0)))
(1.364063 ((0.006869 0 0.024698) (0 -4.79719 0)))
(1.365625 ((0.007117 0 0.025063) (0 -4.92578 0)))
(1.367188 ((0.007364 0 0.025419) (0 -5.05591 0)))
(1.368750 ((0.007610 0 0.025767) (0 -5.18758 0)))
(1.370313 ((0.007855 0 0.026107) (0 -5.32078 0)))
(1.371875 ((0.008099 0 0.026437) (0 -5.45551 0)))
(1.373438 ((0.008340 0 0.026759) (0 -5.59175 0)))
(1.375000 ((0.008579 0 0.027071) (0 -5.72949 0)))
(1.376563 ((0.008815 0 0.027374) (0 -5.86873 0)))
(1.378125 ((0.009047 0 0.027668) (0 -6.00946 0)))
(1.379688 ((0.009276 0 0.027952) (0 -6.15167 0)))
(1.381250 ((0.009500 0 0.028227) (0 -6.29535 0)))
(1.382812 ((0.009720 0 0.028492) (0 -6.44049 0)))
(1.384375 ((0.009934 0 0.028747) (0 -6.58709 0)))
(1.385938 ((0.010142 0 0.028993) (0 -6.73513 0)))
(1.387500 ((0.010345 0 0.029229) (0 -6.88460 0)))
(1.389063 ((0.010541 0 0.029455) (0 -7.03550 0)))
(1.390625 ((0.010730 0 0.029672) (0 -7.18782 0)))
(1.392188 ((0.010911 0 0.029879) (0 -7.34155 0)))
(1.393750 ((0.011085 0 0.030076) (0 -7.49667 0)))
(1.395313 ((0.011251 0 0.030264) (0 -7.65318 0)))
(1.396875 ((0.011409 0 0.030441) (0 -7.81107 0)))
(1.398438 ((0.011557 0 0.030609) (0 -7.97032 0)))
(1.400000 ((0.011696 0 0.030768) (0 -8.13094 0)))
(1.401563 ((0.011826 0 0.030916) (0 -8.29291 0)))
(1.403125 ((0.011946 0 0.031055) (0 -8.45621 0)))
(1.404688 ((0.012056 0 0.031185) (0 -8.62084 0)))
(1.406250 ((0.012155 0 0.031305) (0 -8.78680 0)))
(1.407813 ((0.012244 0 0.031415) (0 -8.95406 0)))
(1.409375 ((0.012322 0 0.031516) (0 -9.12262 0)))
(1.410938 ((0.012388 0 0.031607) (0 -9.29246 0)))
(1.412500 ((0.012443 0 0.031689) (0 -9.46359 0)))
(1.414062 ((0.012487 0 0.031761) (0 -9.63598 0)))
(1.415625 ((0.012518 0 0.031824) (0 -9.80962 0)))
(1.417188 ((0.012538 0 0.031877) (0 -9.98452 0)))
(1.418750 ((0.012545 0 0.031921) (0 -10.16064 0)))
(1.420313 ((0.012540 0 0.031955) (0 -10.33799 0)))
(1.421875 ((0.012522 0 0.031979) (0 -10.51656 0)))
(1.423438 ((0.012492 0 0.031995) (0 -10.69632 0)))
(1.425000 ((0.012450 0 0.032000) (0 -10.87728 0)))
(1.426563 ((0.012394 0 0.031996) (0 -11.05942 0)))
(1.428125 ((0.012326 0 0.031982) (0 -11.24272 0)))
(1.429688 ((0.012245 0 0.031958) (0 -11.42718 0)))
(1.431250 ((0.012152 0 0.031924) (0 -11.61279 0)))
(1.432813 ((0.012045 0 0.031881) (0 -11.79953 0)))
(1.434375 ((0.011926 0 0.031827) (0 -11.98739 0)))
(1.435938 ((0.011794 0 0.031764) (0 -12.17637 0)))
(1.437500 ((0.011650 0 0.031690) (0 -12.36644 0)))
(1.439063 ((0.011499 0 0.031610) (0 -12.55760 0)))
(1.440625 ((0.011348 0 0.031529) (0 -12.74984 0)))
(1.442188 ((0.011196 0 0.031448) (0 -12.94314 0)))
(1.443750 ((0.011043 0 0.031365) (0 -13.13750 0)))
(1.445312 ((0.010890 0 0.031282) (0 -13.33289 0)))
(1.446875 ((0.010736 0 0.031197) (0 -13.52932 0)))
(1.448438 ((0.010582 0 0.031112) (0 -13.72675 0)))
(1.450000 ((0.010427 0 0.031026) (0 -13.92520 0)))
(1.451563 ((0.010272 0 0.030938) (0 -14.12463 0)))
(1.453125 ((0.010117 0 0.030850) (0 -14.32504 0)))
(1.454688 ((0.009961 0 0.030761) (0 -14.52642 0)))
(1.456250 ((0.009804 0 0.030671) (0 -14.72876 0)))
(1.457813 ((0.009647 0 0.030579) (0 -14.93203 0)))
(1.459375 ((0.009490 0 0.030487) (0 -15.13624 0)))
(1.460938 ((0.009332 0 0.030394) (0 -15.34136 0)))
(1.462500 ((0.009175 0 0.030300) (0 -15.54739 0)))
(1.464063 ((0.009016 0 0.030205) (0 -15.75431 0)))
(1.465625 ((0.008858 0 0.030109) (0 -15.96211 0)))
(1.467188 ((0.008699 0 0.030011) (0 -16.17077 0)))
(1.468750 ((0.008539 0 0.029913) (0 -16.38029 0)))
(1.470313 ((0.008380 0 0.029814) (0 -16.59064 0)))
(1.471875 ((0.008220 0 0.029714) (0 -16.80182 0)))
(1.473438 ((0.008060 0 0.029613) (0 -17.01382 0)))
(1.475000 ((0.007900 0 0.029511) (0 -17.22662 0)))
(1.476562 ((0.007739 0 0.029408) (0 -17.44021 0)))
(1.478125 ((0.007579 0 0.029304) (0 -17.65457 0)))
(1.479688 ((0.007418 0 0.029200) (0 -17.86969 0)))
(1.481250 ((0.007257 0 0.029094) (0 -18.08556 0)))
(1.482813 ((0.007096 0 0.028987) (0 -18.30217 0)))
(1.484375 ((0.006935 0 0.028879) (0 -18.51950 0)))
(1.485938 ((0.006773 0 0.028770) (0 -18.73753 0)))
(1.487500 ((0.006612 0 0.028661) (0 -18.95626 0)))
(1.489063 ((0.006450 0 0.028550) (0 -19.17568 0)))
(1.490625 ((0.006289 0 0.028438) (0 -19.39575 0)))
(1.492188 ((0.006127 0 0.028326) (0 -19.61649 0)))
(1.493750 ((0.005965 0 0.028212) (0 -19.83786 0)))
(1.495313 ((0.005803 0 0.028098) (0 -20.05986 0)))
(1.496875 ((0.005642 0 0.027982) (0 -20.28248 0)))
(1.498438 ((0.005480 0 0.027866) (0 -20.50569 0)))
(1.500000 ((0.005318 0 0.027748) (0 -20.72949 0)))
(1.501563 ((0.005157 0 0.027630) (0 -20.95386 0)))
(1.503125 ((0.004995 0 0.027511) (0 -21.17879 0)))
(1.504688 ((0.004834 0 0.027391) (0 -21.40426 0)))
(1.506250 ((0.004672 0 0.027270) (0 -21.63027 0)))
(1.507812 ((0.004511 0 0.027148) (0 -21.85679 0)))
(1.509375 ((0.004350 0 0.027025) (0 -22.08381 0)))
(1.510938 ((0.004189 0 0.026901) (0 -22.31132 0)))
(1.512500 ((0.004028 0 0.026776) (0 -22.53930 0)))
(1.514063 ((0.003867 0 0.026651) (0 -22.76775 0)))
(1.515625 ((0.003707 0 0.026524) (0 -22.99664 0)))
(1.517188 ((0.003547 0 0.026397) (0 -23.22596 0)))
(1.518750 ((0.003387 0 0.026269) (0 -23.45570 0)))
(1.520313 ((0.003227 0 0.026140) (0 -23.68585 0)))
(1.521875 ((0.003067 0 0.026010) (0 -23.91638 0)))
(1.523438 ((0.002908 0 0.025879) (0 -24.14729 0)))
(1.525000 ((0.002749 0 0.025748) (0 -24.37856 0)))
(1.526563 ((0.002590 0 0.025615) (0 -24.61018 0)))
(1.528125 ((0.002432 0 0.025482) (0 -24.84213 0)))
(1.529688 ((0.002274 0 0.025348) (0 -25.07439 0)))
(1.531250 ((0.002116 0 0.025213) (0 -25.30697 0)))
(1.532813 ((0.001959 0 0.025077) (0 -25.53983 0)))
(1.534375 ((0.001801 0 0.024940) (0 -25.77296 0)))
(1.535938 ((0.001645 0 0.024803) (0 -26.00636 0)))
(1.537500 ((0.001489 0 0.024665) (0 -26.24000 0)))
(1.539062 ((0.001333 0 0.024526) (0 -26.47388 0)))
(1.540625 ((0.001177 0 0.024386) (0 -26.70797 0)))
(1.542188 ((0.001022 0 0.024246) (0 -26.94227 0)))
(1.543750 ((0.000868 0 0.024105) (0 -27.17675 0)))
(1.545313 ((0.000714 0 0.023963) (0 -27.41141 0)))
(1.546875 ((0.000560 0 0.023820) (0 -27.64623 0)))
(1.548438 ((0.000407 0 0.023677) (0 -27.88119 0)))
(1.550000 ((0.000254 0 0.023533) (0 -28.11628 0)))
(1.551563 ((0.000102 0 0.023388) (0 -28.35149 0)))
(1.553125 ((-0.000049 0 0.023243) (0 -28.58681 0)))
(1.554688 ((-0.000200 0 0.023097) (0 -28.82221 0)))
(1.556250 ((-0.000351 0 0.022950) (0 -29.05768 0)))
(1.557813 ((-0.000500 0 0.022802) (0 -29.29321 0)))
(1.559375 ((-0.000650 0 0.022654) (0 -29.52878 0)))
(1.560938 ((-0.000798 0 0.022506) (0 -29.76438 0)))
(1.562500 ((-0.000947 0 0.022356) (0 -30.00000 0)))
(1.564063 ((-0.001094 0 0.022206) (0 -30.23562 0)))
(1.565625 ((-0.001241 0 0.022056) (0 -30.47122 0)))
(1.567188 ((-0.001387 0 0.021905) (0 -30.70679 0)))
(1.568750 ((-0.001533 0 0.021753) (0 -30.94232 0)))
(1.570312 ((-0.001678 0 0.021601) (0 -31.17779 0)))
(1.571875 ((-0.001822 0 0.021448) (0 -31.41319 0)))
(1.573438 ((-0.001965 0 0.021295) (0 -31.64851 0)))
(1.575000 ((-0.002108 0 0.021141) (0 -31.88372 0)))
(1.576563 ((-0.002250 0 0.020987) (0 -32.11881 0)))
(1.578125 ((-0.002392 0 0.020832) (0 -32.35377 0)))
(1.579688 ((-0.002533 0 0.020676) (0 -32.58859 0)))
(1.581250 ((-0.002673 0 0.020521) (0 -32.82325 0)))
(1.582813 ((-0.002812 0 0.020364) (0 -33.05773 0)))
(1.584375 ((-0.002950 0 0.020208) (0 -33.29203 0)))
(1.585938 ((-0.003088 0 0.020051) (0 -33.52612 0)))
(1.587500 ((-0.003225 0 0.019893) (0 -33.76000 0)))
(1.589063 ((-0.003361 0 0.019735) (0 -33.99364 0)))
(1.590625 ((-0.003497 0 0.019577) (0 -34.22704 0)))
(1.592188 ((-0.003631 0 0.019418) (0 -34.46017 0)))
(1.593750 ((-0.003765 0 0.019259) (0 -34.69303 0)))
(1.595313 ((-0.003898 0 0.019100) (0 -34.92561 0)))
(1.596875 ((-0.004030 0 0.018940) (0 -35.15787 0)))
(1.598438 ((-0.004161 0 0.018780) (0 -35.38982 0)))
(1.600000 ((-0.004292 0 0.018619) (0 -35.62144 0)))
(1.601562 ((-0.004422 0 0.018459) (0 -35.85271 0)))
(1.603125 ((-0.004550 0 0.018298) (0 -36.08362 0)))
(1.604688 ((-0.004678 0 0.018137) (0 -36.31415 0)))
(1.606250 ((-0.004805 0 0.017975) (0 -36.54430 0)))
(1.607813 ((-0.004932 0 0.017814) (0 -36.77404 0)))
(1.609375 ((-0.005057 0 0.017652) (0 -37.00336 0)))
(1.610938 ((-0.005181 0 0.017490) (0 -37.23225 0)))
(1.612500 ((-0.005305 0 0.017328) (0 -37.46070 0)))
(1.614063 ((-0.005428 0 0.017165) (0 -37.68868 0)))
(1.615625 ((-0.005549 0 0.017003) (0 -37.91619 0)))
(1.617188 ((-0.005670 0 0.016840) (0 -38.14321 0)))
(1.618750 ((-0.005790 0 0.016677) (0 -38.36973 0)))
(1.620313 ((-0.005909 0 0.016515) (0 -38.59574 0)))
(1.621875 ((-0.006027 0 0.016352) (0 -38.82121 0)))
(1.623438 ((-0.006145 0 0.016189) (0 -39.04614 0)))
(1.625000 ((-0.006261 0 0.016026) (0 -39.27051 0)))
(1.626563 ((-0.006376 0 0.015862) (0 -39.49431 0)))
(1.628125 ((-0.006491 0 0.015699) (0 -39.71752 0)))
(1.629688 ((-0.006604 0 0.015536) (0 -39.94014 0)))
(1.631250 ((-0.006717 0 0.015373) (0 -40.16214 0)))
(1.632812 ((-0.006828 0 0.015210) (0 -40.38351 0)))
(1.634375 ((-0.006939 0 0.015047) (0 -40.60425 0)))
(1.635938 ((-0.007048 0 0.014884) (0 -40.82432 0)))
(1.637500 ((-0.007157 0 0.014721) (0 -41.04374 0)))
(1.639063 ((-0.007265 0 0.014558) (0 -41.26247 0)))
(1.640625 ((-0.007372 0 0.014396) (0 -41.48050 0)))
(1.642188 ((-0.007477 0 0.014233) (0 -41.69783 0)))
(1.643750 ((-0.007582 0 0.014071) (0 -41.91444 0)))
(1.645313 ((-0.007686 0 0.013908) (0 -42.13031 0)))
(1.646875 ((-0.007789 0 0.013746) (0 -42.34543 0)))
(1.648438 ((-0.007891 0 0.013584) (0 -42.55979 0)))
(1.650000 ((-0.007992 0 0.013423) (0 -42.77338 0)))
(1.651563 ((-0.008092 0 0.013261) (0 -42.98618 0)))
(1.653125 ((-0.008191 0 0.013100) (0 -43.19818 0)))
(1.654688 ((-0.008289 0 0.012939) (0 -43.40936 0)))
(1.656250 ((-0.008386 0 0.012778) (0 -43.61971 0)))
(1.657813 ((-0.008482 0 0.012618) (0 -43.82923 0)))
(1.659375 ((-0.008577 0 0.012458) (0 -44.03789 0)))
(1.660938 ((-0.008672 0 0.012298) (0 -44.24569 0)))
(1.662500 ((-0.008765 0 0.012138) (0 -44.45261 0)))
(1.664062 ((-0.008857 0 0.011979) (0 -44.65864 0)))
(1.665625 ((-0.008948 0 0.011820) (0 -44.86376 0)))
(1.667188 ((-0.009038 0 0.011662) (0 -45.06797 0)))
(1.668750 ((-0.009128 0 0.011504) (0 -45.27124 0)))
(1.670313 ((-0.009216 0 0.011347) (0 -45.47358 0)))
(1.671875 ((-0.009303 0 0.011189) (0 -45.67496 0)))
(1.673438 ((-0.009390 0 0.011033) (0 -45.87537 0)))
(1.675000 ((-0.009475 0 0.010877) (0 -46.07480 0)))
(1.676563 ((-0.009560 0 0.010721) (0 -46.27325 0)))
(1.678125 ((-0.009643 0 0.010566) (0 -46.47068 0)))
(1.679688 ((-0.009726 0 0.010411) (0 -46.66711 0)))
(1.681250 ((-0.009807 0 0.010257) (0 -46.86250 0)))
(1.682813 ((-0.009888 0 0.010103) (0 -47.05686 0)))
(1.684375 ((-0.009967 0 0.009950) (0 -47.25016 0)))
(1.685938 ((-0.010046 0 0.009798) (0 -47.44240 0)))
(1.687500 ((-0.010124 0 0.009646) (0 -47.63356 0)))
(1.689063 ((-0.010203 0 0.009487) (0 -47.82363 0)))
(1.690625 ((-0.010285 0 0.009315) (0 -48.01261 0)))
(1.692188 ((-0.010370 0 0.009128) (0 -48.20047 0)))
(1.693750 ((-0.010458 0 0.008928) (0 -48.38721 0)))
(1.695312 ((-0.010548 0 0.008713) (0 -48.57282 0)))
(1.696875 ((-0.010641 0 0.008485) (0 -48.75728 0)))
(1.698438 ((-0.010736 0 0.008242) (0 -48.94058 0)))
(1.700000 ((-0.010833 0 0.007986) (0 -49.12272 0)))
(1.701563 ((-0.010932 0 0.007716) (0 -49.30368 0)))
(1.703125 ((-0.011032 0 0.007431) (0 -49.48344 0)))
(1.704688 ((-0.011133 0 0.007133) (0 -49.66201 0)))
(1.706250 ((-0.011234 0 0.006822) (0 -49.83936 0)))
(1.707813 ((-0.011336 0 0.006496) (0 -50.01548 0)))
(1.709375 ((-0.011439 0 0.006157) (0 -50.19038 0)))
(1.710938 ((-0.011540 0 0.005805) (0 -50.36402 0)))
(1.712500 ((-0.011641 0 0.005439) (0 -50.53641 0)))
(1.714063 ((-0.011741 0 0.005059) (0 -50.70754 0)))
(1.715625 ((-0.011840 0 0.004667) (0 -50.87738 0)))
(1.717188 ((-0.011936 0 0.004262) (0 -51.04594 0)))
(1.718750 ((-0.012031 0 0.003843) (0 -51.21320 0)))
(1.720313 ((-0.012123 0 0.003413) (0 -51.37916 0)))
(1.721875 ((-0.012211 0 0.002970) (0 -51.54379 0)))
(1.723438 ((-0.012296 0 0.002514) (0 -51.70709 0)))
(1.725000 ((-0.012378 0 0.002047) (0 -51.86906 0)))
(1.726562 ((-0.012455 0 0.001568) (0 -52.02968 0)))
(1.728125 ((-0.012527 0 0.001077) (0 -52.18893 0)))
(1.729688 ((-0.012594 0 0.000576) (0 -52.34682 0)))
(1.731250 ((-0.012655 0 0.000063) (0 -52.50333 0)))
(1.732813 ((-0.012710 0 -0.000460) (0 -52.65845 0)))
(1.734375 ((-0.012759 0 -0.000993) (0 -52.81218 0)))
(1.735938 ((-0.012801 0 -0.001536) (0 -52.96450 0)))
(1.737500 ((-0.012836 0 -0.002088) (0 -53.11540 0)))
(1.739063 ((-0.012863 0 -0.002649) (0 -53.26487 0)))
(1.740625 ((-0.012883 0 -0.003219) (0 -53.41291 0)))
(1.742188 ((-0.012894 0 -0.003798) (0 -53.55951 0)))
(1.743750 ((-0.012896 0 -0.004383) (0 -53.70465 0)))
(1.745313 ((-0.012889 0 -0.004977) (0 -53.84833 0)))
(1.746875 ((-0.012873 0 -0.005577) (0 -53.99054 0)))
(1.748438 ((-0.012847 0 -0.006183) (0 -54.13127 0)))
(1.750000 ((-0.012812 0 -0.006795) (0 -54.27051 0)))
(1.751563 ((-0.012766 0 -0.007413) (0 -54.40825 0)))
(1.753125 ((-0.012710 0 -0.008035) (0 -54.54449 0)))
(1.754688 ((-0.012644 0 -0.008662) (0 -54.67922 0)))
(1.756250 ((-0.012566 0 -0.009292) (0 -54.81242 0)))
(1.757812 ((-0.012478 0 -0.009925) (0 -54.94409 0)))
(1.759375 ((-0.012379 0 -0.010561) (0 -55.07422 0)))
(1.760938 ((-0.012268 0 -0.011199) (0 -55.20281 0)))
(1.762500 ((-0.012146 0 -0.011838) (0 -55.32984 0)))
(1.764063 ((-0.012013 0 -0.012478) (0 -55.45531 0)))
(1.765625 ((-0.011869 0 -0.013119) (0 -55.57920 0)))
(1.767188 ((-0.011713 0 -0.013759) (0 -55.70153 0)))
(1.768750 ((-0.011546 0 -0.014398) (0 -55.82226 0)))
(1.770313 ((-0.011368 0 -0.015035) (0 -55.94140 0)))
(1.771875 ((-0.011178 0 -0.015671) (0 -56.05895 0)))
(1.773438 ((-0.010978 0 -0.016304) (0 -56.17488 0)))
(1.775000 ((-0.010767 0 -0.016933) (0 -56.28920 0)))
(1.776563 ((-0.010545 0 -0.017559) (0 -56.40190 0)))
(1.778125 ((-0.010312 0 -0.018181) (0 -56.51297 0)))
(1.779688 ((-0.010069 0 -0.018797) (0 -56.62240 0)))
(1.781250 ((-0.009816 0 -0.019409) (0 -56.73020 0)))
(1.782813 ((-0.009554 0 -0.020014) (0 -56.83634 0)))
(1.784375 ((-0.009282 0 -0.020613) (0 -56.94083 0)))
(1.785938 ((-0.009001 0 -0.021205) (0 -57.04365 0)))
(1.787500 ((-0.008711 0 -0.021790) (0 -57.14481 0)))
(1.789062 ((-0.008413 0 -0.022367) (0 -57.24430 0)))
(1.790625 ((-0.008107 0 -0.022935) (0 -57.34210 0)))
(1.792188 ((-0.007793 0 -0.023495) (0 -57.43821 0)))
(1.793750 ((-0.007473 0 -0.024046) (0 -57.53264 0)))
(1.795313 ((-0.007146 0 -0.024588) (0 -57.62536 0)))
(1.796875 ((-0.006813 0 -0.025120) (0 -57.71639 0)))
(1.798438 ((-0.006474 0 -0.025641) (0 -57.80570 0)))
(1.800000 ((-0.006130 0 -0.026153) (0 -57.89329 0)))
(1.801563 ((-0.005782 0 -0.026653) (0 -57.97917 0)))
(1.803125 ((-0.005429 0 -0.027143) (0 -58.06332 0)))
(1.804688 ((-0.005074 0 -0.027622) (0 -58.14574 0)))
(1.806250 ((-0.004715 0 -0.028089) (0 -58.22642 0)))
(1.807813 ((-0.004354 0 -0.028545) (0 -58.30536 0)))
(1.809375 ((-0.003991 0 -0.028989) (0 -58.38256 0)))
(1.810938 ((-0.003627 0 -0.029421) (0 -58.45801 0)))
(1.812500 ((-0.003263 0 -0.029841) (0 -58.53170 0)))
(1.814063 ((-0.002899 0 -0.030250) (0 -58.60363 0)))
(1.815625 ((-0.002535 0 -0.030646) (0 -58.67379 0)))
(1.817188 ((-0.002172 0 -0.031030) (0 -58.74219 0)))
(1.818750 ((-0.001811 0 -0.031402) (0 -58.80881 0)))
(1.820312 ((-0.001453 0 -0.031762) (0 -58.87366 0)))
(1.821875 ((-0.001097 0 -0.032109) (0 -58.93672 0)))
(1.823438 ((-0.000745 0 -0.032444) (0 -58.99800 0)))
(1.825000 ((-0.000397 0 -0.032768) (0 -59.05749 0)))
(1.826563 ((-0.000053 0 -0.033079) (0 -59.11519 0)))
(1.828125 ((0.000285 0 -0.033378) (0 -59.17110 0)))
(1.829688 ((0.000618 0 -0.033666) (0 -59.22520 0)))
(1.831250 ((0.000945 0 -0.033942) (0 -59.27750 0)))
(1.832813 ((0.001265 0 -0.034206) (0 -59.32800 0)))
(1.834375 ((0.001577 0 -0.034458) (0 -59.37668 0)))
(1.835938 ((0.001882 0 -0.034700) (0 -59.42356 0)))
(1.837500 ((0.002179 0 -0.034930) (0 -59.46862 0)))
(1.839063 ((0.002468 0 -0.035149) (0 -59.51186 0)))
(1.840625 ((0.002747 0 -0.035357) (0 -59.55328 0)))
(1.842188 ((0.003017 0 -0.035554) (0 -59.59288 0)))
(1.843750 ((0.003277 0 -0.035741) (0 -59.63065 0)))
(1.845313 ((0.003527 0 -0.035917) (0 -59.66659 0)))
(1.846875 ((0.003767 0 -0.036083) (0 -59.70071 0)))
(1.848438 ((0.003995 0 -0.036239) (0 -59.73299 0)))
(1.850000 ((0.004212 0 -0.036385) (0 -59.76344 0)))
(1.851562 ((0.004418 0 -0.036521) (0 -59.79205 0)))
(1.853125 ((0.004611 0 -0.036648) (0 -59.81883 0)))
(1.854688 ((0.004793 0 -0.036765) (0 -59.84376 0)))
(1.856250 ((0.004962 0 -0.036873) (0 -59.86686 0)))
(1.857813 ((0.005119 0 -0.036971) (0 -59.88811 0)))
(1.859375 ((0.005262 0 -0.037061) (0 -59.90752 0)))
(1.860938 ((0.005393 0 -0.037142) (0 -59.92508 0)))
(1.862500 ((0.005510 0 -0.037214) (0 -59.94080 0)))
(1.864063 ((0.005614 0 -0.037277) (0 -59.95467 0)))
(1.865625 ((0.005704 0 -0.037331) (0 -59.96670 0)))
(1.867188 ((0.005781 0 -0.037377) (0 -59.97687 0)))
(1.868750 ((0.005844 0 -0.037415) (0 -59.98520 0)))
(1.870313 ((0.005893 0 -0.037444) (0 -59.99167 0)))
(1.871875 ((0.005928 0 -0.037465) (0 -59.99630 0)))
(1.873438 ((0.005949 0 -0.037477) (0 -59.99907 0)))
(1.875000 ((0.005956 0 -0.037481) (0 -60.00000 0)))
(1.876563 ((0.005956 0 -0.037481) (0 -59.99907 0)))
(1.878125 ((0.005954 0 -0.037479) (0 -59.99630 0)))
(1.879688 ((0.005952 0 -0.037477) (0 -59.99167 0)))
(1.881250 ((0.005950 0 -0.037474) (0 -59.98520 0)))
(1.882812 ((0.005946 0 -0.037469) (0 -59.97687 0)))
(1.884375 ((0.005942 0 -0.037464) (0 -59.96670 0)))
(1.885938 ((0.005937 0 -0.037458) (0 -59.95467 0)))
(1.887500 ((0.005931 0 -0.037451) (0 -59.94080 0)))
(1.889063 ((0.005925 0 -0.037443) (0 -59.92508 0)))
(1.890625 ((0.005917 0 -0.037434) (0 -59.90752 0)))
(1.892188 ((0.005909 0 -0.037424) (0 -59.88811 0)))
(1.893750 ((0.005900 0 -0.037413) (0 -59.86686 0)))
(1.895313 ((0.005891 0 -0.037401) (0 -59.84376 0)))
(1.896875 ((0.005881 0 -0.037388) (0 -59.81883 0)))
(1.898438 ((0.005869 0 -0.037374) (0 -59.79205 0)))
(1.900000 ((0.005858 0 -0.037359) (0 -59.76344 0)))
(1.901563 ((0.005845 0 -0.037344) (0 -59.73299 0)))
(1.903125 ((0.005832 0 -0.037327) (0 -59.70071 0)))
(1.904688 ((0.005817 0 -0.037309) (0 -59.66659 0)))
(1.906250 ((0.005802 0 -0.037291) (0 -59.63065 0)))
(1.907813 ((0.005787 0 -0.037271) (0 -59.59288 0)))
(1.909375 ((0.005771 0 -0.037251) (0 -59.55328 0)))
(1.910938 ((0.005753 0 -0.037229) (0 -59.51186 0)))
(1.912500 ((0.005736 0 -0.037207) (0 -59.46862 0)))
(1.914062 ((0.005717 0 -0.037184) (0 -59.42356 0)))
(1.915625 ((0.005698 0 -0.037159) (0 -59.37668 0)))
(1.917188 ((0.005678 0 -0.037134) (0 -59.32800 0)))
(1.918750 ((0.005657 0 -0.037108) (0 -59.27750 0)))
(1.920313 ((0.005635 0 -0.037081) (0 -59.22520 0)))
(1.921875 ((0.005613 0 -0.037052) (0 -59.17110 0)))
(1.923438 ((0.005590 0 -0.037023) (0 -59.11519 0)))
(1.925000 ((0.005567 0 -0.036993) (0 -59.05749 0)))
(1.926563 ((0.005543 0 -0.036962) (0 -58.99800 0)))
(1.928125 ((0.005518 0 -0.036930) (0 -58.93672 0)))
(1.929688 ((0.005492 0 -0.036897) (0 -58.87366 0)))
(1.931250 ((0.005465 0 -0.036863) (0 -58.80881 0)))
(1.932813 ((0.005438 0 -0.036828) (0 -58.74219 0)))
(1.934375 ((0.005411 0 -0.036793) (0 -58.67379 0)))
(1.935938 ((0.005382 0 -0.036756) (0 -58.60363 0)))
(1.937500 ((0.005353 0 -0.036718) (0 -58.53170 0)))
(1.939063 ((0.005324 0 -0.036679) (0 -58.45801 0)))
(1.940625 ((0.005293 0 -0.036640) (0 -58.38256 0)))
(1.942188 ((0.005262 0 -0.036599) (0 -58.30536 0)))
(1.943750 ((0.005230 0 -0.036557) (0 -58.22642 0)))
(1.945312 ((0.005198 0 -0.036515) (0 -58.14574 0)))
(1.946875 ((0.005165 0 -0.036471) (0 -58.06332 0)))
(1.948438 ((0.005132 0 -0.036427) (0 -57.97917 0)))
(1.950000 ((0.005097 0 -0.036381) (0 -57.89329 0)))
(1.951563 ((0.005063 0 -0.036335) (0 -57.80570 0)))
(1.953125 ((0.005027 0 -0.036288) (0 -57.71639 0)))
(1.954688 ((0.004991 0 -0.036239) (0 -57.62536 0)))
(1.956250 ((0.004954 0 -0.036190) (0 -57.53264 0)))
(1.957813 ((0.004917 0 -0.036140) (0 -57.43821 0)))
(1.959375 ((0.004879 0 -0.036089) (0 -57.34210 0)))
(1.960938 ((0.004841 0 -0.036036) (0 -57.24430 0)))
(1.962500 ((0.004802 0 -0.035983) (0 -57.14481 0)))
(1.964063 ((0.004763 0 -0.035929) (0 -57.04365 0)))
(1.965625 ((0.004723 0 -0.035874) (0 -56.94083 0)))
(1.967188 ((0.004682 0 -0.035818) (0 -56.83634 0)))
(1.968750 ((0.004641 0 -0.035761) (0 -56.73020 0)))
(1.970313 ((0.004599 0 -0.035703) (0 -56.62240 0)))
(1.971875 ((0.004557 0 -0.035644) (0 -56.51297 0)))
(1.973438 ((0.004514 0 -0.035584) (0 -56.40190 0)))
(1.975000 ((0.004471 0 -0.035523) (0 -56.28920 0)))
(1.976562 ((0.004427 0 -0.035461) (0 -56.17488 0)))
(1.978125 ((0.004383 0 -0.035399) (0 -56.05895 0)))
(1.979688 ((0.004338 0 -0.035335) (0 -55.94140 0)))
(1.981250 ((0.004293 0 -0.035270) (0 -55.82226 0)))
(1.982813 ((0.004248 0 -0.035204) (0 -55.70153 0)))
(1.984375 ((0.004202 0 -0.035138) (0 -55.57920 0)))
(1.985938 ((0.004155 0 -0.035070) (0 -55.45531 0)))
(1.987500 ((0.004108 0 -0.035002) (0 -55.32984 0)))
(1.989063 ((0.004061 0 -0.034932) (0 -55.20281 0)))
(1.990625 ((0.004013 0 -0.034862) (0 -55.07422 0)))
(1.992188 ((0.003965 0 -0.034790) (0 -54.94409 0)))
(1.993750 ((0.003916 0 -0.034718) (0 -54.81242 0)))
(1.995313 ((0.003867 0 -0.034645) (0 -54.67922 0)))
(1.996875 ((0.003817 0 -0.034570) (0 -54.54449 0)))
(1.998438 ((0.003768 0 -0.034495) (0 -54.40825 0)))
(2.000000 ((0.003717 0 -0.034419) (0 -54.27051 0)))
(2.001562 ((0.003667 0 -0.034342) (0 -54.13127 0)))
(2.003125 ((0.003616 0 -0.034264) (0 -53.99054 0)))
(2.004688 ((0.003565 0 -0.034184) (0 -53.84833 0)))
(2.006250 ((0.003513 0 -0.034104) (0 -53.70465 0)))
(2.007812 ((0.003461 0 -0.034024) (0 -53.55951 0)))
(2.009375 ((0.003409 0 -0.033942) (0 -53.41291 0)))
(2.010938 ((0.003357 0 -0.033859) (0 -53.26487 0)))
(2.012500 ((0.003304 0 -0.033775) (0 -53.11540 0)))
(2.014063 ((0.003251 0 -0.033690) (0 -52.96450 0)))
(2.015625 ((0.003197 0 -0.033605) (0 -52.81218 0)))
(2.017187 ((0.003144 0 -0.033518) (0 -52.65845 0)))
(2.018750 ((0.003090 0 -0.033431) (0 -52.50333 0)))
(2.020313 ((0.003036 0 -0.033342) (0 -52.34682 0)))
(2.021875 ((0.002981 0 -0.033253) (0 -52.18893 0)))
(2.023438 ((0.002927 0 -0.033163) (0 -52.02968 0)))
(2.025000 ((0.002872 0 -0.033071) (0 -51.86906 0)))
(2.026563 ((0.002817 0 -0.032979) (0 -51.70709 0)))
(2.028125 ((0.002762 0 -0.032886) (0 -51.54379 0)))
(2.029688 ((0.002707 0 -0.032792) (0 -51.37916 0)))
(2.031250 ((0.002651 0 -0.032697) (0 -51.21320 0)))
(2.032812 ((0.002596 0 -0.032602) (0 -51.04594 0)))
(2.034375 ((0.002540 0 -0.032505) (0 -50.87738 0)))
(2.035938 ((0.002484 0 -0.032407) (0 -50.70754 0)))
(2.037500 ((0.002428 0 -0.032309) (0 -50.53641 0)))
(2.039062 ((0.002372 0 -0.032209) (0 -50.36402 0)))
(2.040625 ((0.002315 0 -0.032109) (0 -50.19038 0)))
(2.042188 ((0.002259 0 -0.032008) (0 -50.01548 0)))
(2.043750 ((0.002202 0 -0.031906) (0 -49.83936 0)))
(2.045313 ((0.002146 0 -0.031803) (0 -49.66201 0)))
(2.046875 ((0.002089 0 -0.031699) (0 -49.48344 0)))
(2.048437 ((0.002033 0 -0.031594) (0 -49.30368 0)))
(2.050000 ((0.001976 0 -0.031489) (0 -49.12272 0)))
(2.051563 ((0.001919 0 -0.031382) (0 -48.94058 0)))
(2.053125 ((0.001862 0 -0.031275) (0 -48.75728 0)))
(2.054688 ((0.001805 0 -0.031167) (0 -48.57282 0)))
(2.056250 ((0.001749 0 -0.031058) (0 -48.38721 0)))
(2.057813 ((0.001692 0 -0.030948) (0 -48.20047 0)))
(2.059375 ((0.001635 0 -0.030837) (0 -48.01261 0)))
(2.060938 ((0.001578 0 -0.030725) (0 -47.82363 0)))
(2.062500 ((0.001522 0 -0.030613) (0 -47.63356 0)))
(2.064062 ((0.001465 0 -0.030500) (0 -47.44240 0)))
(2.065625 ((0.001409 0 -0.030386) (0 -47.25016 0)))
(2.067188 ((0.001352 0 -0.030271) (0 -47.05686 0)))
(2.068750 ((0.001296 0 -0.030155) (0 -46.86250 0)))
(2.070312 ((0.001239 0 -0.030038) (0 -46.66711 0)))
(2.071875 ((0.001183 0 -0.029921) (0 -46.47068 0)))
(2.073438 ((0.001127 0 -0.029803) (0 -46.27325 0)))
(2.075000 ((0.001071 0 -0.029684) (0 -46.07480 0)))
(2.076563 ((0.001015 0 -0.029564) (0 -45.87537 0)))
(2.078125 ((0.000960 0 -0.029444) (0 -45.67496 0)))
(2.079687 ((0.000904 0 -0.029323) (0 -45.47358 0)))
(2.081250 ((0.000849 0 -0.029201) (0 -45.27124 0)))
(2.082813 ((0.000793 0 -0.029078) (0 -45.06797 0)))
(2.084375 ((0.000738 0 -0.028954) (0 -44.86376 0)))
(2.085938 ((0.000684 0 -0.028830) (0 -44.65864 0)))
(2.087500 ((0.000629 0 -0.028705) (0 -44.45261 0)))
(2.089063 ((0.000575 0 -0.028579) (0 -44.24569 0)))
(2.090625 ((0.000520 0 -0.028452) (0 -44.03789 0)))
(2.092188 ((0.000467 0 -0.028325) (0 -43.82923 0)))
(2.093750 ((0.000413 0 -0.028197) (0 -43.61971 0)))
(2.095312 ((0.000359 0 -0.028068) (0 -43.40936 0)))
(2.096875 ((0.000306 0 -0.027939) (0 -43.19818 0)))
(2.098438 ((0.000253 0 -0.027809) (0 -42.98618 0)))
(2.100000 ((0.000201 0 -0.027678) (0 -42.77338 0)))
(2.101562 ((0.000149 0 -0.027547) (0 -42.55979 0)))
(2.103125 ((0.000097 0 -0.027415) (0 -42.34543 0)))
(2.104688 ((0.000045 0 -0.027282) (0 -42.13031 0)))
(2.106250 ((-0.000007 0 -0.027148) (0 -41.91444 0)))
(2.107813 ((-0.000058 0 -0.027014) (0 -41.69783 0)))
(2.109375 ((-0.000108 0 -0.026880) (0 -41.48050 0)))
(2.110937 ((-0.000159 0 -0.026744) (0 -41.26247 0)))
(2.112500 ((-0.000209 0 -0.026608) (0 -41.04374 0)))
(2.114063 ((-0.000258 0 -0.026472) (0 -40.82432 0)))
(2.115625 ((-0.000307 0 -0.026334) (0 -40.60425 0)))
(2.117188 ((-0.000356 0 -0.026197) (0 -40.38351 0)))
(2.118750 ((-0.000405 0 -0.026058) (0 -40.16214 0)))
(2.120313 ((-0.000453 0 -0.025919) (0 -39.94014 0)))
(2.121875 ((-0.000500 0 -0.025780) (0 -39.71752 0)))
(2.123438 ((-0.000548 0 -0.025640) (0 -39.49431 0)))
(2.125000 ((-0.000595 0 -0.025499) (0 -39.27051 0)))
(2.126562 ((-0.000641 0 -0.025358) (0 -39.04614 0)))
(2.128125 ((-0.000687 0 -0.025216) (0 -38.82121 0)))
(2.129688 ((-0.000732 0 -0.025074) (0 -38.59574 0)))
(2.131250 ((-0.000777 0 -0.024931) (0 -38.36973 0)))
(2.132812 ((-0.000822 0 -0.024788) (0 -38.14321 0)))
(2.134375 ((-0.000866 0 -0.024644) (0 -37.91619 0)))
(2.135938 ((-0.000910 0 -0.024500) (0 -37.68868 0)))
(2.137500 ((-0.000953 0 -0.024355) (0 -37.46070 0)))
(2.139063 ((-0.000996 0 -0.024210) (0 -37.23225 0)))
(2.140625 ((-0.001038 0 -0.024064) (0 -37.00336 0)))
(2.142187 ((-0.001079 0 -0.023918) (0 -36.77404 0)))
(2.143750 ((-0.001121 0 -0.023772) (0 -36.54430 0)))
(2.145313 ((-0.001161 0 -0.023625) (0 -36.31415 0)))
(2.146875 ((-0.001201 0 -0.023477) (0 -36.08362 0)))
(2.148438 ((-0.001241 0 -0.023330) (0 -35.85271 0)))
(2.150000 ((-0.001280 0 -0.023181) (0 -35.62144 0)))
(2.151563 ((-0.001318 0 -0.023033) (0 -35.38982 0)))
(2.153125 ((-0.001356 0 -0.022884) (0 -35.15787 0)))
(2.154688 ((-0.001394 0 -0.022735) (0 -34.92561 0)))
(2.156250 ((-0.001431 0 -0.022585) (0 -34.69303 0)))
(2.157812 ((-0.001467 0 -0.022435) (0 -34.46017 0)))
(2.159375 ((-0.001503 0 -0.022285) (0 -34.22704 0)))
(2.160938 ((-0.001538 0 -0.022135) (0 -33.99364 0)))
(2.162500 ((-0.001572 0 -0.021984) (0 -33.76000 0)))
(2.164062 ((-0.001606 0 -0.021833) (0 -33.52612 0)))
(2.165625 ((-0.001640 0 -0.021681) (0 -33.29203 0)))
(2.167188 ((-0.001673 0 -0.021530) (0 -33.05773 0)))
(2.168750 ((-0.001705 0 -0.021378) (0 -32.82325 0)))
(2.170313 ((-0.001736 0 -0.021225) (0 -32.58859 0)))
(2.171875 ((-0.001767 0 -0.021073) (0 -32.35377 0)))
(2.173437 ((-0.001798 0 -0.020920) (0 -32.11881 0)))
(2.175000 ((-0.001828 0 -0.020767) (0 -31.88372 0)))
(2.176563 ((-0.001857 0 -0.020614) (0 -31.64851 0)))
(2.178125 ((-0.001885 0 -0.020461) (0 -31.41319 0)))
(2.179688 ((-0.001913 0 -0.020308) (0 -31.17779 0)))
(2.181250 ((-0.001941 0 -0.020154) (0 -30.94232 0)))
(2.182813 ((-0.001967 0 -0.020001) (0 -30.70679 0)))
(2.184375 ((-0.001993 0 -0.019847) (0 -30.47122 0)))
(2.185938 ((-0.002019 0 -0.019693) (0 -30.23562 0)))
(2.187500 ((-0.002044 0 -0.019539) (0 -30.00000 0)))
(2.189062 ((-0.002068 0 -0.019384) (0 -29.76438 0)))
(2.190625 ((-0.002091 0 -0.019230) (0 -29.52878 0)))
(2.192188 ((-0.002114 0 -0.019076) (0 -29.29321 0)))
(2.193750 ((-0.002136 0 -0.018921) (0 -29.05768 0)))
(2.195312 ((-0.002158 0 -0.018767) (0 -28.82221 0)))
(2.196875 ((-0.002179 0 -0.018612) (0 -28.58681 0)))
(2.198438 ((-0.002199 0 -0.018458) (0 -28.35149 0)))
(2.200000 ((-0.002219 0 -0.018303) (0 -28.11628 0)))
(2.201563 ((-0.002238 0 -0.018149) (0 -27.88119 0)))
(2.203125 ((-0.002257 0 -0.017994) (0 -27.64623 0)))
(2.204687 ((-0.002274 0 -0.017840) (0 -27.41141 0)))
(2.206250 ((-0.002291 0 -0.017685) (0 -27.17675 0)))
(2.207813 ((-0.002308 0 -0.017531) (0 -26.94227 0)))
(2.209375 ((-0.002324 0 -0.017376) (0 -26.70797 0)))
(2.210938 ((-0.002339 0 -0.017222) (0 -26.47388 0)))
(2.212500 ((-0.002353 0 -0.017068) (0 -26.24000 0)))
(2.214063 ((-0.002367 0 -0.016914) (0 -26.00636 0)))
(2.215625 ((-0.002381 0 -0.016760) (0 -25.77296 0)))
(2.217188 ((-0.002393 0 -0.016606) (0 -25.53983 0)))
(2.218750 ((-0.002405 0 -0.016452) (0 -25.30697 0)))
(2.220312 ((-0.002417 0 -0.016298) (0 -25.07439 0)))
(2.221875 ((-0.002427 0 -0.016145) (0 -24.84213 0)))
(2.223438 ((-0.002437 0 -0.015992) (0 -24.61018 0)))
(2.225000 ((-0.002447 0 -0.015838) (0 -24.37856 0)))
(2.226562 ((-0.002456 0 -0.015686) (0 -24.14729 0)))
(2.228125 ((-0.002464 0 -0.015533) (0 -23.91638 0)))
(2.229688 ((-0.002471 0 -0.015380) (0 -23.68585 0)))
(2.231250 ((-0.002478 0 -0.015228) (0 -23.45570 0)))
(2.232813 ((-0.002484 0 -0.015076) (0 -23.22596 0)))
(2.234375 ((-0.002490 0 -0.014924) (0 -22.99664 0)))
(2.235937 ((-0.002495 0 -0.014773) (0 -22.76775 0)))
(2.237500 ((-0.002500 0 -0.014621) (0 -22.53930 0)))
(2.239063 ((-0.002503 0 -0.014470) (0 -22.31132 0)))
(2.240625 ((-0.002507 0 -0.014320) (0 -22.08381 0)))
(2.242188 ((-0.002509 0 -0.014169) (0 -21.85679 0)))
(2.243750 ((-0.002511 0 -0.014019) (0 -21.63027 0)))
(2.245313 ((-0.002513 0 -0.013870) (0 -21.40426 0)))
(2.246875 ((-0.002514 0 -0.013720) (0 -21.17879 0)))
(2.248438 ((-0.002514 0 -0.013571) (0 -20.95386 0)))
(2.250000 ((-0.002514 0 -0.013423) (0 -20.72949 0)))
(2.251562 ((-0.002513 0 -0.013275) (0 -20.50569 0)))
(2.253125 ((-0.002511 0 -0.013127) (0 -20.28248 0)))
(2.254688 ((-0.002509 0 -0.012979) (0 -20.05986 0)))
(2.256250 ((-0.002506 0 -0.012832) (0 -19.83786 0)))
(2.257812 ((-0.002503 0 -0.012686) (0 -19.61649 0)))
(2.259375 ((-0.002500 0 -0.012539) (0 -19.39575 0)))
(2.260938 ((-0.002495 0 -0.012394) (0 -19.17568 0)))
(2.262500 ((-0.002490 0 -0.012248) (0 -18.95626 0)))
(2.264063 ((-0.002485 0 -0.012104) (0 -18.73753 0)))
(2.265625 ((-0.002479 0 -0.011959) (0 -18.51950 0)))
(2.267187 ((-0.002473 0 -0.011816) (0 -18.30217 0)))
(2.268750 ((-0.002466 0 -0.011672) (0 -18.08556 0)))
(2.270313 ((-0.002458 0 -0.011529) (0 -17.86969 0)))
(2.271875 ((-0.002450 0 -0.011387) (0 -17.65457 0)))
(2.273438 ((-0.002442 0 -0.011245) (0 -17.44021 0)))
(2.275000 ((-0.002433 0 -0.011104) (0 -17.22662 0)))
(2.276563 ((-0.002423 0 -0.010964) (0 -17.01382 0)))
(2.278125 ((-0.002413 0 -0.010824) (0 -16.80182 0)))
(2.279688 ((-0.002403 0 -0.010684) (0 -16.59064 0)))
(2.281250 ((-0.002392 0 -0.010545) (0 -16.38029 0)))
(2.282812 ((-0.002381 0 -0.010407) (0 -16.17077 0)))
(2.284375 ((-0.002369 0 -0.010269) (0 -15.96211 0)))
(2.285938 ((-0.002357 0 -0.010132) (0 -15.75431 0)))
(2.287500 ((-0.002344 0 -0.009996) (0 -15.54739 0)))
(2.289062 ((-0.002331 0 -0.009860) (0 -15.34136 0)))
(2.290625 ((-0.002317 0 -0.009725) (0 -15.13624 0)))
(2.292188 ((-0.002303 0 -0.009590) (0 -14.93203 0)))
(2.293750 ((-0.002289 0 -0.009456) (0 -14.72876 0)))
(2.295313 ((-0.002274 0 -0.009323) (0 -14.52642 0)))
(2.296875 ((-0.002259 0 -0.009190) (0 -14.32504 0)))
(2.298437 ((-0.002243 0 -0.009059) (0 -14.12463 0)))
(2.300000 ((-0.002227 0 -0.008927) (0 -13.92520 0)))
(2.301563 ((-0.002211 0 -0.008797) (0 -13.72675 0)))
(2.303125 ((-0.002194 0 -0.008667) (0 -13.52932 0)))
(2.304688 ((-0.002177 0 -0.008538) (0 -13.33289 0)))
(2.306250 ((-0.002160 0 -0.008410) (0 -13.13750 0)))
(2.307813 ((-0.002142 0 -0.008283) (0 -12.94314 0)))
(2.309375 ((-0.002124 0 -0.008156) (0 -12.74984 0)))
(2.310938 ((-0.002105 0 -0.008030) (0 -12.55760 0)))
(2.312500 ((-0.002087 0 -0.007905) (0 -12.36644 0)))
(2.314062 ((-0.002068 0 -0.007780) (0 -12.17637 0)))
(2.315625 ((-0.002048 0 -0.007657) (0 -11.98739 0)))
(2.317188 ((-0.002029 0 -0.007534) (0 -11.79953 0)))
(2.318750 ((-0.002009 0 -0.007412) (0 -11.61279 0)))
(2.320312 ((-0.001989 0 -0.007290) (0 -11.42718 0)))
(2.321875 ((-0.001968 0 -0.007170) (0 -11.24272 0)))
(2.323438 ((-0.001947 0 -0.007050) (0 -11.05942 0)))
(2.325000 ((-0.001926 0 -0.006931) (0 -10.87728 0)))
(2.326563 ((-0.001905 0 -0.006813) (0 -10.69632 0)))
(2.328125 ((-0.001884 0 -0.006696) (0 -10.51656 0)))
(2.329687 ((-0.001862 0 -0.006580) (0 -10.33799 0)))
(2.331250 ((-0.001840 0 -0.006465) (0 -10.16064 0)))
(2.332813 ((-0.001818 0 -0.006350) (0 -9.98452 0)))
(2.334375 ((-0.001796 0 -0.006236) (0 -9.80962 0)))
(2.335938 ((-0.001774 0 -0.006123) (0 -9.63598 0)))
(2.337500 ((-0.001751 0 -0.006012) (0 -9.46359 0)))
(2.339063 ((-0.001728 0 -0.005901) (0 -9.29246 0)))
(2.340625 ((-0.001705 0 -0.005790) (0 -9.12262 0)))
(2.342188 ((-0.001682 0 -0.005681) (0 -8.95406 0)))
(2.343750 ((-0.001659 0 -0.005573) (0 -8.78680 0)))
(2.345312 ((-0.001636 0 -0.005465) (0 -8.62084 0)))
(2.346875 ((-0.001612 0 -0.005359) (0 -8.45621 0)))
(2.348438 ((-0.001589 0 -0.005253) (0 -8.29291 0)))
(2.350000 ((-0.001565 0 -0.005149) (0 -8.13094 0)))
(2.351562 ((-0.001541 0 -0.005045) (0 -7.97032 0)))
(2.353125 ((-0.001517 0 -0.004942) (0 -7.81107 0)))
(2.354688 ((-0.001493 0 -0.004840) (0 -7.65318 0)))
(2.356250 ((-0.001469 0 -0.004740) (0 -7.49667 0)))
(2.357813 ((-0.001445 0 -0.004640) (0 -7.34155 0)))
(2.359375 ((-0.001421 0 -0.004541) (0 -7.18782 0)))
(2.360937 ((-0.001397 0 -0.004443) (0 -7.03550 0)))
(2.362500 ((-0.001373 0 -0.004346) (0 -6.88460 0)))
(2.364063 ((-0.001348 0 -0.004250) (0 -6.73513 0)))
(2.365625 ((-0.001324 0 -0.004155) (0 -6.58709 0)))
(2.367188 ((-0.001300 0 -0.004061) (0 -6.44049 0)))
(2.368750 ((-0.001276 0 -0.003968) (0 -6.29535 0)))
(2.370313 ((-0.001251 0 -0.003876) (0 -6.15167 0)))
(2.371875 ((-0.001227 0 -0.003785) (0 -6.00946 0)))
(2.373438 ((-0.001203 0 -0.003695) (0 -5.86873 0)))
(2.375000 ((-0.001179 0 -0.003606) (0 -5.72949 0)))
(2.376562 ((-0.001155 0 -0.003518) (0 -5.59175 0)))
(2.378125 ((-0.001131 0 -0.003431) (0 -5.45551 0)))
(2.379688 ((-0.001107 0 -0.003345) (0 -5.32078 0)))
(2.381250 ((-0.001083 0 -0.003260) (0 -5.18758 0)))
(2.382812 ((-0.001059 0 -0.003176) (0 -5.05591 0)))
(2.384375 ((-0.001035 0 -0.003093) (0 -4.92578 0)))
(2.385938 ((-0.001012 0 -0.003011) (0 -4.79719 0)))
(2.387500 ((-0.000988 0 -0.002930) (0 -4.67016 0)))
(2.389063 ((-0.000965 0 -0.002851) (0 -4.54469 0)))
(2.390625 ((-0.000942 0 -0.002772) (0 -4.42080 0)))
(2.392187 ((-0.000918 0 -0.002694) (0 -4.29847 0)))
(2.393750 ((-0.000895 0 -0.002618) (0 -4.17774 0)))
(2.395313 ((-0.000872 0 -0.002542) (0 -4.05860 0)))
(2.396875 ((-0.000850 0 -0.002468) (0 -3.94105 0)))
(2.398438 ((-0.000827 0 -0.002394) (0 -3.82512 0)))
(2.400000 ((-0.000805 0 -0.002322) (0 -3.71080 0)))
(2.401563 ((-0.000783 0 -0.002251) (0 -3.59810 0)))
(2.403125 ((-0.000761 0 -0.002181) (0 -3.48703 0)))
(2.404688 ((-0.000739 0 -0.002111) (0 -3.37760 0)))
(2.406250 ((-0.000717 0 -0.002043) (0 -3.26980 0)))
(2.407813 ((-0.000696 0 -0.001976) (0 -3.16366 0)))
(2.409375 ((-0.000674 0 -0.001911) (0 -3.05917 0)))
(2.410938 ((-0.000653 0 -0.001846) (0 -2.95635 0)))
(2.412500 ((-0.000633 0 -0.001782) (0 -2.85519 0)))
(2.414062 ((-0.000612 0 -0.001719) (0 -2.75570 0)))
(2.415625 ((-0.000592 0 -0.001658) (0 -2.65790 0)))
(2.417188 ((-0.000572 0 -0.001598) (0 -2.56179 0)))
(2.418750 ((-0.000552 0 -0.001538) (0 -2.46736 0)))
(2.420313 ((-0.000532 0 -0.001480) (0 -2.37464 0)))
(2.421875 ((-0.000513 0 -0.001423) (0 -2.28361 0)))
(2.423438 ((-0.000494 0 -0.001367) (0 -2.19430 0)))
(2.425000 ((-0.000475 0 -0.001312) (0 -2.10671 0)))
(2.426563 ((-0.000457 0 -0.001258) (0 -2.02083 0)))
(2.428125 ((-0.000439 0 -0.001205) (0 -1.93668 0)))
(2.429688 ((-0.000421 0 -0.001154) (0 -1.85426 0)))
(2.431250 ((-0.000403 0 -0.001103) (0 -1.77358 0)))
(2.432813 ((-0.000386 0 -0.001054) (0 -1.69464 0)))
(2.434375 ((-0.000369 0 -0.001006) (0 -1.61744 0)))
(2.435938 ((-0.000353 0 -0.000959) (0 -1.54199 0)))
(2.437500 ((-0.000336 0 -0.000913) (0 -1.46830 0)))
(2.439063 ((-0.000320 0 -0.000868) (0 -1.39637 0)))
(2.440625 ((-0.000305 0 -0.000824) (0 -1.32621 0)))
(2.442188 ((-0.000290 0 -0.000781) (0 -1.25781 0)))
(2.443750 ((-0.000275 0 -0.000740) (0 -1.19119 0)))
(2.445312 ((-0.000260 0 -0.000699) (0 -1.12634 0)))
(2.446875 ((-0.000246 0 -0.000660) (0 -1.06328 0)))
(2.448438 ((-0.000232 0 -0.000622) (0 -1.00200 0)))
(2.450000 ((-0.000219 0 -0.000585) (0 -0.94251 0)))
(2.451563 ((-0.000206 0 -0.000549) (0 -0.88481 0)))
(2.453125 ((-0.000193 0 -0.000514) (0 -0.82890 0)))
(2.454688 ((-0.000180 0 -0.000480) (0 -0.77480 0)))
(2.456250 ((-0.000168 0 -0.000448) (0 -0.72250 0)))
(2.457813 ((-0.000157 0 -0.000417) (0 -0.67200 0)))
(2.459375 ((-0.000146 0 -0.000386) (0 -0.62332 0)))
(2.460938 ((-0.000135 0 -0.000357) (0 -0.57644 0)))
(2.462500 ((-0.000124 0 -0.000329) (0 -0.53138 0)))
(2.464063 ((-0.000114 0 -0.000302) (0 -0.48814 0)))
(2.465625 ((-0.000105 0 -0.000277) (0 -0.44672 0)))
(2.467188 ((-0.000096 0 -0.000252) (0 -0.40712 0)))
(2.468750 ((-0.000087 0 -0.000229) (0 -0.36935 0)))
(2.470313 ((-0.000078 0 -0.000206) (0 -0.33341 0)))
(2.471875 ((-0.000070 0 -0.000185) (0 -0.29929 0)))
(2.473438 ((-0.000063 0 -0.000165) (0 -0.26701 0)))
(2.475000 ((-0.000056 0 -0.000146) (0 -0.23656 0)))
(2.476562 ((-0.000049 0 -0.000129) (0 -0.20795 0)))
(2.478125 ((-0.000043 0 -0.000112) (0 -0.18117 0)))
(2.479688 ((-0.000037 0 -0.000097) (0 -0.15624 0)))
(2.481250 ((-0.000031 0 -0.000082) (0 -0.13314 0)))
(2.482813 ((-0.000026 0 -0.000069) (0 -0.11189 0)))
(2.484375 ((-0.000022 0 -0.000057) (0 -0.09248 0)))
(2.485938 ((-0.000018 0 -0.000046) (0 -0.07492 0)))
(2.487500 ((-0.000014 0 -0.000037) (0 -0.05920 0)))
(2.489063 ((-0.000011 0 -0.000028) (0 -0.04533 0)))
(2.490625 ((-0.000008 0 -0.000021) (0 -0.03330 0)))
(2.492188 ((-0.000005 0 -0.000014) (0 -0.02313 0)))
(2.493750 ((-0.000004 0 -0.000009) (0 -0.01480 0)))
(2.495313 ((-0.000002 0 -0.000005) (0 -0.00833 0)))
(2.496875 ((-0.000001 0 -0.000002) (0 -0.00370 0)))
(2.498438 ((-0.000000 0 -0.000001) (0 -0.00093 0)))
(2.500000 ((0.000000 0 0.000000) (0 -0.00000 0)))
)
